-1.000000000000000000e+01 0.000000000000000000e+00
1.042729988175921330e+00 8.005509908203677083e-02
1.018289281030033244e+00 2.382888735751829690e-01
9.699807361987742294e-01 3.909373588360106622e-01
8.989366650285646188e-01 5.344226037488626346e-01
8.068222803334720306e-01 6.653814357854357375e-01
6.957966652182171474e-01 7.807442909183518465e-01
5.684621660001537569e-01 8.778071616003172428e-01
4.278033954172364983e-01 9.542949764092207854e-01
2.771172758350832210e-01 1.008414925794007821e+00
1.199357621810672042e-01 1.038898484011040457e+00
-4.005694408563485742e-02 1.045031142292377924e+00
-1.991107495336611188e-01 1.026669156325705545e+00
-3.534975677710639475e-01 9.842429154991839679e-01
-4.995987026305581113e-01 9.187468549389733452e-01
-6.339896673406167915e-01 8.317161467927182139e-01
-7.535204515929354585e-01 7.251907170955584903e-01
-8.553893551142350837e-01 6.016674316328287642e-01
-9.372086571460551685e-01 4.640415715222934168e-01
-9.970605825955947132e-01 3.155389702786732253e-01
-1.033542253058455485e+00 1.596404030101505889e-01
-1.045798569099418707e+00 1.288213174475112960e-15
-1.033542253058456151e+00 -1.596404030101480631e-01
-9.970605825955952684e-01 -3.155389702786707273e-01
-9.372086571460562787e-01 -4.640415715222910853e-01
-8.553893551142366380e-01 -6.016674316328267658e-01
-7.535204515929371238e-01 -7.251907170955566029e-01
-6.339896673406184568e-01 -8.317161467927165486e-01
-4.995987026305597767e-01 -9.187468549389724570e-01
-3.534975677710653352e-01 -9.842429154991834128e-01
-1.991107495336620348e-01 -1.026669156325705101e+00
-4.005694408563534314e-02 -1.045031142292377924e+00
1.199357621810671903e-01 -1.038898484011040457e+00
2.771172758350837206e-01 -1.008414925794007599e+00
4.278033954172373310e-01 -9.542949764092205633e-01
5.684621660001548671e-01 -8.778071616003165767e-01
6.957966652182182576e-01 -7.807442909183508473e-01
8.068222803334732518e-01 -6.653814357854342942e-01
8.989366650285658400e-01 -5.344226037488606362e-01
9.699807361987752286e-01 -3.909373588360082197e-01
1.018289281030033910e+00 -2.382888735751800546e-01
1.042729988175921774e+00 -8.005509908203524427e-02
1.033432795516065150e+00 2.512987231666046206e-01
1.043432377547805601e+00 2.365132616792954279e-01
9.513920723332150997e-01 4.123742470583279252e-01
9.780694269109003747e-01 3.837229660743566861e-01
9.535697429497606015e-01 3.614680813979830321e-01
9.395953553924947244e-01 5.332492155566753711e-01
8.720028736996804364e-01 5.161098084705029176e-01
9.282812991625060128e-01 5.692293869744091683e-01
8.905142618327039905e-01 5.553461669866649464e-01
9.288653129647871376e-01 5.269620098299688804e-01
8.846051399524326175e-01 5.436906546335074086e-01
8.635104490096601193e-01 5.582566478994284154e-01
9.061832408054101284e-01 5.453404813662117157e-01
8.665030021430810692e-01 5.338354602172247221e-01
8.025849671037895705e-01 6.655977345827740477e-01
8.334923577275126227e-01 6.747367318078789644e-01
8.372125851629628190e-01 6.666856363331076230e-01
8.256229248581157254e-01 6.462393501521266348e-01
8.145869663679038419e-01 6.984681084403397966e-01
8.213721551597934489e-01 6.837639291443772249e-01
7.925941269931704447e-01 6.496878380075433723e-01
7.614028915243470363e-01 6.554998306310280132e-01
7.904554881011045531e-01 6.628847804545077160e-01
8.092183377748403128e-01 6.448081645724557109e-01
7.777139900713776477e-01 6.783491972770433476e-01
6.956236525877061982e-01 7.922054787286556543e-01
7.313102585010253787e-01 7.933143222040488496e-01
7.261933555376568483e-01 7.887054694054697057e-01
6.698313358246537064e-01 7.736185425237892543e-01
7.096207841304363884e-01 8.061580689335337002e-01
7.099706203655741232e-01 7.820466554695263417e-01
7.063224080953507400e-01 8.085106126980370345e-01
6.963574218532145865e-01 7.828825110826885814e-01
7.073975813557985548e-01 7.858058462770978192e-01
6.879002404817289307e-01 7.893691758320243723e-01
6.920110000279496854e-01 7.968750040481239472e-01
7.179935456369064273e-01 7.636685326042244037e-01
6.775251440723412122e-01 8.469979440942025928e-01
5.854397491582619129e-01 8.723055647134208002e-01
5.616747066529468313e-01 8.890541031273442307e-01
5.808443993572592889e-01 8.962452145336257114e-01
5.527684146582247937e-01 8.760075023265539995e-01
5.530739941883376920e-01 8.712255605179476392e-01
5.485034868631095684e-01 8.589420603474591243e-01
5.892369442044649297e-01 8.856165085903419110e-01
5.643450896435835418e-01 8.993006912942950182e-01
6.117078935818766050e-01 9.019398530484391552e-01
5.622363917368813357e-01 8.775100428329501989e-01
5.468853784046926458e-01 9.174369160079696162e-01
5.890389195058864935e-01 9.029989735005413687e-01
5.611828830240783716e-01 8.922344762746651226e-01
6.027371606248308478e-01 8.390506389624148298e-01
5.511020237379520292e-01 8.792008935245247958e-01
4.298068052784874693e-01 9.437512879988959602e-01
4.152073276962487403e-01 9.949094420652979665e-01
3.970078199722931189e-01 9.543532241683887474e-01
4.322885346613627444e-01 9.877926731888240219e-01
4.118527246070781689e-01 9.553391734957794590e-01
4.114577343690317690e-01 9.200542462649777820e-01
4.093299101029223563e-01 9.419588858911012164e-01
4.371334642807246373e-01 9.531877462142384072e-01
4.626595900023516839e-01 9.568052951029336617e-01
4.552657515022496826e-01 9.378200456452384648e-01
4.057829759386676338e-01 9.623971069903300979e-01
4.506052625061517380e-01 9.514684920299059101e-01
4.303110738004710667e-01 9.486033125271569055e-01
4.078452824665318444e-01 9.468603044286953985e-01
4.875682326372871023e-01 9.308859883405200542e-01
3.963372435946909689e-01 9.593292756590588999e-01
2.678324149650807007e-01 1.020720731169325379e+00
2.704060938192139885e-01 1.026130455989736623e+00
2.847260430950343535e-01 9.856456393412608152e-01
2.810364925993635854e-01 1.004083906731541909e+00
2.828245643335771109e-01 1.004788280224387265e+00
2.244914340931569441e-01 9.754299900198497575e-01
2.384059811575303389e-01 1.026739473897509525e+00
3.133277938132258966e-01 1.008466775703340534e+00
3.044379305335599972e-01 9.985108959387593019e-01
2.985946254351496965e-01 1.008444947681520931e+00
2.958274309761044774e-01 9.790501234847945877e-01
2.702564673050676936e-01 1.014416479891812495e+00
3.023889789430531660e-01 9.940888886335886854e-01
2.828852539491362172e-01 9.696842168923709426e-01
2.751561992792740385e-01 1.022895856097648659e+00
2.772982582458923817e-01 1.015225715857898114e+00
2.867676403813980146e-01 9.939691217258800338e-01
2.224382176703599001e-01 1.039387498961856782e+00
1.575702766313873404e-01 1.040466281703420259e+00
8.090654658396567722e-02 1.029699135404452681e+00
1.244420006844577375e-01 1.062354113814224066e+00
1.191189409330573046e-01 1.032063231040581286e+00
1.181341868005676976e-01 1.071199176528315089e+00
1.012060576202814255e-01 1.043315714036856079e+00
1.124521354382652799e-01 1.021301200334062464e+00
1.176085274901251532e-01 1.051337409521028388e+00
8.855246294930843587e-02 1.044926365882552277e+00
1.041361839159979513e-01 1.067155335573010566e+00
9.933922958693533478e-02 1.089114246639783179e+00
1.312605501063172919e-01 1.004416622194807207e+00
8.449946330545990425e-02 1.038554527699327990e+00
1.203862332782806299e-01 1.029876318463313511e+00
1.177792338153034191e-01 9.993559811488329503e-01
1.156810472933119949e-01 1.037149994679530618e+00
1.114202582080959097e-01 1.045528798316210928e+00
1.119650184624954997e-01 1.027766224836494491e+00
-5.012806701200197418e-02 1.053333182485733266e+00
-4.305196551349086548e-02 1.043828936206873337e+00
-4.029456024048195389e-02 1.093281763677102836e+00
-3.022247550530133067e-02 1.012086970676913111e+00
-2.242197609998056174e-02 1.057797464162194334e+00
-4.846811632369000394e-02 1.036638096239851148e+00
-4.869277877353928724e-02 1.032872406755259265e+00
-2.579955544498400630e-02 1.017500556128456024e+00
-1.644541576505876082e-02 1.041891882408279013e+00
-4.273676988448308484e-02 1.048343715287692435e+00
-2.409178257691891450e-02 1.059777783429599607e+00
-4.197917151623462712e-02 1.031488225613031995e+00
-4.148761150295517813e-02 1.036855641790500604e+00
-5.683863272580298026e-02 1.068739925488434439e+00
-2.411435298313401379e-02 1.064227836138160521e+00
-5.927018027924309262e-02 1.035862216570990091e+00
-5.364534609915110053e-02 1.057699254580405590e+00
-7.605213863169070498e-03 1.041419905449042060e+00
-5.195762629131777527e-02 1.031812763987110637e+00
-2.361861500381624845e-01 1.012378307650217080e+00
-2.080095802621702572e-01 1.016056287789012691e+00
-1.706439083986500682e-01 1.006997248006271883e+00
-2.146823263836543094e-01 1.034461255812172187e+00
-1.704308162539407978e-01 1.022392303462531737e+00
-1.806020138004696407e-01 1.019415230956593588e+00
-1.988059604780830214e-01 1.029972249537530748e+00
-2.162082296317937025e-01 1.021848020408368418e+00
-2.012622714117120737e-01 1.044294555806684732e+00
-2.279019298075835032e-01 1.012383225525961494e+00
-2.188935661779284614e-01 1.043181573463967338e+00
-1.529077907024836147e-01 1.041220837089445794e+00
-2.019225129491186155e-01 1.014036246533053909e+00
-1.954919602332141071e-01 1.048843214548869973e+00
-1.888489398963352495e-01 1.016289163506742366e+00
-2.156256199934349915e-01 1.044505315268099643e+00
-2.180678033055641341e-01 1.022280332493152422e+00
-2.137803005909677256e-01 9.958391426202813923e-01
-2.008775624330054466e-01 1.016016599344872873e+00
-3.484612378104145480e-01 9.636985380021459990e-01
-3.422316083604699521e-01 9.624608819194135911e-01
-3.633845387774818358e-01 1.003022096215677506e+00
-3.354030982973965624e-01 9.710272053245367907e-01
-3.519785593895495834e-01 9.930588622284404199e-01
-3.294008427696580865e-01 9.901779251663885839e-01
-3.603190218751295970e-01 1.004953094806153580e+00
-3.675717272764714161e-01 1.002845418836630254e+00
-3.536328637737254921e-01 9.737731581226569677e-01
-3.727332394062446430e-01 9.583539588457519187e-01
-3.924669611552685788e-01 9.894324776404292976e-01
-3.302083287955852042e-01 9.487546067311058984e-01
-3.287211713582718908e-01 1.009195900457466877e+00
-3.453801459244560945e-01 9.859006957117272263e-01
-3.023749575749146157e-01 9.948320931436475112e-01
-3.732482361560205963e-01 1.000595651389777352e+00
-3.417791166883403231e-01 9.606616894370950677e-01
-3.387935235450388882e-01 9.872277010859692448e-01
-4.741757291166370791e-01 9.130926590848092994e-01
-4.941406773523068785e-01 8.835405780358301930e-01
-4.688452295844962592e-01 9.029244601174707396e-01
-4.855879844381855159e-01 9.268381607659755828e-01
-5.105911912900782390e-01 9.135580968691301429e-01
-4.789058726126028120e-01 9.237575933331410027e-01
-4.989132343986272811e-01 9.184464258095144107e-01
-4.941270990964379828e-01 8.948856047834277128e-01
-5.354205651802204091e-01 9.349878031403987544e-01
-5.131145584143397276e-01 8.929323997321891859e-01
-5.017241817454445307e-01 9.318024281770685979e-01
-5.071935550256849723e-01 9.190617209730578274e-01
-5.002433040163016820e-01 9.279491331543371357e-01
-5.020403036227072402e-01 9.291673259131958407e-01
-4.911201752758577732e-01 9.133717992400325336e-01
-4.886603757919231739e-01 8.993116977717855454e-01
-4.962175541190890216e-01 9.140066311172631019e-01
-6.165926702441056895e-01 8.398496873269334362e-01
-6.174809248901951264e-01 8.310113842486714919e-01
-6.288425247133242468e-01 8.121437635337616090e-01
-6.131630932522198485e-01 7.984350247806409895e-01
-6.528315702034889201e-01 8.306995048850228658e-01
-6.181594418184855888e-01 8.368173381816769174e-01
-6.281124271267918280e-01 8.694386528064698139e-01
-6.096166786597962961e-01 8.445101662080055638e-01
-6.279567515497013197e-01 8.328000317607083813e-01
-6.307139805420884926e-01 8.105553171829620318e-01
-6.453532039354333838e-01 8.324488053522558495e-01
-6.369971803789694631e-01 8.454297783359232543e-01
-6.464355740906240211e-01 8.687214928936309866e-01
-6.666735175027684868e-01 8.353081073299716275e-01
-6.450368152302218272e-01 8.750371767733552408e-01
-6.586738844055655129e-01 8.099082178411203259e-01
-7.845548699092972367e-01 7.239772147572931527e-01
-7.409043083472892643e-01 7.123364026903546975e-01
-7.716756301926496198e-01 7.385742955269133381e-01
-7.581806182431624075e-01 6.991617563751594266e-01
-7.325575042358446476e-01 7.381839787306584411e-01
-7.643728565455514268e-01 7.513867148867509060e-01
-7.266283145894865125e-01 7.359632007106789997e-01
-7.816996431817712088e-01 7.168201207243297679e-01
-7.496117362655205785e-01 7.011081515664128183e-01
-7.873499683759236367e-01 7.075359808168224518e-01
-7.647100043488744836e-01 7.527229690557698527e-01
-7.148193413392730511e-01 7.321580995124050695e-01
-7.572833244388449403e-01 7.203873721609609371e-01
-7.457434871078684191e-01 7.025914030965741963e-01
-8.768670077389990603e-01 5.778405799832123657e-01
-8.666469004781484076e-01 6.002695472041781333e-01
-8.698305585103978110e-01 5.940967426870208401e-01
-8.467888835648291757e-01 6.365604291031208284e-01
-8.290665662116155632e-01 6.088589208156983679e-01
-8.587954844608457483e-01 5.638348142997235968e-01
-8.638231790386415865e-01 5.590348931949401523e-01
-8.297884410405779176e-01 6.138196654077656689e-01
-8.231010028081268137e-01 6.265869525460237011e-01
-8.604240782587383451e-01 6.222657086037164387e-01
-8.855689531824461058e-01 5.941961164503620774e-01
-8.765943769489283888e-01 5.912096535588794444e-01
-9.273270553395513982e-01 4.774700422126207378e-01
-9.367900613053744552e-01 4.739231151001888076e-01
-9.778685401828531853e-01 4.442158508581821597e-01
-9.506269253275185793e-01 4.545076190869093979e-01
-9.388029035113627518e-01 4.011721962050723289e-01
-9.141361597086369306e-01 4.391549195258768190e-01
-9.683527099124759063e-01 4.912243797328744721e-01
-9.237404300912541721e-01 5.104931373299785857e-01
-9.153482746058448916e-01 4.533105712186470959e-01
-9.853749621842986528e-01 3.428856427762172476e-01
-9.702735609056124533e-01 3.681535792651202676e-01
-1.017056131766422178e+00 3.416834670770650395e-01
-9.867556003111234153e-01 3.417241220142005487e-01
-1.003477644483364850e+00 2.986648428538682953e-01
-1.007219049301280700e+00 3.265884471888084728e-01
-1.045925259752576553e+00 1.720828244756182623e-01
-1.032495706300856630e+00 1.414519229373701337e-01
-1.028329167121465604e+00 1.615591791022611412e-01
-1.031056709351551470e+00 -1.509900791316141633e-01
-1.025146124875495168e+00 -1.601610350556236517e-01
-1.011224757368369254e+00 -1.981258331342193868e-01
-9.894814315764737245e-01 -3.205794723181337180e-01
-9.856309069584876514e-01 -3.186119051064427721e-01
-1.005147181411150781e+00 -3.522655599315641095e-01
-9.904606594642961781e-01 -3.212580118390808148e-01
-1.037518903958511540e+00 -3.192279559052496607e-01
-9.804258441337202479e-01 -3.094198993121909380e-01
-9.501603370666060755e-01 -4.426121655422281531e-01
-9.565113468252656181e-01 -5.009647665428044183e-01
-8.998215027055683768e-01 -4.929330303041936090e-01
-9.594077293810651108e-01 -4.774937539457026481e-01
-9.894952195826278718e-01 -4.670349399639838750e-01
-9.375659234130773179e-01 -5.214014004176367179e-01
-9.192028697068136411e-01 -4.380170529161587778e-01
-9.422351723824797798e-01 -4.462164718418084597e-01
-9.472883759057997288e-01 -4.649790096987019283e-01
-8.290618005857552930e-01 -6.325061554980646594e-01
-8.736418344918959189e-01 -5.620641613004144777e-01
-8.584602736043770443e-01 -6.012191061672119696e-01
-8.518675515994316161e-01 -6.120244606114243480e-01
-8.264313123671631622e-01 -6.095442421718465509e-01
-8.656856549713618509e-01 -5.800158946729137011e-01
-8.692557938862803812e-01 -6.100291024109928406e-01
-8.584295677903435173e-01 -6.041722719386232177e-01
-8.163616232194915723e-01 -5.911191139680890272e-01
-8.438377911182602942e-01 -6.299005322045793109e-01
-8.474536116787868556e-01 -5.805074592456511695e-01
-8.830985823682324654e-01 -5.674958610405649306e-01
-7.166593105239805750e-01 -7.281080751858370892e-01
-7.622127578668241865e-01 -7.229947201678339486e-01
-7.526524372628053960e-01 -7.141445341873462471e-01
-7.915802231500929098e-01 -7.496375723681265590e-01
-7.904059943630311613e-01 -7.405173428319929974e-01
-7.912456445250708459e-01 -7.112834651794474050e-01
-7.656375695029949968e-01 -7.338067046500380552e-01
-7.525019003861870281e-01 -7.615861611911223239e-01
-7.880652530806029343e-01 -7.350185553231172175e-01
-7.416211389219928840e-01 -7.444960530880432303e-01
-7.445786562587739521e-01 -7.163051852167188205e-01
-7.585239690546842217e-01 -7.534120768758657549e-01
-7.356282705197892957e-01 -7.254985877182503762e-01
-7.745511993406302143e-01 -7.339686701746480635e-01
-6.571919259010047254e-01 -8.735107897157678991e-01
-6.259437341075756445e-01 -8.084679384176242101e-01
-6.440798933412321681e-01 -8.036521385416234287e-01
-6.385016034567790877e-01 -8.333973120302047288e-01
-6.338624317748878800e-01 -8.230891117477019403e-01
-6.306011871237242605e-01 -8.467031085092342479e-01
-6.209712780670421095e-01 -8.328334741341398839e-01
-6.447796144168284060e-01 -8.209881916672971958e-01
-6.296333872789620090e-01 -8.215170696322008359e-01
-6.086320860420910694e-01 -8.436734284344969970e-01
-6.376041872095808971e-01 -8.448079037930010804e-01
-6.477131024778405299e-01 -8.288011572524952575e-01
-6.355147131102736324e-01 -8.208288850556610949e-01
-6.281706196635893358e-01 -8.129087521138564920e-01
-6.668947646981944199e-01 -8.367484585295194011e-01
-6.276229559075102715e-01 -8.087097911202293377e-01
-4.941972437913470517e-01 -9.221812577683531353e-01
-5.156490996089455603e-01 -9.102188519027256675e-01
-4.993227241534102800e-01 -9.151628331306349562e-01
-4.746991145409183432e-01 -9.279642863314404577e-01
-5.091652506027932734e-01 -9.148894554698036030e-01
-4.655721512826511144e-01 -9.177627845699972697e-01
-5.379484521137969377e-01 -9.070998803692588153e-01
-4.927067498866335438e-01 -9.308302366557387186e-01
-5.023415377422637551e-01 -9.339102593606907199e-01
-5.035146445037207430e-01 -9.112471994102453454e-01
-5.145679055810590263e-01 -9.349496895263746943e-01
-4.804008717548928220e-01 -8.982061088023205464e-01
-5.086587905771501328e-01 -9.319223005978790608e-01
-5.044342267490748988e-01 -9.634137690022255285e-01
-4.695667225691081970e-01 -9.373846285769176223e-01
-5.668240214832844792e-01 -9.283805674854493928e-01
-5.244508974030736015e-01 -8.975289313432550653e-01
-3.507329345817946087e-01 -9.707065125735789834e-01
-3.384946554829194598e-01 -9.509755187372672669e-01
-3.701517355183553959e-01 -9.720380857720700707e-01
-3.428399110577581288e-01 -1.012345723815451404e+00
-3.951667592327904877e-01 -9.581750932832060474e-01
-3.764524654339019283e-01 -9.711992004244723864e-01
-3.771982170106876198e-01 -1.000887262282101675e+00
-3.601508095044727020e-01 -1.000151107064554790e+00
-3.483553187810031204e-01 -9.862376061748845402e-01
-3.611359885659243263e-01 -9.716398382213204954e-01
-3.654603472026454192e-01 -9.610465779557136878e-01
-3.523595928036984404e-01 -9.655729517824676034e-01
-3.183079111177953280e-01 -9.756734068134249593e-01
-3.612369597580840641e-01 -9.881234252530854967e-01
-3.596204488558139567e-01 -9.642699475733497172e-01
-3.337799311539824121e-01 -9.996219771384716735e-01
-3.291661057685352776e-01 -9.889611828543699579e-01
-3.454445892174388133e-01 -9.914493787417365533e-01
-2.322908529191688443e-01 -1.064528497286383768e+00
-2.250835040425094302e-01 -1.023051518845164543e+00
-1.853734736676176942e-01 -1.041267132644424276e+00
-2.214234264369386862e-01 -1.028805641088692546e+00
-1.855147246542090123e-01 -1.043558434256682377e+00
-2.315771509562921937e-01 -1.058036186431885683e+00
-2.031840289439063307e-01 -1.006689230558194481e+00
-2.267789871009803226e-01 -1.045012874120406998e+00
-1.707756983127146910e-01 -9.957393585997660335e-01
-2.283463131071450380e-01 -1.015075116560292257e+00
-1.956698360698038153e-01 -1.040904739942594359e+00
-2.304296957823345482e-01 -1.044188279645146267e+00
-2.204797649232394796e-01 -1.052916505828552785e+00
-1.565970092111751144e-01 -9.936801779255388656e-01
-1.971186829933191109e-01 -1.029074590989977889e+00
-1.870522479709118557e-01 -1.050375559708545570e+00
-2.179381824630907960e-01 -9.939138305096014703e-01
-1.807740017101493457e-01 -1.043092670861310856e+00
-2.293918903789327612e-01 -1.034798782550023111e+00
-2.167785908248119273e-02 -1.038411004153066530e+00
-5.601463716014051103e-02 -1.050535482486587346e+00
-5.432063006659058196e-02 -1.064761795863689020e+00
-4.195567393996706140e-02 -1.063932662005447227e+00
-1.633414887248065689e-02 -1.025266777335825497e+00
-6.065205336401330305e-02 -1.019020044660991164e+00
-3.955379072696074000e-02 -1.020717448462384436e+00
-4.908767979300066031e-02 -1.025903948530963339e+00
-3.855077332625166803e-02 -1.045726174967852362e+00
-4.540288236899755331e-02 -1.046592900518264146e+00
-5.043548944923799404e-02 -1.040155147111208267e+00
-2.687202827155853180e-02 -1.033658196026671527e+00
-5.469633827831917039e-02 -1.054933722103535088e+00
-4.410490145931438705e-02 -1.048360543164605918e+00
-3.127857909380858670e-02 -1.041313995889833866e+00
-5.212428002230330010e-02 -1.044026026360517001e+00
-5.771604529624636826e-02 -1.051856959270742964e+00
-4.337587231752582789e-02 -1.036310707568357747e+00
-4.721494707871623508e-02 -1.082544411597826661e+00
1.136035746357583059e-01 -1.019999812251237925e+00
9.735958585635991203e-02 -1.032726237650048562e+00
1.008912653801470188e-01 -1.005774404127411481e+00
1.699260273173672786e-01 -1.042260907750645060e+00
1.307417242617619491e-01 -1.050823134453687802e+00
1.534053690482846399e-01 -1.039834516580741886e+00
1.198809947416172861e-01 -1.073474083795027623e+00
1.316220714079157084e-01 -1.028708192508497321e+00
1.052281703934078716e-01 -1.066551193596261937e+00
1.470368077477934021e-01 -1.035225499347892653e+00
1.045023807909392227e-01 -1.075160297405115317e+00
1.021429957690602464e-01 -1.037503554240862158e+00
1.550395180998058176e-01 -1.024765079300113291e+00
8.810944286360869460e-02 -1.018632445080799531e+00
1.279388382241896660e-01 -1.021547427882573578e+00
1.159545688961818866e-01 -1.020870197822230763e+00
1.520331835074639482e-01 -1.027017618695525769e+00
1.206114178829549438e-01 -1.044287406365882687e+00
2.626992064375107683e-01 -1.033042795373367406e+00
2.632979708674176300e-01 -9.851492278505753486e-01
2.918001528087745267e-01 -9.869003220014449518e-01
2.834770416013526195e-01 -1.005699181031985967e+00
2.677277892714637342e-01 -1.013314451855235498e+00
2.793294369070096206e-01 -9.866322454638045691e-01
2.721326172912845176e-01 -1.030702467357377250e+00
2.944139789246362215e-01 -1.011012396153584625e+00
2.702427092082091420e-01 -1.047651541361266814e+00
2.240244039935452292e-01 -1.035620063010960212e+00
2.608668545826770546e-01 -1.032271578977234983e+00
2.881022470251352052e-01 -1.047378067369812982e+00
2.770842183405171633e-01 -1.022753058995475195e+00
2.655916678503955630e-01 -1.021241432946258465e+00
2.966234004182611850e-01 -9.951098493531266298e-01
2.974727208175222404e-01 -1.006949397804796087e+00
2.835040925294241565e-01 -9.932797622988918107e-01
2.532879869357930191e-01 -1.029331181405293005e+00
4.379360598890406076e-01 -9.166254844545262959e-01
4.424699747722503629e-01 -9.541248806772000268e-01
4.028591771279667055e-01 -9.599979208434781253e-01
4.755259938097252670e-01 -9.437854413536097553e-01
4.317638359140612003e-01 -9.601986527442756270e-01
4.461655641801230421e-01 -9.431436306217482191e-01
4.233890127796540725e-01 -9.554751381670060217e-01
3.903117774797735251e-01 -9.563244787167352046e-01
4.009992533484290633e-01 -9.197863317055338106e-01
4.347596023547821709e-01 -9.435379723796031293e-01
4.374298449554576140e-01 -9.294851114752185062e-01
4.716883277396333174e-01 -9.722809927462630064e-01
3.933373936030000184e-01 -9.699968155925517976e-01
4.249221084566407458e-01 -9.491584265926320541e-01
4.181803727478594634e-01 -9.429744671447143345e-01
4.566607743716458723e-01 -9.418133239630702702e-01
5.795933923897405027e-01 -9.170679069758056468e-01
5.517359709094687981e-01 -8.874161364188767331e-01
5.571367084789585755e-01 -8.695572036424016327e-01
5.304516736837925350e-01 -8.933616594491518015e-01
5.669134073464928703e-01 -8.926632499575204438e-01
5.761115924041191327e-01 -8.985531751721843596e-01
5.861522217912070731e-01 -8.766012854129509035e-01
5.540439812183050039e-01 -8.584977002485055797e-01
5.584768461438758269e-01 -8.854111418963100943e-01
5.571013478482615966e-01 -9.266351946882220858e-01
5.679788857171588212e-01 -8.749852260540103011e-01
5.646106213673304230e-01 -8.667074412397709482e-01
5.767787445716980876e-01 -8.856822323982743717e-01
5.709754664097580479e-01 -8.643952893571142937e-01
5.491867215615771070e-01 -8.928973466999535757e-01
7.135485716146890978e-01 -8.023734671280156050e-01
6.525541853907778078e-01 -7.584977607058002169e-01
6.861861292192615869e-01 -7.684602994610243432e-01
6.867284338143568867e-01 -7.959696428829186043e-01
7.163137812059647835e-01 -7.857068224232874876e-01
7.105502511748746919e-01 -7.605294915560686375e-01
7.300000844179609372e-01 -7.388494436366347395e-01
6.856303050554081180e-01 -7.372521992255774981e-01
6.629273471443521970e-01 -7.842782793614672121e-01
6.911312221648360232e-01 -7.897897501742388027e-01
7.331980139986050693e-01 -7.646328859503638276e-01
7.216129189667254140e-01 -8.086070041266877340e-01
6.876287793681233884e-01 -7.781527135090741121e-01
8.341551861125738876e-01 -6.772312898312184970e-01
8.352685814443270296e-01 -6.352460102086283644e-01
8.570605580675046964e-01 -6.799113884504895955e-01
7.969564872260866961e-01 -6.362385898538427398e-01
7.959759118592643068e-01 -6.476147797915551285e-01
8.140424716177857567e-01 -6.690297821958157698e-01
7.950903953969191695e-01 -6.614509637420319388e-01
7.776794682714036622e-01 -7.032735317717486723e-01
8.117779824000976863e-01 -6.699992416780313764e-01
8.038562487645430910e-01 -6.560446115146832957e-01
8.116875693389149493e-01 -6.503123268513772981e-01
9.111750788515190491e-01 -5.139370575398840568e-01
8.866387161633727532e-01 -5.429266132332173367e-01
9.074312646970895679e-01 -5.580258094256199675e-01
9.112182496495411232e-01 -5.369247004828494596e-01
8.932002526127300612e-01 -5.312111402999722953e-01
9.059512846648564155e-01 -5.578981712908608337e-01
8.897493418865151105e-01 -5.395784244258206019e-01
9.036105574367873094e-01 -5.138322628135094661e-01
8.564620780477760764e-01 -5.466458330856869274e-01
9.683415253730938144e-01 -4.223528059268347734e-01
9.622638211706541211e-01 -3.825066443362077351e-01
9.442415471955210027e-01 -3.849655385699946586e-01
1.041180718900705404e+00 -2.257590898492440878e-01
9.717275891026797563e-01 -2.407775799974425923e-01
