-1.000000000000000000e+01 0.000000000000000000e+00
1.048999045006163477e+00 7.148539651235662207e-02
1.028792197657786067e+00 2.156624663733511249e-01
9.885971488383239469e-01 3.504593236989551608e-01
9.219797759946342097e-01 4.885783385110214483e-01
8.483420831222142633e-01 6.164208158019053307e-01
7.468866029773144621e-01 7.392084139817861610e-01
6.338648546036267373e-01 8.339592810704836712e-01
5.141485119155301264e-01 9.123273503677185037e-01
3.808953311496158789e-01 9.822765529240198301e-01
2.168191284962041609e-01 1.016926484765836802e+00
6.710496604006632726e-02 1.046274494597806193e+00
-9.673874312023461597e-02 1.036931042998958663e+00
-2.543999572515726060e-01 1.018592602857302687e+00
-4.086842564248567844e-01 9.597768751586356339e-01
-5.632211993854108201e-01 8.806461554024010985e-01
-6.961559353909863024e-01 7.715237501307015133e-01
-8.147681505991454243e-01 6.460181478808202371e-01
-9.110783953020579196e-01 5.025179805078814343e-01
-9.883999334143760418e-01 3.453301888346250181e-01
-1.025653529176316692e+00 1.759520294709110977e-01
-1.041608135599189744e+00 -6.700932214328311331e-04
-1.026340792265337587e+00 -1.782096788057499770e-01
-9.836772996314565587e-01 -3.458814550542734789e-01
-9.137134822674329859e-01 -4.995231580767271473e-01
-8.126771545558443277e-01 -6.474336731757118768e-01
-7.068854614678119486e-01 -7.696750893878741007e-01
-5.622099609599460202e-01 -8.719637775979494076e-01
-4.205585890957502238e-01 -9.582345622985865008e-01
-2.561614201003520885e-01 -1.010584425660833618e+00
-1.072367768464032173e-01 -1.039665165278390369e+00
6.357427839156523652e-02 -1.041425202925797766e+00
2.302470153357659977e-01 -1.027527805786423665e+00
3.667282318502312899e-01 -9.809685453547194456e-01
5.223716287900027622e-01 -9.126012966334926535e-01
6.326139563417024769e-01 -8.274435636323017595e-01
7.584315435840643937e-01 -7.292802487620873020e-01
8.521446544016019198e-01 -6.149635033694064168e-01
9.239033115060812928e-01 -4.885463115530182532e-01
9.867354810547129818e-01 -3.486403039859840014e-01
1.030662877204580941e+00 -2.113222352226644396e-01
1.049212092397979745e+00 -7.064948462007397678e-02
1.048500695971225305e+00 2.240542214922790765e-01
1.056460681974545901e+00 2.094336565659364047e-01
9.719534656522760274e-01 3.741739640672750999e-01
9.957081630173058029e-01 3.419887137329602478e-01
9.640411408069764487e-01 3.303860316628001170e-01
9.690719757493688746e-01 4.721197606536763347e-01
8.853419487177862646e-01 4.871877028801783749e-01
9.726247203893166882e-01 5.035214080632570699e-01
9.244661504005474706e-01 5.063773319960538366e-01
9.534527466130070517e-01 4.712526061519822229e-01
9.113065047700359411e-01 5.016264036826437733e-01
8.930950569838915776e-01 5.216087282643689926e-01
9.363828978326026453e-01 4.927228597683655509e-01
8.864097485525143094e-01 5.037663658663640298e-01
8.438513380683548837e-01 6.190331872709360361e-01
8.845200065345281137e-01 6.069332950428134588e-01
8.833593751803719973e-01 6.003397622981485604e-01
8.562759509145453363e-01 5.953000673752170124e-01
8.789843141756918943e-01 6.322621722369514696e-01
8.777792332957824462e-01 6.186732834432422390e-01
8.201863805873872426e-01 6.164569613363379830e-01
7.868245138891696300e-01 6.318471582300381195e-01
8.277731398270143925e-01 6.246399516847803701e-01
8.356516039989995148e-01 6.042894685395814314e-01
8.224506064092951263e-01 6.388549393877198668e-01
7.593447234732727535e-01 7.429668548673247219e-01
7.972200466878600622e-01 7.191154863077857673e-01
7.866914671710421025e-01 7.195025404541587344e-01
7.119902545482045264e-01 7.460917749941911037e-01
7.867966884680085426e-01 7.373629169865298927e-01
7.619267128451364668e-01 7.285869251844431238e-01
7.857626854380160841e-01 7.407927693183591344e-01
7.497157957740300249e-01 7.395910423840262871e-01
7.633641144829093061e-01 7.317224116974383463e-01
7.483108496696897483e-01 7.476167296155984410e-01
7.606867308390953264e-01 7.471233752021864127e-01
7.561185070753256854e-01 7.153825527635594428e-01
7.719832213013974043e-01 7.812275293264280274e-01
6.452829993142402687e-01 8.216771954606910677e-01
6.428551734476251056e-01 8.421475744595245949e-01
6.693187664605110276e-01 8.337569014597787653e-01
6.175614648754750302e-01 8.425266613144319905e-01
6.117826969174892104e-01 8.401102439859526871e-01
5.939991068289866005e-01 8.345474538005512866e-01
6.648418250230091475e-01 8.249262761027529312e-01
6.578962148405448351e-01 8.443456055094749058e-01
7.086133841854131976e-01 8.283871279229823026e-01
6.279708973859404741e-01 8.377577725501607064e-01
6.549468970345182495e-01 8.633795276629638860e-01
6.850691409651257224e-01 8.343677274902767671e-01
6.465079327996832159e-01 8.435826735487838013e-01
6.463607773353250430e-01 7.976546832457390712e-01
6.201443438171214684e-01 8.447532767940676424e-01
5.003310918325547529e-01 9.078049102452030450e-01
5.447468689696666200e-01 9.419022890068553533e-01
4.833703845036463331e-01 9.278430188856152672e-01
5.566450398395913490e-01 9.299029611265774431e-01
5.006977141725383884e-01 9.213102839391213994e-01
4.556546467914646681e-01 9.022883696582060242e-01
4.783227838265898813e-01 9.174095125036116904e-01
5.218398535949878569e-01 9.073157606485198201e-01
5.576298300940850661e-01 9.007195479769772861e-01
5.233962149000584985e-01 8.939593674249812771e-01
5.046044287133293338e-01 9.269637583368736111e-01
5.348962041688489766e-01 9.012220410450547670e-01
5.079735741437978458e-01 9.091454144550374927e-01
4.840169823744481792e-01 9.202891748744022049e-01
5.686705734869585971e-01 8.834267950359274701e-01
4.895607802277200937e-01 9.301458056029829891e-01
3.905260404662291851e-01 9.915780422991913312e-01
3.994378109748219496e-01 9.913050757652552836e-01
3.540602591462648774e-01 9.687671293237786196e-01
3.771874283431348451e-01 9.784793322959811634e-01
3.795247094778029240e-01 9.771962854151239330e-01
2.834700092813138284e-01 9.648321675751372339e-01
3.617272121454456202e-01 1.007763252722851055e+00
4.138488881183901014e-01 9.628007453577134278e-01
3.880515088823022762e-01 9.611830848296086804e-01
3.978500600263861764e-01 9.673291259007771314e-01
3.553394211791681689e-01 9.585642964512147701e-01
3.841622959326386200e-01 9.885097400912294940e-01
3.794659085052132230e-01 9.609455945068374749e-01
3.357709293385868210e-01 9.574060572389027080e-01
3.997132593713604298e-01 9.867881850139481603e-01
3.911118528309238673e-01 9.832072316884949981e-01
3.663605850608545600e-01 9.715196522039685201e-01
3.517215422536871805e-01 1.017212495171962994e+00
2.559171751672129069e-01 1.007960416505028212e+00
1.775517547754218162e-01 1.030874781715979349e+00
2.536923233915058251e-01 1.030608191090813142e+00
2.060392715383543294e-01 1.014467302282416661e+00
2.601123878642168652e-01 1.040925236175281210e+00
2.154404164918324871e-01 1.032244380411913243e+00
1.875557974128479743e-01 1.013771616351592186e+00
2.347201117848773944e-01 1.025587239815632712e+00
2.087647436827801406e-01 1.039759652661326861e+00
2.470754126268981665e-01 1.045263240936923133e+00
2.594968897189795509e-01 1.065605194622057716e+00
1.847893097008333763e-01 9.920733398540803050e-01
1.952555325176455747e-01 1.037225050408802529e+00
2.035337210297946675e-01 1.012608761692665560e+00
1.688056213581076159e-01 9.946810352937059951e-01
2.122080225234775908e-01 1.019157242357991988e+00
2.235086015039729201e-01 1.026198280327469625e+00
1.963015296711251856e-01 1.017725967644792506e+00
7.851602209124546039e-02 1.059031338594169203e+00
6.464872240457465724e-02 1.047893500741841954e+00
1.239043995315379371e-01 1.087513262869658437e+00
2.484222619096719889e-02 1.015753432706213655e+00
9.428305210311137274e-02 1.045134448234579683e+00
5.148620920462320533e-02 1.047710865934133428e+00
4.498690520003417043e-02 1.045261868863177623e+00
3.298214777554926008e-02 1.018009171192898910e+00
7.074855718408142036e-02 1.030247038576114216e+00
7.238651867715628629e-02 1.050341773680023794e+00
9.683840973660684526e-02 1.047569487062700810e+00
4.391565684869250946e-02 1.039472796691415679e+00
5.283315892068667086e-02 1.042546810147528591e+00
9.345813915545324313e-02 1.073879223798514193e+00
1.039974324654508314e-01 1.051763319418577813e+00
4.691578813475474896e-02 1.053572608754200335e+00
8.307434491441488544e-02 1.064282681619125981e+00
7.735951474989950782e-02 1.027364987293906129e+00
4.245150939679501884e-02 1.046482582629271185e+00
-1.330593737495393003e-01 1.045030486002178849e+00
-1.164790156326848819e-01 1.036442710909811993e+00
-1.102786321846181417e-01 1.009018669967978177e+00
-8.792015515891336841e-02 1.054083524701679764e+00
-8.913645437174760877e-02 1.019973221056516000e+00
-1.011665528743232179e-01 1.021148827704251527e+00
-9.125203017306147968e-02 1.039077826496215051e+00
-1.080583054605973731e-01 1.046122836035353165e+00
-7.030002493076462078e-02 1.053428284021100669e+00
-1.285432286637283872e-01 1.043175105161850524e+00
-7.847943067128394790e-02 1.063663463080804616e+00
-4.512759528515073587e-02 1.041741207004102110e+00
-1.186488025917580708e-01 1.030814516932395009e+00
-6.206725216296214015e-02 1.055513651144829090e+00
-1.105963398542544329e-01 1.023626362694090242e+00
-7.534920330834293800e-02 1.062648907172321966e+00
-1.078296474834096602e-01 1.047612750841179663e+00
-1.482223066854185811e-01 1.016959096325838141e+00
-1.151320775557134191e-01 1.031466044984759245e+00
-2.791503334581929008e-01 9.942400934969121140e-01
-2.790950110809397589e-01 9.882304090836766530e-01
-2.334189423956925524e-01 1.040814326527573552e+00
-2.674116417668455092e-01 9.914853096067738347e-01
-2.423093163663300187e-01 1.024424635968117059e+00
-2.408254820224319803e-01 1.006355463079115831e+00
-2.298542653330413188e-01 1.040300219315616781e+00
-2.357045590536858415e-01 1.043499294353302131e+00
-2.677954163266009213e-01 1.008946202742596610e+00
-2.928075998664114166e-01 1.000252581912959959e+00
-2.681142489767020520e-01 1.043011039512595994e+00
-2.866358827249004815e-01 9.660004374361339519e-01
-2.128511019323243436e-01 1.029189506304911905e+00
-2.508767845756905146e-01 1.013144809534464397e+00
-2.176254519751492089e-01 1.006871974612961518e+00
-2.415097187593386874e-01 1.045352726352269945e+00
-2.809383067123600863e-01 9.859941459138440445e-01
-2.478241649379387679e-01 1.009179416503634519e+00
-4.139166058017516581e-01 9.318831722263792861e-01
-4.485604888051693551e-01 9.172144317900863264e-01
-4.223585500137883031e-01 9.198162170179219332e-01
-3.972296741417256638e-01 9.524185243245797405e-01
-4.166998127443102273e-01 9.666189883370976954e-01
-4.007554922290599286e-01 9.445152581788148760e-01
-4.091367640709876463e-01 9.588518778068237935e-01
-4.384303993676049727e-01 9.320441296744159665e-01
-4.089141146017370443e-01 9.968310239710969078e-01
-4.434723717443903590e-01 9.438002109474554757e-01
-3.917112158339770556e-01 9.717083470983739479e-01
-4.085702472094883131e-01 9.676597463733090931e-01
-3.961465271882845252e-01 9.669306261670780334e-01
-3.948239748616592659e-01 9.696928871363901248e-01
-4.166302079622241084e-01 9.470248652251110899e-01
-4.331783742362715905e-01 9.319764079615058261e-01
-4.155609800365145379e-01 9.529460453517043517e-01
-5.501361612856205952e-01 8.734722645197019464e-01
-5.597795395107810767e-01 8.654905903456397986e-01
-5.801596928751736604e-01 8.552661463444460876e-01
-5.801260136035158999e-01 8.275225037639212244e-01
-5.700545711371428625e-01 8.945784379657256702e-01
-5.538925332272675028e-01 8.716222910282960257e-01
-5.276922454252065409e-01 9.187844044274268152e-01
-5.427133324894458655e-01 8.740860166734502057e-01
-5.607251078545799627e-01 8.762000191129361015e-01
-5.820100086225467040e-01 8.548780255999609556e-01
-5.654384339481092203e-01 8.909681160339223416e-01
-5.497963926923327138e-01 8.964612037775057107e-01
-5.367947126044559925e-01 9.294957480371761616e-01
-5.730458853224075222e-01 9.065193363048833497e-01
-5.322764107917798970e-01 9.358012637413488655e-01
-5.926328328463061901e-01 8.724739636957848932e-01
-7.112398513622580909e-01 7.925667327754184477e-01
-7.019744018863809387e-01 7.484008271396952461e-01
-6.932431917618259165e-01 7.993685383545705569e-01
-7.191568938085082241e-01 7.471369640073238783e-01
-6.760623524375057869e-01 7.721762870288247926e-01
-6.812892054758720173e-01 8.086477704694062796e-01
-6.751622738838880533e-01 7.664641855947436078e-01
-7.155448643054462821e-01 7.834194648126783234e-01
-7.140405187212964799e-01 7.428239263580661556e-01
-7.261364779788919144e-01 7.757711726617043668e-01
-6.807255436670855975e-01 8.104748073983328860e-01
-6.719603124354677215e-01 7.571199589345287695e-01
-7.018468640394817104e-01 7.695587631471053625e-01
-7.112357381931428968e-01 7.415167660464137001e-01
-8.404381339336480794e-01 6.328642302044739099e-01
-8.205124655708067039e-01 6.522732761968795812e-01
-8.264957239249920429e-01 6.473572195147632158e-01
-7.889459518017482020e-01 6.863560842950520158e-01
-7.969271072541133094e-01 6.393766518079817551e-01
-8.363591762401645369e-01 6.020956320883183999e-01
-8.409229457689599840e-01 5.992644656372743128e-01
-7.939182680826739613e-01 6.459081942016539069e-01
-7.820721461801777297e-01 6.596482341526551663e-01
-8.029893142497729341e-01 6.751234409015033355e-01
-8.340611806312711041e-01 6.578856040196946475e-01
-8.316051480965197529e-01 6.488383474734177314e-01
-8.989847457143823606e-01 5.120709887857113340e-01
-9.064524570324863362e-01 5.136446613338141454e-01
-9.467029958027903813e-01 4.988744247293489531e-01
-9.239834704723902670e-01 4.994909036717596340e-01
-9.274980683823363936e-01 4.247328601454931074e-01
-9.037027550337082271e-01 4.606514324433405583e-01
-9.232967139515224630e-01 5.495130677237618499e-01
-8.870253868765999306e-01 5.542671393163455251e-01
-9.004327805468378410e-01 4.773145825571899481e-01
-9.710761645494082606e-01 3.698028791347768296e-01
-9.534935753801070391e-01 3.937729612686964309e-01
-9.939571927798672712e-01 3.851010935151242820e-01
-9.724382311637012055e-01 3.692232370117575213e-01
-9.966932264543989506e-01 3.291472207063863564e-01
-9.923083219915546094e-01 3.635155022820230619e-01
-1.033342667013550820e+00 1.930879119297269630e-01
-1.029100068910997035e+00 1.560495434607780119e-01
-1.020690239575088532e+00 1.763678309205097550e-01
-1.026108509043516914e+00 -1.679187252622789672e-01
-1.019114354272156575e+00 -1.761599448508973653e-01
-1.001614292596272326e+00 -2.147284329843355821e-01
-9.757041598320894682e-01 -3.464877105449786776e-01
-9.736522159380665009e-01 -3.422489360310981832e-01
-9.786292484651444301e-01 -3.888070318391846913e-01
-9.761420289282782825e-01 -3.477478896618846349e-01
-1.015031596172652595e+00 -3.644520261411653972e-01
-9.732165407734387763e-01 -3.302173515520708813e-01
-9.311339065666343062e-01 -4.837229405333274834e-01
-9.131860130294486844e-01 -5.538754770769372948e-01
-8.777730923904776272e-01 -5.190439398448432051e-01
-9.233129540750322217e-01 -5.277735613113424540e-01
-9.505607368563568915e-01 -5.281055802551076761e-01
-8.948766492964140840e-01 -5.723201350628386308e-01
-9.088019098398072426e-01 -4.614717006872862681e-01
-9.242774920286614959e-01 -4.830275743047821035e-01
-9.201678693234557338e-01 -5.067622548408630134e-01
-7.814460588956099185e-01 -6.678796825733867015e-01
-8.450473070512597440e-01 -6.091197688692562284e-01
-8.142894702508733928e-01 -6.493562213302744857e-01
-8.039709404129831150e-01 -6.566463357361022046e-01
-7.936401978315233974e-01 -6.359408397339307850e-01
-8.314303979146641099e-01 -6.287058403838701182e-01
-8.136975016076558598e-01 -6.673221757611457194e-01
-8.122121053236336374e-01 -6.527369308526457248e-01
-7.969522863476428132e-01 -6.103327279735933919e-01
-7.898429160684915518e-01 -6.735073731085735593e-01
-8.224734786839495992e-01 -6.162308624741837937e-01
-8.470425603629980760e-01 -6.220522202163879522e-01
-6.834028683289904427e-01 -7.510197121591940528e-01
-7.124732175388164279e-01 -7.747146882559408088e-01
-7.151508504894356077e-01 -7.580894760551497580e-01
-7.041408120324565978e-01 -8.202819115635019420e-01
-7.100922072641753235e-01 -8.113333656709308395e-01
-7.348174237170034262e-01 -7.802555188100102068e-01
-7.039281007910421772e-01 -7.873600374129536839e-01
-6.753581766311758106e-01 -8.092900451886030355e-01
-7.133292855796978804e-01 -8.049490621381314437e-01
-6.843349046637664523e-01 -7.804070809643085527e-01
-7.095409548492933594e-01 -7.541866785092764536e-01
-6.838443816510315632e-01 -8.022080782006206778e-01
-6.976880722243579136e-01 -7.570419294344061800e-01
-7.074984063078361141e-01 -7.946100360832766274e-01
-5.437973136773229799e-01 -9.363747313220720514e-01
-5.862103902830134716e-01 -8.424787312895853919e-01
-5.940589186774472008e-01 -8.538907774781073767e-01
-5.606515723053888678e-01 -8.783237859925523416e-01
-5.722868428798938423e-01 -8.644432735712290761e-01
-5.460833648484489933e-01 -8.848710146891579642e-01
-5.596928496380652041e-01 -8.604111020981924929e-01
-5.754483047637728443e-01 -8.742782446041624800e-01
-5.739134904325525754e-01 -8.584224686226967771e-01
-5.435545123130169909e-01 -8.662393163762147630e-01
-5.492781327069582442e-01 -8.889719863302697478e-01
-5.672191852717187732e-01 -8.837784111015088984e-01
-5.749534267991722736e-01 -8.643784763514479330e-01
-5.827851328877882153e-01 -8.491609916654122570e-01
-5.696675568522608923e-01 -9.040845336587710612e-01
-5.864543095619857427e-01 -8.444090703122545394e-01
-4.149022473714719106e-01 -9.568117657382415597e-01
-4.350969274069197978e-01 -9.622219629855351952e-01
-4.257449072274437363e-01 -9.549014892070296634e-01
-4.011258177861140584e-01 -9.501643560466307425e-01
-4.272175566083448728e-01 -9.624054973888581666e-01
-4.092031022653655481e-01 -9.366686402725442617e-01
-4.477243853693878006e-01 -9.682905787625937233e-01
-4.021034815224311942e-01 -9.635945648584199885e-01
-3.994688440088610681e-01 -9.740569399414802376e-01
-4.317696671029864763e-01 -9.545979320744416574e-01
-4.016778954606945451e-01 -9.843234257979747159e-01
-4.367090048860259310e-01 -9.247952545169491056e-01
-4.032757172580316296e-01 -9.771131333293391341e-01
-3.738720822933196408e-01 -1.011050375103021093e+00
-3.858124115244152552e-01 -9.599830641940606535e-01
-4.471072116163359311e-01 -9.953949078567664310e-01
-4.538531531854125278e-01 -9.505048480428197610e-01
-2.770991392303805978e-01 -9.953336134563226523e-01
-2.952500257790701688e-01 -9.675299193363886552e-01
-2.761023062601590250e-01 -1.011378735769964621e+00
-2.161350909596164438e-01 -1.036768609937483099e+00
-3.076687955360011828e-01 -1.002485897746176358e+00
-2.789629172256699596e-01 -1.014102668047294653e+00
-2.428504539531554374e-01 -1.042801179523581867e+00
-2.352596065746555276e-01 -1.031643856188814379e+00
-2.528955808698200580e-01 -1.008543695957102138e+00
-2.759506778919621484e-01 -1.004521829278267386e+00
-2.925933321631308259e-01 -9.963965515839906528e-01
-2.847002296771723451e-01 -9.917144923067044981e-01
-2.564473380032071814e-01 -9.833798625822008921e-01
-2.508989239546229877e-01 -1.020519594009388520e+00
-2.872523768797183297e-01 -9.959718128998856779e-01
-2.298180014914889546e-01 -1.015241673903425124e+00
-2.442948221298955336e-01 -1.000373283179420758e+00
-2.445889473314735718e-01 -1.011823449394509966e+00
-7.674279384922097491e-02 -1.087281865593544117e+00
-1.227524468966530447e-01 -1.051517725543113624e+00
-7.916276982897733905e-02 -1.044020707223706435e+00
-1.135602251003488827e-01 -1.055074331999689585e+00
-7.573626914757874973e-02 -1.045959067991650171e+00
-8.190343610919222084e-02 -1.082162297461450429e+00
-1.319820077046814089e-01 -1.023488392568370653e+00
-9.382657528849065731e-02 -1.070608701439958121e+00
-1.148665030832351497e-01 -1.002609221606437950e+00
-1.344772473552362790e-01 -1.043762533075869525e+00
-8.541644552201843599e-02 -1.048448501002844369e+00
-9.688969362585510281e-02 -1.072344545094849000e+00
-8.048128401608757587e-02 -1.071540494870820703e+00
-1.026681410454239052e-01 -9.976380977372205638e-01
-1.031119781978876021e-01 -1.040435273510844638e+00
-6.621247429621644753e-02 -1.052619682478939556e+00
-1.531141337081410869e-01 -1.013218219668252207e+00
-7.336095726516266013e-02 -1.044029784234101532e+00
-1.087772402468902971e-01 -1.064762944949731560e+00
5.994246124140207438e-02 -1.024934438835340744e+00
7.107763368695581285e-02 -1.058844078260610555e+00
9.044049187352325159e-02 -1.063606778531604569e+00
9.330190515341184321e-02 -1.053289431404601961e+00
4.673779529474121619e-02 -1.016749544771134550e+00
1.721361313469638860e-02 -1.035774838784208507e+00
2.668826644757606517e-02 -1.028275277835395851e+00
3.122248456739096234e-02 -1.039078889170435671e+00
6.494849250097885218e-02 -1.040103740991464631e+00
6.599800960982264708e-02 -1.047220358518960559e+00
5.458867885562016659e-02 -1.050514316898967460e+00
4.915966663895163929e-02 -1.026857504078594774e+00
7.801298461189258571e-02 -1.058924696499625284e+00
6.907164777921752374e-02 -1.046249386626406208e+00
5.912339375931317809e-02 -1.032535041805519027e+00
6.113635993050803991e-02 -1.053414287816496708e+00
7.251085051557458472e-02 -1.060783660540837614e+00
4.843459250600384847e-02 -1.042435132753011473e+00
1.102972671429918033e-01 -1.074583993351475364e+00
1.960502066211310124e-01 -1.017813180213912760e+00
2.054453103213638998e-01 -1.033268403679676428e+00
1.673660109397037410e-01 -1.007185210780636497e+00
2.775338730566342949e-01 -1.012984782235914150e+00
2.546400545387638714e-01 -1.028369925344091662e+00
2.556675852379790004e-01 -1.012760585410428682e+00
2.709374527971246671e-01 -1.050310470434496324e+00
2.204993737725542691e-01 -1.015575821374554266e+00
2.528108661493817522e-01 -1.052712756180993248e+00
2.424258498133229078e-01 -1.011983593861272013e+00
2.588130077108456994e-01 -1.059090964524194600e+00
2.165068346603762905e-01 -1.035192864086562414e+00
2.338065404844818507e-01 -1.003448273980572791e+00
1.755100015375783695e-01 -1.021865584228115464e+00
2.069953604066037400e-01 -1.012799416795968632e+00
1.987872601692611541e-01 -1.017593351490997833e+00
2.340687103816850578e-01 -1.005695931579944080e+00
2.388404593208184046e-01 -1.030176440039003882e+00
3.901256414138818407e-01 -9.990611671818167006e-01
3.267884807660713653e-01 -9.741132148168265559e-01
3.523696644362998009e-01 -9.621204677567750663e-01
3.674568349446484805e-01 -9.750129807461078713e-01
3.671366220448468720e-01 -9.897533199936555670e-01
3.415487225926401860e-01 -9.694854237400559738e-01
3.938490455382632760e-01 -9.909179482984623588e-01
3.838126429959984320e-01 -9.686072983536067049e-01
4.112579802272992580e-01 -1.002032441128112294e+00
3.472086509965355838e-01 -1.015335788038848275e+00
3.877172482079196958e-01 -1.000183837509594165e+00
4.245102469894893593e-01 -9.940747520891850542e-01
3.864624602647647178e-01 -9.843838857817029941e-01
3.767065329079694602e-01 -9.935495700540291075e-01
3.657879919197027929e-01 -9.621336256821086952e-01
3.814222825556789487e-01 -9.654905844597443387e-01
3.520778116453526785e-01 -9.706455153691194715e-01
3.770700653582811923e-01 -1.004364367391706203e+00
4.831377143581698230e-01 -8.923562921937745473e-01
5.357754739708534553e-01 -9.041693128218628583e-01
5.028597040228307558e-01 -9.285879851169156485e-01
5.628272394592214178e-01 -8.901972220456975116e-01
5.346593017151016758e-01 -9.119610629867492824e-01
5.225726247060024088e-01 -8.989398890166931944e-01
5.199667226917155105e-01 -9.157003036838177179e-01
4.804898325882343002e-01 -9.312323351779353553e-01
4.490196376800784095e-01 -9.048679711689289196e-01
5.119517663033144039e-01 -9.059039953440816140e-01
4.953027815410259160e-01 -8.997473015220149861e-01
5.895994113346242349e-01 -9.089865239707253242e-01
5.012847490404452877e-01 -9.361534863929465988e-01
5.117711575882301078e-01 -9.134496792101205465e-01
4.958425082208415824e-01 -9.158162794043961386e-01
5.330644385454077483e-01 -8.937185189417059528e-01
6.844095957536290298e-01 -8.414154825349500211e-01
6.310650275389565467e-01 -8.432753730762311273e-01
6.134519979514080346e-01 -8.343729274666407125e-01
6.107438326841508891e-01 -8.568220992724225882e-01
6.501641961504760481e-01 -8.328500970826668848e-01
6.643409324184142983e-01 -8.296077647288998547e-01
6.491116223339745694e-01 -8.145720928545784334e-01
5.991463007045733091e-01 -8.308652872112359811e-01
6.345408476304226220e-01 -8.375012430398737218e-01
6.702990789195086840e-01 -8.592810682893479157e-01
6.287328413208571609e-01 -8.271821328086467195e-01
6.164439134865413727e-01 -8.276174639436669755e-01
6.496504285850003280e-01 -8.233714103511915461e-01
6.197589999849398845e-01 -8.215819896138318867e-01
6.350123802037713761e-01 -8.465643721165629909e-01
7.952875418411666786e-01 -7.320896654039952267e-01
6.899779373916320457e-01 -7.324694013622983224e-01
7.366405531177281363e-01 -7.283986566668692042e-01
7.626126655962062184e-01 -7.419203507296513456e-01
7.847350610453607267e-01 -7.203181195530717895e-01
7.570689419334638570e-01 -7.110689147810517197e-01
7.701157841714085794e-01 -6.897755989027309909e-01
7.147967512533071055e-01 -7.075392155736199840e-01
7.228784878551230975e-01 -7.462085270197909015e-01
7.620962121282931490e-01 -7.363256774077728828e-01
7.894726680831924970e-01 -7.012658236221400720e-01
8.072871463617440346e-01 -7.336146000047431004e-01
7.472901501057446216e-01 -7.326640765333483074e-01
8.904771054547776510e-01 -6.076759459748309888e-01
8.651414622502425766e-01 -5.826950885945416658e-01
9.169936972867962499e-01 -6.041811172504752969e-01
8.189400194928985188e-01 -6.069137065393915842e-01
8.256961495375418902e-01 -6.142511140121102997e-01
8.628433948168471312e-01 -6.119653210743735139e-01
8.357807969644724944e-01 -6.213519693909197450e-01
8.341849667320074824e-01 -6.513251303784005630e-01
8.612377255776056950e-01 -6.138670802787977721e-01
8.410105217165133595e-01 -6.130270264210827547e-01
8.446129257799147583e-01 -6.049463638404419807e-01
9.265057840149923951e-01 -4.672174980036231662e-01
9.161700600201282407e-01 -5.020324690030921744e-01
9.466693723019594664e-01 -4.975535330431338221e-01
9.381020208882827616e-01 -4.812659603949684950e-01
9.160224434855548381e-01 -4.909210734823462596e-01
9.451296724264692806e-01 -4.983010621177054178e-01
9.175600099144280986e-01 -4.980820296998959562e-01
9.180283112215616992e-01 -4.724414509224211245e-01
8.793386586816865913e-01 -5.189789762840080201e-01
9.920319711664167261e-01 -3.759516420520366831e-01
9.762185421439270039e-01 -3.442270784289948038e-01
9.577449771071644413e-01 -3.526354402521517661e-01
1.054705094784545105e+00 -1.984099083958989485e-01
9.780336484176591627e-01 -2.172173036984741124e-01
1.042729988175921330e+00 8.005509908203677083e-02
1.018289281030033244e+00 2.382888735751829690e-01
9.699807361987742294e-01 3.909373588360106622e-01
8.989366650285646188e-01 5.344226037488626346e-01
8.068222803334720306e-01 6.653814357854357375e-01
6.957966652182171474e-01 7.807442909183518465e-01
5.684621660001537569e-01 8.778071616003172428e-01
4.278033954172364983e-01 9.542949764092207854e-01
2.771172758350832210e-01 1.008414925794007821e+00
1.199357621810672042e-01 1.038898484011040457e+00
-4.005694408563485742e-02 1.045031142292377924e+00
-1.991107495336611188e-01 1.026669156325705545e+00
-3.534975677710639475e-01 9.842429154991839679e-01
-4.995987026305581113e-01 9.187468549389733452e-01
-6.339896673406167915e-01 8.317161467927182139e-01
-7.535204515929354585e-01 7.251907170955584903e-01
-8.553893551142350837e-01 6.016674316328287642e-01
-9.372086571460551685e-01 4.640415715222934168e-01
-9.970605825955947132e-01 3.155389702786732253e-01
-1.033542253058455485e+00 1.596404030101505889e-01
-1.045798569099418707e+00 1.288213174475112960e-15
-1.033542253058456151e+00 -1.596404030101480631e-01
-9.970605825955952684e-01 -3.155389702786707273e-01
-9.372086571460562787e-01 -4.640415715222910853e-01
-8.553893551142366380e-01 -6.016674316328267658e-01
-7.535204515929371238e-01 -7.251907170955566029e-01
-6.339896673406184568e-01 -8.317161467927165486e-01
-4.995987026305597767e-01 -9.187468549389724570e-01
-3.534975677710653352e-01 -9.842429154991834128e-01
-1.991107495336620348e-01 -1.026669156325705101e+00
-4.005694408563534314e-02 -1.045031142292377924e+00
1.199357621810671903e-01 -1.038898484011040457e+00
2.771172758350837206e-01 -1.008414925794007599e+00
4.278033954172373310e-01 -9.542949764092205633e-01
5.684621660001548671e-01 -8.778071616003165767e-01
6.957966652182182576e-01 -7.807442909183508473e-01
8.068222803334732518e-01 -6.653814357854342942e-01
8.989366650285658400e-01 -5.344226037488606362e-01
9.699807361987752286e-01 -3.909373588360082197e-01
1.018289281030033910e+00 -2.382888735751800546e-01
1.042729988175921774e+00 -8.005509908203524427e-02
1.031373544792423047e+00 2.373815610023534417e-01
1.000608562465247875e+00 3.903205644194606139e-01
9.649055165829739655e-01 3.746182777653236373e-01
9.118591148475146957e-01 5.351281626348359799e-01
9.024081666298661153e-01 5.242549497713946405e-01
7.903389524111461562e-01 6.971336842249498122e-01
8.161891466722268618e-01 6.706565534194021128e-01
6.828207013882368059e-01 7.941712530063272935e-01
6.846216753452571968e-01 7.879542897532586521e-01
5.781364959205558263e-01 9.103972438728574756e-01
5.964976095663313549e-01 8.719986381346381821e-01
3.961388291904672787e-01 9.682812123793657078e-01
4.399695487778389480e-01 9.545945931880949198e-01
4.352817149899082527e-01 9.305746214102014191e-01
2.548386140703066127e-01 1.003166392740825863e+00
2.873248485969593924e-01 1.007243500024788130e+00
2.735237162100106478e-01 9.892764208648430202e-01
1.169981040743525852e-01 1.083608600880294315e+00
1.216571913836564517e-01 1.033864421009957235e+00
1.293585735361756917e-01 1.079254696139496650e+00
1.850171624706284379e-02 1.072276309943625217e+00
-4.753354719479028351e-02 1.061510229072530453e+00
-2.138237194968807195e-02 1.035530353203786280e+00
-2.011333044171648154e-01 9.938599226739878167e-01
-2.065302891391620765e-01 1.028141229452664840e+00
-2.022702622434274788e-01 9.967312338087250811e-01
-3.550723511586927339e-01 9.870163995509835253e-01
-3.982877811421293712e-01 9.604335667241308272e-01
-3.626239299745822597e-01 9.530451732893711059e-01
-5.259577514263407139e-01 9.004821694588784897e-01
-4.776499692806929764e-01 9.602729331547142921e-01
-4.936566009405919386e-01 8.880413564453372155e-01
-6.118405263675996686e-01 8.163097785527481109e-01
-6.342676199624990296e-01 8.331578340823176942e-01
-7.430977310488707799e-01 7.506945209453135259e-01
-7.638597073658263126e-01 7.331451649577982455e-01
-8.734911901730432193e-01 5.519669192803319246e-01
-9.614518289408888752e-01 4.130011400525089860e-01
-9.397281375946155979e-01 -4.878901404670679676e-01
-8.518725243220284238e-01 -6.008042055635512968e-01
-7.829647900653616821e-01 -7.462738642452477755e-01
-7.236837319899884768e-01 -7.460966498929141322e-01
-6.366480866362004276e-01 -8.632117729736702438e-01
-6.221903066502949553e-01 -8.373359261930322095e-01
-5.049808059609744992e-01 -9.017399163175690013e-01
-4.790157757048099096e-01 -9.173700939520881281e-01
-5.057916944583106256e-01 -9.101497616186619011e-01
-3.374095490477300729e-01 -9.614128312434132573e-01
-3.271854407925303132e-01 -9.994309219090967700e-01
-3.659776940251401878e-01 -9.799861297086996936e-01
-2.107638969044728083e-01 -1.027545040286184541e+00
-1.536336283104559886e-01 -1.029084337302675012e+00
-2.308472179264591806e-01 -1.057142623695864314e+00
-6.990713893129306411e-02 -1.060981349779515970e+00
-1.278928064996377387e-02 -1.059277028862602998e+00
-1.801879475995051341e-02 -1.066165910685323182e+00
1.041426017303579282e-01 -1.018387712011447288e+00
1.329450196810526841e-01 -1.033110434056011773e+00
1.080190115798571188e-01 -1.049780959732106611e+00
3.004321781472294450e-01 -1.064698662230523230e+00
2.946691632528825044e-01 -9.949198489649271337e-01
2.581914978140367745e-01 -9.818156848711732110e-01
4.184424025833198280e-01 -9.568039388349371954e-01
4.369556202853680515e-01 -9.377433300490423118e-01
4.823547851798354880e-01 -9.971517752436569459e-01
5.388886468527025464e-01 -8.742558780308394839e-01
5.591316462005125887e-01 -8.392088427664176065e-01
7.184368192199785952e-01 -7.955209416417294843e-01
6.762357360342966528e-01 -7.946684538503515638e-01
6.934112417126840899e-01 -7.743194463826861274e-01
8.159418438178227539e-01 -6.456078257987067914e-01
8.450023776499420158e-01 -6.711839697495346480e-01
8.906779707045177075e-01 -5.478531940522101129e-01
9.756663277176343962e-01 -3.463399667687263594e-01
9.573406885463399130e-01 -4.250400581487436269e-01
1.031982138845092045e+00 -2.185460773386390942e-01
