-1.000000000000000000e+01 0.000000000000000000e+00
1.044941406037455778e+00 5.770216418038006528e-02
1.076536800728750576e+00 1.568918777762245420e-01
9.876184229046465202e-01 3.120408318207123499e-01
9.643823035443970237e-01 4.406347084590411245e-01
8.026934244425155685e-01 6.770050634785098609e-01
9.242714696778704386e-01 5.013088184671513625e-01
9.321299123629722683e-01 5.460841173475198262e-01
8.196040563199615825e-01 7.308470077569343415e-01
7.385832075941918262e-01 7.503678168358116629e-01
5.834370016476357890e-01 8.700937122470294716e-01
7.944085517302742483e-01 7.924477097505733258e-01
5.594028195167771722e-01 9.540141304601648109e-01
5.051914707202685983e-01 9.788395902272198912e-01
-1.620485560510605549e-01 9.957916780896373110e-01
9.692806389985919591e-02 1.028917051020277640e+00
1.478564013590722703e-01 1.069687472206661161e+00
-1.627824509251875607e-01 1.034968001512637681e+00
-4.475405419126736173e-01 9.464867901726199406e-01
-7.461207254394638388e-01 6.870087834082652112e-01
-9.826975662547242640e-01 2.859582614270612111e-01
-1.013980463351103145e+00 -2.776234000883366984e-03
-9.687390561813161716e-01 -3.251664397208238744e-01
-8.123885221472161300e-01 -6.577658784728183106e-01
-4.043230772799634165e-01 -9.913448997201509405e-01
-5.146340672611455780e-01 -8.908609759841826792e-01
-1.855211727514859826e-02 -1.044108261975107643e+00
2.510789142092577364e-02 -1.080437430885708094e+00
2.597129079730147172e-01 -1.000976341192740815e+00
3.166591041668206929e-01 -1.020604700048944657e+00
6.370494279947871430e-01 -8.361898230972948376e-01
7.301895011914112388e-01 -8.577446050501889019e-01
9.617551513342789127e-01 -6.435686466915577775e-01
9.491854880148812290e-01 -6.378248873890470794e-01
8.738403609209326461e-01 -6.759726024964671787e-01
7.016150924972899272e-01 -7.366106372014907810e-01
1.067609103883196964e+00 -3.650719430068998239e-01
1.037487462213929401e+00 -4.793910715321999527e-01
9.564249771454959026e-01 -4.728862958352718082e-01
9.627857026527240070e-01 -2.896089344147604328e-01
1.065796489445820283e+00 -1.321899123737079185e-01
1.047193727182679668e+00 -4.769074031577158479e-02
1.088691074334704911e+00 1.079436152099247231e-01
1.080815332601782863e+00 1.101217429625688665e-01
9.976335404694055553e-01 3.042462475528487920e-01
9.788107911440371289e-01 3.054023590022789669e-01
9.536404609380020325e-01 3.733678489438463366e-01
1.064055725827121268e+00 2.324708882951393718e-01
7.593403238192447668e-01 6.705021683290912637e-01
1.134677462797402336e+00 1.783112722056355015e-01
9.604436296246572358e-01 4.092489896130703242e-01
1.033461161507412518e+00 3.197319129855311637e-01
9.696849219180945223e-01 4.336984623894844515e-01
9.744295732172391089e-01 4.195677687019573887e-01
9.558354363167260725e-01 4.026223787107626739e-01
7.813477461563168580e-01 6.346664142725750857e-01
8.366750772661792901e-01 6.632918166222231404e-01
1.063584431180921719e+00 2.948433840358089530e-01
1.068784715374046845e+00 2.943998321412367725e-01
8.290555053459591761e-01 6.709056788960376938e-01
1.051754417881599180e+00 2.779004493031976830e-01
1.061384563651798896e+00 2.851968708960146426e-01
9.034791011900524804e-01 6.014557178167374563e-01
7.257059714311513421e-01 7.006004301585517791e-01
8.859027085738262475e-01 6.181572830888599768e-01
8.997249259844600777e-01 6.160775436039632735e-01
8.725795330820892426e-01 6.246054155963689514e-01
8.093047602756624492e-01 6.017237187475540372e-01
8.203836626978479041e-01 6.364506571308441440e-01
8.324131702218267037e-01 5.867765931024989667e-01
6.765622555299112273e-01 7.532041686795137858e-01
8.202825945281929654e-01 6.485303172474191635e-01
9.165962560424116834e-01 5.091774021018804497e-01
8.162968176403491150e-01 6.507663641123156983e-01
8.893849409425190755e-01 5.391727385366247294e-01
8.764489287438919085e-01 5.532549975779031959e-01
8.288942489281903025e-01 5.806392902746263518e-01
7.997142119680548111e-01 6.211520608892124873e-01
8.515524415977135941e-01 6.136865060314138365e-01
1.072073025641992805e+00 3.342419522236064200e-01
9.599296444831050268e-01 5.360982886051673946e-01
9.158558837374989325e-01 5.664169933254629141e-01
8.813261535187836282e-01 5.959865412137004270e-01
8.969326133943033019e-01 5.719865012407381322e-01
9.247495987645186766e-01 5.453404545398373715e-01
7.981170691020776919e-01 7.581587242520680947e-01
9.255067430184772403e-01 5.921594506930570878e-01
8.579285822854232357e-01 5.830268034008692091e-01
1.000181251048862130e+00 4.262799461610171092e-01
9.183643443335850476e-01 5.563358762595297380e-01
1.018415488217353726e+00 4.083322489778049569e-01
1.020644456719518534e+00 4.306564956155228274e-01
8.856450073765071984e-01 5.911369411059205214e-01
6.976875882558297715e-01 8.030665407496826447e-01
9.008040700575919990e-01 5.719671400024154417e-01
8.709747323041336919e-01 6.819100688250393505e-01
1.081003580257234420e+00 3.848721728470077541e-01
7.735179488508121537e-01 7.721243582054317933e-01
1.071792265515712161e+00 3.980331222427784810e-01
7.805974399858958135e-01 7.681497249248860903e-01
4.328469343286557303e-01 9.014779416846588900e-01
8.869263465525780710e-01 6.701292761155287492e-01
8.343949535900285763e-01 7.168999420879780260e-01
9.109988376588299408e-01 5.430251007280548770e-01
9.409856733494529335e-01 6.513009596775216625e-01
7.143194777775465631e-01 7.830754152683968572e-01
8.233030092049518078e-01 7.306585887265090173e-01
8.404809341954657675e-01 7.079151938211294404e-01
8.093307594797966020e-01 7.292502384727355125e-01
9.710123835028710015e-01 5.360988113893290219e-01
7.199509691223509034e-01 7.911769175830606349e-01
7.634621358933181279e-01 7.544005664939347211e-01
7.692619750624474229e-01 7.502253337767378349e-01
9.603805109802396878e-01 6.213738796776064888e-01
7.345164087569304723e-01 7.377106874321183172e-01
7.364544444959220115e-01 7.334904132792883225e-01
3.020447031405757432e-01 9.826644409483049625e-01
8.990084581638755346e-01 6.397195371837228750e-01
9.805040847698680562e-01 6.130910335312598214e-01
9.583876816080650896e-01 6.266015517996843531e-01
8.942756192886215372e-01 6.622148212012874957e-01
3.757009252647124931e-01 9.626440184546015688e-01
7.530095971157073631e-01 7.571467650696886986e-01
9.684795976831206410e-01 6.133761235468133677e-01
4.041257953916143064e-01 9.615945880639814591e-01
7.565461566984134079e-01 7.454640590165698688e-01
7.437638501694532334e-01 7.459465383058677679e-01
7.605355466454406521e-01 7.214492062777995152e-01
9.831813520718699628e-01 5.171289470701631030e-01
6.614832392644875991e-01 8.615694510803694195e-01
3.913483033333474692e-01 9.583365604265270399e-01
3.805518476696234109e-01 9.516825016257892678e-01
5.679009715585878748e-01 8.734219648007699455e-01
8.576630351512960493e-01 6.814602122764715775e-01
3.851113591617243426e-01 9.802830126336141703e-01
6.398763654299368664e-01 8.483621396590980135e-01
4.093479875389129941e-01 9.340336296175424380e-01
3.912625943007550511e-01 9.253336145988029227e-01
8.500324066880357021e-01 6.871595219846314828e-01
1.021223141596552475e+00 5.000906092061653263e-01
4.155775555271593036e-01 1.027881756476266117e+00
3.851336327753337452e-01 9.434622572047299816e-01
5.962280592660788026e-01 8.607364115278551830e-01
4.347094801878156889e-01 1.024350791525591831e+00
5.639805224413116935e-01 8.792161156229513219e-01
4.059340607501822351e-01 9.362866904475646290e-01
5.221556226900403441e-01 8.984590130758861592e-01
5.186371673322491826e-01 8.945790753663630523e-01
7.596301466019549364e-01 8.105820806208737794e-01
9.477778885062756453e-01 6.169327537477206080e-01
5.266122908221301246e-01 1.016803077661349253e+00
8.514305471630312372e-01 7.457262175026178053e-01
6.094365223641319274e-01 8.497768408228406622e-01
5.980607848379946301e-01 8.522552867836938884e-01
4.814079159548060316e-01 1.026758175787249705e+00
7.228737767863250285e-01 8.495464173406191977e-01
7.889216247744155197e-01 7.975010005119630430e-01
8.482675354036528503e-01 7.509819338189805960e-01
8.094625072389645126e-01 7.788958848864910856e-01
7.353913318061386928e-01 8.198533992211690657e-01
8.926288165662753515e-01 6.889370764183594398e-01
8.264631965797656354e-01 7.730798330118744399e-01
5.170855794650461856e-01 8.930359577671284077e-01
4.369498744723254724e-01 9.169227108842501472e-01
4.152626257599066895e-01 1.013530002124918727e+00
5.721350795645366860e-01 8.620773572171448462e-01
4.227594016112631858e-01 9.772737684649449585e-01
5.098748090408339317e-01 9.937515645689130039e-01
6.206869575822452356e-01 9.485856017939717777e-01
4.417762046409522969e-01 1.003157883674454798e+00
5.863910691974656419e-01 9.917701336213908814e-01
6.019933272582832506e-01 9.701925190597494586e-01
5.577209046660831504e-01 9.589234617885826761e-01
4.310698769222435778e-01 1.002665839059600161e+00
5.073185449805500680e-01 1.000160866335638055e+00
4.207844500486131456e-01 9.959470498560527574e-01
7.363312154957326605e-01 8.324700105554453389e-01
5.666577533166385905e-01 9.762178153458853647e-01
5.457765584616391941e-01 9.691152113843591875e-01
5.029425605868418359e-01 1.002270950452383458e+00
5.984470428022443667e-01 9.575311423438090941e-01
7.451949957535558555e-01 8.364519610287639573e-01
4.254574630577512284e-01 1.005071351536610980e+00
6.305911183776898854e-01 9.322880100082783228e-01
5.481465896980710628e-01 9.648327875096153194e-01
4.948170123419901034e-01 9.576242511356636289e-01
5.243012219711139510e-01 9.287432445938040848e-01
4.274235352968770996e-01 9.708970252176736260e-01
5.361418040365962812e-01 9.209084231517983277e-01
5.191536695658801603e-01 9.685149687814621489e-01
5.567529342390782343e-01 9.146572697255265227e-01
4.483869911656537810e-01 9.807404859480008952e-01
4.175236615164230614e-01 9.473219533525534253e-01
4.886007010856742161e-01 9.792948626784527821e-01
4.533424070814865425e-01 9.697990446473024884e-01
8.302623573953611391e-01 7.941582578889693211e-01
-1.763554370164153451e-01 9.974140610699466780e-01
5.966126044795116989e-01 9.251013563067750356e-01
5.151639327818287040e-01 9.608474668243377481e-01
6.730005477458610441e-01 9.183710415004590066e-01
5.320848882608959496e-01 9.015407553114418437e-01
5.650688766158112886e-01 9.054082639711157343e-01
5.316983290974182097e-01 9.423441564700707485e-01
-1.744376882085668353e-03 1.021375831925347644e+00
1.259797198296903897e-01 1.018064970262201552e+00
7.146970175155986649e-02 1.034179394413637487e+00
-9.292177805772799948e-02 1.002443704176607220e+00
-1.510114272677969272e-01 9.897883906326052639e-01
-6.908969779391899158e-02 1.005122173018053955e+00
-1.583318011553049853e-01 9.987142804911655070e-01
-4.613112575920209207e-02 1.007899330241884384e+00
4.846484058143035178e-01 9.417174574249836949e-01
-3.107872897425072514e-02 1.007861541997429944e+00
-7.672013694789528437e-02 9.993083298952187832e-01
-1.793686188515323243e-01 9.965951383995215185e-01
-9.547334789472528005e-02 1.000962923808352389e+00
-8.530189014754102628e-02 9.991742196495838613e-01
-1.636044807250994215e-01 9.880854445479591019e-01
-1.409631709728675908e-01 9.922019335905726267e-01
-1.707313280397987076e-01 9.925973642058992796e-01
1.788598975458775553e-01 1.035201167484665730e+00
1.568728847891215361e-01 1.026972076273914958e+00
1.335209859900337581e-01 1.023161836366181854e+00
-2.828291689833667966e-01 9.894023398176159390e-01
2.007800566781253460e-01 1.006664922504433068e+00
1.798937009681691734e-01 1.030026191217739751e+00
1.434884714747352019e-01 1.012113431616687542e+00
-1.064826159809666578e-01 1.000146411625117526e+00
1.367154083479646398e-01 1.030404607083270641e+00
1.306054158164509926e-01 1.023190707292316093e+00
2.355053490302018993e-01 1.006442964982544819e+00
7.905825195456435417e-02 1.029606114209075107e+00
4.861468784813773314e-01 1.044004000050964054e+00
4.777149210898563036e-01 1.047077390306116129e+00
5.400512474177818767e-01 1.028355920335791263e+00
2.590417702069044981e-01 1.002933442652149232e+00
-2.396923893297207928e-03 1.070982324982436618e+00
1.479577755959205210e-01 1.058493235938553267e+00
3.401552700699315285e-02 1.066909697497656628e+00
4.728491461873318702e-02 1.056585622322071316e+00
-2.595891626483525783e-01 1.012448027163703745e+00
4.238706990007713726e-02 1.072244943246005500e+00
-2.454769825398839256e-01 1.026622812022850662e+00
-1.097140066805460043e-02 1.065461523321701520e+00
8.617449538323800062e-02 1.055223781666842608e+00
-3.256207741854121041e-02 1.056117315262224743e+00
3.544303414221155329e-02 1.075623342831375728e+00
-2.595551681223126073e-01 1.028535034808470305e+00
1.345332612236150027e-01 1.063528160721725735e+00
1.030246959679364110e-01 1.053762593472754805e+00
-2.448068427834692029e-01 1.000065077335809738e+00
-1.866861997072649382e-01 1.027066652780409095e+00
-2.201800767568674322e-01 1.020356964166124980e+00
-4.079625872474066384e-01 9.179195513293704201e-01
-4.356604633603266552e-01 9.065346990000979766e-01
-3.291925300567064006e-01 9.878774951735391774e-01
-3.201020733542936925e-01 9.950962361203954387e-01
-4.633159561213442412e-01 8.961413713531695135e-01
-5.266249572304273485e-01 8.718606673738981128e-01
-3.563644113496352572e-01 9.576766668014732309e-01
-1.935151873457607030e-01 1.036525100325460080e+00
-2.167756056093687045e-01 1.026291414095944043e+00
-4.246875722620664373e-01 9.616311154405974282e-01
-4.376784993980635252e-01 9.602698703748515641e-01
-4.876692018108444993e-01 8.976414586324811262e-01
-4.704624638701502826e-01 9.401880158448915337e-01
-8.142215965585082316e-01 6.490587859116334624e-01
-8.094569592590687979e-01 6.135556534763991765e-01
-1.923825234716549093e-01 1.065373503622295770e+00
-4.994128249955644971e-01 9.328425138828727592e-01
-7.126049025459521014e-01 7.032692364395327633e-01
-7.598341532545291876e-01 6.865072052147228598e-01
-7.378560795808604134e-01 7.249732868955576226e-01
-7.772013230239414039e-01 6.505201702913532280e-01
-7.637880343199999755e-01 6.824290085551387719e-01
-7.261480537118096823e-01 7.064499519020740470e-01
-7.865086024324484670e-01 6.353241549972852287e-01
-9.468475140690612024e-01 3.246661219479373695e-01
-9.787160704814129586e-01 3.030645370677539363e-01
-9.898761931537134462e-01 2.768501438568650164e-01
-9.675416532502121303e-01 -3.336429376046781692e-01
-9.786866868913121076e-01 -3.220211789669177871e-01
-9.654790776998084523e-01 -3.070691137617209132e-01
-8.062733616252018010e-01 -6.695910376941043296e-01
-8.000740973512556753e-01 -6.702738283951837905e-01
-7.894612282091121314e-01 -6.161434014968756312e-01
-8.081235877756679509e-01 -6.691762225902289085e-01
-6.842988674270983340e-01 -7.646442816805648635e-01
-7.920888614241368142e-01 -6.663062015874571253e-01
-4.091129421347191042e-01 -9.681662455300539261e-01
-3.248773336058588534e-01 -9.712251580806013918e-01
-6.137512585492995720e-01 -8.240947909975542274e-01
-4.434259040825499487e-01 -9.516262777940315276e-01
-2.998266041761867284e-01 -9.734708289012017346e-01
-3.897317044825222565e-01 -9.405786239539560833e-01
-6.316502609834580007e-01 -8.285201991144740541e-01
-3.964886323481242036e-01 -9.752687192249036574e-01
-4.216835249180571066e-01 -9.898483592384500485e-01
-4.666291922922873869e-01 -9.443421014032239436e-01
-5.227291195522600908e-01 -8.653887648379606778e-01
-5.065621867501295394e-01 -9.047259062432310150e-01
-5.058677698945601708e-01 -8.981260692765431486e-01
-4.870129911412112156e-01 -9.082953830326557787e-01
-5.309446531779188350e-01 -8.770046815541212570e-01
-5.411327333600648437e-01 -8.570582540382883918e-01
-5.021390735359083646e-01 -9.102153470867676566e-01
-6.035364857094631663e-01 -8.087796308659040978e-01
-4.727187776715405243e-01 -9.422576999998588665e-01
-4.081406552453946679e-01 -9.423777747858170795e-01
-5.230823077663760978e-01 -8.622026651645529061e-01
6.245661724062548381e-02 -1.118413100180714714e+00
-5.800173622043017230e-02 -1.040521781997822526e+00
-3.820868777705421077e-02 -1.038242154763294289e+00
-1.260531029967310312e-01 -1.022562540601958947e+00
-1.371094557450304452e-01 -1.014035763998907713e+00
-1.112442924981727477e-01 -1.005233931551870796e+00
-3.273539738111433395e-02 -1.048402158522825589e+00
5.478596333521867923e-02 -1.060114141921804309e+00
-1.412547214565844367e-01 -1.008193650970882205e+00
1.798846936650820572e-01 -1.082211715132028074e+00
-8.529073496234095345e-03 -1.040204375587510111e+00
4.415397423152796208e-02 -1.060200692340177886e+00
9.941430833087618046e-02 -1.057222351553072093e+00
-7.333761825602351514e-02 -1.041385737049007831e+00
4.109720818561762301e-01 -9.645509043259737902e-01
-2.052782250273930964e-01 -1.005657887874004563e+00
-2.128111805025693914e-01 -1.006848435959918131e+00
6.801371723693711013e-02 -1.073763955072633891e+00
-3.421792127758295499e-02 -1.066820562097637870e+00
7.775143341721990620e-02 -1.076622315109321049e+00
-1.192468153401975151e-01 -1.042380891569403945e+00
5.925809675904871593e-02 -1.089821093015671316e+00
-1.190637421772989951e-01 -1.047241809407614799e+00
7.323205849187733318e-02 -1.067623602230632907e+00
7.425048750907446704e-02 -1.087376335081514656e+00
6.368175619679414257e-02 -1.093016518381320523e+00
-8.525018399404038147e-03 -1.077707818732973610e+00
-2.092410424334523178e-01 -1.006070132700589870e+00
4.790238299895982488e-01 -9.953687380328010148e-01
-2.011133131552878539e-01 -1.010852063365270004e+00
2.589721012625648688e-01 -9.964183775671310306e-01
2.370848846762609874e-01 -1.009194969230521988e+00
2.314167272687452370e-01 -1.006441079169651864e+00
3.323603421986327522e-01 -9.918706808557281596e-01
2.830825127613475489e-01 -1.002638819753479238e+00
3.957692186079618257e-01 -9.964727751841444547e-01
1.559854622917016265e-01 -9.881746287940950113e-01
3.233666909115699983e-01 -9.948408270395600050e-01
3.784687680390174114e-01 -1.006085764564638607e+00
2.047786589903042298e-01 -1.008615758326968592e+00
3.554648263654123785e-01 -1.012391085190824214e+00
3.973730176786023915e-01 -9.947086028802873958e-01
3.853938612667353047e-01 -1.008566777598166597e+00
3.657095349108291371e-01 -9.646516617973796004e-01
4.273072138607079684e-01 -9.998588714858487325e-01
7.587264781664927460e-01 -8.922331969783144912e-01
1.963710399086354419e-01 -9.907347455944555126e-01
1.901813757284397388e-01 -1.021951559594341585e+00
3.971523703162662677e-01 -1.061480590030019933e+00
3.060104873601370845e-01 -1.037080951716182531e+00
1.951881973369749834e-01 -9.880592336421523125e-01
2.883473323569185620e-01 -1.032956922692187973e+00
2.179539854146125277e-01 -1.042445905833189190e+00
8.039426541263023918e-01 -7.789439492447802760e-01
2.047771715843970108e-01 -1.033001491956502926e+00
2.884997845218540413e-01 -1.018163981981909716e+00
2.978200261951667871e-01 -1.023527492878756551e+00
2.316811599169665559e-01 -1.025265935494323877e+00
1.774859872561725394e-01 -1.021054988138955455e+00
3.970903871738125090e-01 -1.051902025532079010e+00
2.816037950888080066e-01 -1.041363595527875052e+00
2.152550367096641160e-01 -1.025383530940212395e+00
3.596636477350845795e-01 -1.025085440912095747e+00
3.897390506944524713e-01 -1.020870863230944225e+00
3.209930352889248661e-01 -1.018696699608972578e+00
6.905100186663951645e-01 -8.825162580491834330e-01
5.918626902944078561e-01 -8.526155875014578278e-01
6.414194218093368649e-01 -8.249580527472520908e-01
6.020691427897792991e-01 -8.557193513122683948e-01
6.440610251219768267e-01 -8.251583599123533119e-01
6.949683427264777835e-01 -8.697642961855952537e-01
2.528554529650693938e-01 -9.770705953489781104e-01
6.726090711642287445e-01 -8.624577409122148319e-01
1.277532031091379028e-01 -1.035368133128837353e+00
6.286385084934900114e-01 -8.474039348593609411e-01
6.796982693149871135e-01 -8.239403861053722355e-01
6.766852087348209643e-01 -8.654032577043409002e-01
6.786455855257694791e-01 -8.546036138982729957e-01
2.235041075471456140e-01 -1.045277356799199087e+00
6.406360681354672515e-01 -8.351598268050084428e-01
6.742749760543924609e-01 -8.191619057180452579e-01
5.818726460378592646e-02 -1.016967773631608285e+00
6.614817226570296471e-01 -8.118751155437375910e-01
6.235792928435486271e-01 -8.613003643845976720e-01
7.453737693412700871e-01 -7.975074337148353454e-01
4.371694143526298482e-01 -9.397623118133630049e-01
6.343610069771434823e-01 -9.292077302733497968e-01
5.356546562644226572e-01 -9.480031244861014672e-01
7.525978771715123861e-01 -7.915390073769397183e-01
7.133485118289640825e-01 -8.796248708492239166e-01
7.374573937975337223e-01 -8.295717706339390540e-01
7.076159807350809183e-01 -8.995098988364278458e-01
7.469437007173838072e-01 -8.359236321219220001e-01
6.662992062927222126e-01 -9.325187871649608384e-01
4.501735569722994379e-01 -9.428964174801978126e-01
7.493394090642901961e-01 -8.051996949176136731e-01
4.022126321779792568e-01 -9.436709775395799582e-01
7.000564323450290116e-01 -9.140790959572518970e-01
7.651430848213927050e-01 -8.011498746444025709e-01
4.217967871268784030e-01 -9.433039366562071537e-01
5.717542327617691766e-01 -9.436863508011577029e-01
6.920016718333670269e-01 -9.174276384119326444e-01
9.782742785889213533e-01 -6.179585872078828812e-01
5.910533682767690200e-01 -8.170567485241011507e-01
9.502832420398101831e-01 -6.208122239019736588e-01
7.318165785357463315e-01 -8.804900283605574529e-01
6.771274516916427899e-01 -7.740604018291503685e-01
9.193340738412795199e-01 -6.875689941530085392e-01
5.685116560183942624e-01 -8.294402514216806521e-01
9.801389692379686158e-01 -5.449083084451282755e-01
5.832982090358692639e-01 -8.186991654697359788e-01
1.008681921236964207e+00 -5.316507426385935764e-01
5.512254050465273947e-01 -8.598338023869982472e-01
9.632243095428485447e-01 -5.518160536607130684e-01
9.506911725713638184e-01 -6.246978685537232234e-01
5.942450336654147014e-01 -9.409733455677740110e-01
6.369885335973219931e-01 -9.040216873050482826e-01
5.761398126017132082e-01 -8.640291934107041660e-01
5.916042353751795879e-01 -8.156626933008922498e-01
6.250344614438585467e-01 -9.281264420075407973e-01
9.505312866814684680e-01 -6.575975997249842164e-01
8.604381166908959822e-01 -6.367520968334071663e-01
5.657290945241795210e-01 -8.704966249404239020e-01
6.285571764163553343e-01 -8.742368652997341005e-01
5.357069872562836288e-01 -8.492215118869491652e-01
9.925837699751426380e-01 -5.527780799995347660e-01
5.772973040510254172e-01 -8.728038406232567770e-01
9.758401779160771339e-01 -5.653231709689082729e-01
5.683643028799942876e-01 -8.892539024710479634e-01
8.059475265043529735e-01 -7.044322582165895019e-01
8.341198723376163082e-01 -6.573883464495531292e-01
8.509001160534866992e-01 -6.468846833539192431e-01
8.148088799453909736e-01 -7.059180713557751119e-01
9.869709473214697271e-01 -5.739780979245491244e-01
9.517990572948077377e-01 -5.782954934158669458e-01
6.196703119397217741e-01 -8.748810641754237727e-01
5.792894114316816667e-01 -8.836788750303601336e-01
5.644359008984057846e-01 -8.824012220436318055e-01
8.283905833803983931e-01 -6.709908194230718159e-01
6.072705491644809772e-01 -9.115772186036864566e-01
8.530190661280618869e-01 -6.717178509018104648e-01
8.197050720738109364e-01 -7.181136503809191218e-01
8.861174004138478999e-01 -6.954170016915000030e-01
9.009031276028811597e-01 -6.647833752618249603e-01
8.783746903081732782e-01 -6.292703655539689800e-01
8.931698334414844842e-01 -6.688118236154046992e-01
8.685156464650336527e-01 -6.963002255062944457e-01
5.109047747807853312e-01 -9.343807321544199684e-01
8.392579899090734097e-01 -6.824860307433924245e-01
9.112037363371957577e-01 -6.315708109192544883e-01
1.123543926810544047e+00 -3.713675471567540187e-01
7.617750375194203283e-01 -7.235448800851379536e-01
8.789121599931791762e-01 -6.786892959117674096e-01
8.550952602565489169e-01 -6.929679356667993728e-01
9.213872110583649633e-01 -6.035748283387805113e-01
1.079936574123703252e+00 -3.346581884911795646e-01
7.729457622210781365e-01 -6.699692161450410133e-01
7.178300920104561111e-01 -7.363465863934214317e-01
8.593589868242511587e-01 -5.967404346755161848e-01
7.461972352592597391e-01 -7.064134675275766106e-01
7.414809678006702987e-01 -6.930519304629728650e-01
6.890458756866957302e-01 -7.497760173700570574e-01
8.813362130958836138e-01 -6.484122239514272801e-01
7.512066960225480816e-01 -6.870867687470293417e-01
1.067420782680461144e+00 -3.335011912137186840e-01
7.001631204379178408e-01 -7.410849176436109520e-01
7.883282439829831789e-01 -7.294808836786902395e-01
7.008348343550189208e-01 -7.317646547460852080e-01
9.135654779904937017e-01 -6.634810477686252650e-01
7.877446451217844370e-01 -6.604452104930912393e-01
1.020576851686319619e+00 -3.715300736342570520e-01
6.384800829368363351e-01 -7.720502896556902250e-01
8.565571016273417770e-01 -5.827556113905842938e-01
1.015532315806543240e+00 -4.342243758800823361e-01
1.021860729068900131e+00 -4.367185101262245350e-01
9.286394881363301268e-01 -5.256725073313291974e-01
8.495057885711071455e-01 -5.957175438099061582e-01
6.736765378135979310e-01 -7.405319903128493308e-01
8.562170392958218246e-01 -5.861666465271087034e-01
1.033120171800364639e+00 -4.150112563697261336e-01
1.049903957531426402e+00 -3.993444930388093672e-01
1.012005580344344624e+00 -3.233167103977541701e-01
1.092810620466782678e+00 -3.737287978488873508e-01
9.976858381450017799e-01 -3.597611263747342303e-01
9.308050442547772807e-01 -5.126858688685030918e-01
1.056380075966654619e+00 -2.478310013115504751e-01
1.068455729158377165e+00 -4.684602444777779540e-01
1.084943012448593924e+00 -4.075488043875654665e-01
1.047514806125113607e+00 -4.412241382749295115e-01
1.065480374923878815e+00 -4.594320080036288223e-01
1.002119483685221857e+00 -4.559162430678520006e-01
1.049030245832429209e+00 -4.403685213586076008e-01
1.063576670413334702e+00 -4.639926662862522422e-01
1.068825060548978634e+00 -4.585981243631637172e-01
1.011501003851381641e+00 -4.696472246489704072e-01
9.257977058526181136e-01 -4.728086984049338914e-01
9.803005740163345250e-01 -3.594274202653908734e-01
9.122614651722830148e-01 -4.777300129027243769e-01
9.542547172880688766e-01 -4.697506105937635512e-01
9.855287285457221547e-01 -3.650914062408365801e-01
9.352115760575784309e-01 -4.722848150091191188e-01
1.012577775240224742e+00 -4.659001715032767277e-01
8.575093018109439802e-01 -5.439922427462539067e-01
1.049380935426638572e+00 -2.105894363777861822e-01
9.544414479601299739e-01 -3.547731236195890703e-01
9.785972173776718019e-01 -4.077301713923852655e-01
1.087137227666354899e+00 -8.175406388560474413e-02
9.679934501501612498e-01 -2.797006327079913368e-01
1.043584049981737483e+00 7.085105704304300867e-02
1.079037767280416560e+00 1.644122321284044175e-01
9.936951250055087170e-01 2.884320593658830090e-01
9.966368735493502662e-01 3.760963903523232843e-01
8.235025179127264394e-01 6.137181420971182799e-01
6.895450932972971847e-01 7.362845134045489237e-01
7.111804302785597054e-01 7.784643086659805977e-01
9.788396524933045129e-01 6.312177526168168962e-01
4.773362328645808783e-01 9.226870198643349896e-01
7.017571735690477652e-01 8.414206416170590952e-01
5.577490211484573690e-01 9.904480901432977102e-01
5.984125828269660774e-01 9.194557075692735282e-01
-1.344303727222529998e-01 9.938544090436173262e-01
8.631242556499785223e-02 1.018022826093740951e+00
-2.597415270423187802e-03 1.035281783236434938e+00
-3.930743145989149152e-03 1.043972620545128738e+00
-1.724037882598111193e-01 1.024168876185517663e+00
-4.140805944365674174e-01 9.593778453625270153e-01
-7.017735127121638161e-01 7.444667582039830034e-01
-9.726609943813672166e-01 3.045241131019046366e-01
-1.015429827851472178e+00 -8.422600621495428394e-04
-9.579862015325287805e-01 -3.446590932028752996e-01
-7.899847052212612963e-01 -6.229931087430966574e-01
-3.928045810466523902e-01 -9.691299917472413483e-01
-5.307941365331573236e-01 -8.625491242859870678e-01
6.431415749371204027e-02 -1.049684642058391404e+00
-1.725698234716737112e-01 -1.023168544260134816e+00
4.356184032894254710e-01 -9.929474393628842099e-01
4.368600436992273184e-01 -1.013607112543703836e+00
1.801075734632323622e-01 -1.038343817282354253e+00
6.901489831615756909e-01 -8.000725106873414205e-01
7.295791385396026563e-01 -8.699718774073675887e-01
5.820163675982844564e-01 -8.158530494261168053e-01
5.762761324391832973e-01 -8.977788559478292463e-01
8.801533054946353296e-01 -6.613040731446564457e-01
6.780909577889370210e-01 -7.432400846772605485e-01
1.061403313434047035e+00 -4.072775645366665809e-01
9.040886182149587835e-01 -4.570125941193787233e-01
9.708232197446963196e-01 -2.859971835956652275e-01
1.073596950768527680e+00 -1.385496670457359303e-01
1.047091747681158980e+00 -6.027262228129511012e-02
1.097324184339499631e+00 1.233451122927910759e-01
1.074600327096632224e+00 2.024072063022336609e-01
1.010244987539971717e+00 3.110276767147258092e-01
9.794100340687855732e-01 3.800714258684491642e-01
9.811612613423059681e-01 3.907489700550922929e-01
8.990266335795136232e-01 5.364137633772869673e-01
8.508922309504617365e-01 6.358881176368779142e-01
7.284878504591280057e-01 7.092993249641660336e-01
7.192647605050882520e-01 7.172424493310848304e-01
1.047290296498292195e+00 4.284027485495838228e-01
8.844506590327039230e-01 5.668203956888554496e-01
8.639911481075908117e-01 6.814113568942112842e-01
8.332253471539956546e-01 7.073021366115499475e-01
5.458796641561703966e-01 8.608476457183608099e-01
6.811982256474682362e-01 8.575513946453297009e-01
3.803496059842286225e-01 9.889826396262866304e-01
3.435648371721359284e-01 9.892430125858474588e-01
9.648561234828612054e-01 5.948965479560074376e-01
7.075893773517991647e-01 8.455734603155925511e-01
9.891991480653868907e-01 5.862839633145110474e-01
8.251235769792979458e-01 7.540436093391614802e-01
7.427752587433735787e-01 8.363842687093167028e-01
5.653635852608714929e-01 9.896000257798702737e-01
1.652870533607107839e-01 9.990229717712197921e-01
5.979715930061865192e-01 9.220719991512176250e-01
2.513680027368419001e-01 9.933202766896668257e-01
2.958441607122291178e-02 1.019006746164271116e+00
-1.142560875369089263e-01 1.001189436554019041e+00
-1.264396653351895494e-01 1.018410642599960614e+00
2.863690795440126252e-02 1.039542130552942201e+00
6.774371488294811394e-01 9.052620550315836345e-01
-2.556712582939946188e-01 9.753468222066284943e-01
-3.900966604291054157e-02 1.069007212356256620e+00
2.027981612154063917e-01 1.029909227790996695e+00
-6.885286297609029271e-02 1.014646971932799957e+00
4.402004038751815979e-02 1.043620077145428704e+00
-5.029416298253807094e-01 9.446396257830953491e-01
-7.859239614288026088e-01 6.705621334893443475e-01
-4.319674672603733279e-01 -9.552574959031850943e-01
-5.244579633679398167e-01 -8.662947876496306376e-01
4.833912755905672015e-02 -1.037622588989028038e+00
-3.851484619033946483e-02 -1.032685147474220244e+00
4.581864122657488547e-01 -1.054377705847017621e+00
-1.539430873944395151e-01 -1.036827836066624764e+00
-9.237597768798043452e-02 -1.052299458510312258e+00
4.811365936159285317e-01 -9.996202933625779607e-01
1.602556004271215792e-02 -1.025092974431551562e+00
4.336712668307891039e-01 -1.050939729984045945e+00
1.478055998125853421e-01 -1.019315344796097866e+00
4.634517510032432619e-01 -1.015527522968729057e+00
9.419808914101304720e-02 -1.027044951461425271e+00
7.924963179441780747e-01 -8.288832678398829756e-01
6.161327375959261277e-01 -8.251555362133072835e-01
7.037911775254200863e-01 -8.305221462079929173e-01
6.672501595651374462e-01 -9.203658991397321021e-01
6.507800521534666816e-01 -9.321366316231473048e-01
7.256898041332975335e-01 -9.121023884430894402e-01
7.264992018403160223e-01 -8.874215066925290607e-01
6.214481988760625075e-01 -9.479054826315002069e-01
9.287168049816079129e-01 -5.632291849154446028e-01
5.430180901934008597e-01 -8.636501641042859667e-01
3.460317013612097536e-01 -9.551154609422013442e-01
5.918245620688705744e-01 -8.946851247602227719e-01
6.120596488903772281e-01 -8.908253224387615576e-01
1.139696045935439717e+00 -4.193866449651561523e-01
9.001216215786790320e-01 -6.958856798916163156e-01
5.444351531424316271e-01 -9.223707706724365574e-01
1.057023140285997087e+00 -3.588103750967580607e-01
6.404211252058937820e-01 -7.768955961635662932e-01
6.758478548910333839e-01 -7.378818718926014597e-01
1.071501377604325844e+00 -4.151174720586409128e-01
1.013499610569114529e+00 -3.812484694435025467e-01
9.251849067194676257e-01 -4.595210074153316393e-01
9.532773560061900131e-01 -3.516322074316448054e-01
9.911791865651408129e-01 -4.054950544031725168e-01
1.071853825244396985e+00 -1.213050367516139011e-01
1.041786274009445235e+00 7.939924344151209901e-02
1.060798893740694027e+00 1.927400780437788508e-01
1.014795890037746506e+00 3.020090547738876197e-01
9.977118819995557386e-01 3.831788175962363985e-01
8.992928965178607070e-01 5.380560890288702547e-01
9.393225466621406561e-01 5.733499372964608876e-01
8.330207952199206733e-01 7.161745841191685669e-01
8.485257394800996833e-01 6.919959662725440053e-01
4.750692798177506004e-01 9.208790446076809966e-01
8.589954050017899467e-01 7.482338493535625190e-01
5.440782174672728067e-01 9.670944548288097353e-01
4.875032366769200265e-01 9.609418418506876503e-01
-9.986850022695238638e-02 1.001226479200102215e+00
9.981564605161934167e-02 1.027175091797839723e+00
6.144978327406201701e-02 1.060631433589723560e+00
-2.479797344083398691e-01 1.039519179110041547e+00
-5.235368942312395024e-01 8.945067536359007088e-01
-7.579124122830658283e-01 6.733149342238262669e-01
-8.274200184123817747e-01 6.501778985027456548e-01
-9.695820858318132673e-01 3.204720397721219638e-01
-1.017429843086114394e+00 1.723679011735780630e-03
-9.648952790056722906e-01 -3.560258700554161382e-01
-7.760428005313905198e-01 -6.996636982730474186e-01
-6.150218747600846303e-01 -8.444986474347044858e-01
-4.720563137325260450e-01 -9.152231591662939314e-01
-5.013065379251836484e-01 -8.661130718203727819e-01
3.404291898943187511e-02 -1.057805591147035429e+00
-3.895310893274908648e-02 -1.069238076537047943e+00
2.404843261870201754e-01 -9.976014572433513639e-01
2.771231254872885130e-01 -1.025574909002251456e+00
8.163511402640655223e-01 -7.847600092165001318e-01
7.301256548680674641e-01 -8.526221856808893218e-01
5.785195367488464857e-01 -8.241118944822195536e-01
5.356568258286719120e-01 -8.759021681989481722e-01
8.415030303268428158e-01 -6.783962125148825795e-01
7.029247303319209328e-01 -7.285178204647219102e-01
1.090484584600370566e+00 -3.811939634485641548e-01
1.044403060494363933e+00 -4.469028736901886067e-01
9.853444665097194077e-01 -3.780176798845927832e-01
1.068815434111685336e+00 -1.610550730139344855e-01
1.045967693689720202e+00 -6.886436851045808771e-02
5.600257590202395441e-01 8.804807870431082817e-01
8.778554328830696640e-01 7.121449201666854023e-01
8.063289493916222517e-01 8.007372240049074330e-01
4.961284723619995285e-01 1.033805386928179137e+00
4.448159984160629521e-01 9.734386342121388314e-01
5.160324000868717897e-01 9.377724680773719124e-01
-1.032406713935685727e-01 1.020166110794915815e+00
-1.244528650764352012e-01 9.999090065826261586e-01
-1.537928651719645268e-01 1.017138407803689581e+00
1.887294556595734696e-01 1.013796521385428084e+00
2.218350915009399682e-02 1.061393482613059769e+00
-7.834029636630068794e-02 1.015505947483002158e+00
-4.339586693348444768e-02 1.033820591215852902e+00
-5.658841915658238131e-01 8.648145731673899661e-01
-1.804335147844892961e-01 1.049002039334549163e+00
-2.046448263898967002e-01 1.040142294817680391e+00
-5.317833738192283555e-01 8.914318861518494286e-01
-4.881090219791253126e-01 9.572819167254472683e-01
-7.892201043819916384e-01 6.787418886561203957e-01
-8.507437173102437855e-01 5.557944990901875215e-01
-9.398198676264842844e-01 -3.675405982203216460e-01
-7.627568706548444322e-01 -6.857142379429640444e-01
-8.223207860325316698e-01 -6.272758072352436765e-01
-7.714021091599203572e-01 -6.386583415752667969e-01
-6.326619766089111030e-01 -7.983881594773861723e-01
-4.401054278534374808e-01 -9.213591719477431941e-01
-3.947541504352286013e-01 -9.250785293736075721e-01
-2.088605695038887045e-01 -1.028026615003754918e+00
-3.296986408210862418e-01 -9.461603782622964864e-01
-4.307882045786642217e-02 -1.052912169638895667e+00
2.109427109857350824e-01 -1.091993938763716976e+00
3.021620700363363346e-02 -1.084313494570966263e+00
4.846405864026386290e-01 -9.906438470605658519e-01
1.542770926910120854e-01 -1.084534352389738610e+00
3.001505831097348032e-01 -9.864499929040806414e-01
4.973463408624551052e-01 -1.012908426010527885e+00
2.544697057451708044e-01 -1.024695827099648016e+00
1.253021393708538267e-01 -1.013122654047258431e+00
7.912532848713677014e-01 -8.316896535221599551e-01
1.366216001988141415e-01 -9.980379139210534545e-01
7.631217790285239611e-01 -7.987632974757090665e-01
6.343980079266412497e-01 -9.146190140896368614e-01
1.039816068346137046e+00 8.495217575932850762e-02
1.035141010103674652e+00 2.195274300228723940e-01
1.022763427455670282e+00 3.347340536371478104e-01
8.564816179637871896e-01 5.482801426607719630e-01
8.367163170856809495e-01 6.114779188070579297e-01
9.221557659050955147e-01 6.112508984851812155e-01
8.628825430057712742e-01 6.862199767288710284e-01
4.201783859066787752e-01 9.102779001770221479e-01
8.125404452147353407e-01 7.866672253889999133e-01
5.427999443684389247e-01 9.935293661776086749e-01
5.984215241894583759e-01 9.203847542999333831e-01
2.298759932210078794e-01 9.928858004995421149e-01
1.858422425479344664e-01 1.011505067703360128e+00
-7.763086633107710299e-02 1.043291535181359864e+00
1.460851020007143952e-01 1.055527784661603352e+00
-1.655402804023841656e-01 1.029999327542608034e+00
-4.642367370803852089e-01 9.462672206682567477e-01
-7.978446594852663942e-01 6.384756140184713047e-01
-8.530396838878230303e-01 5.820312222794871149e-01
-9.808784352746633406e-01 3.232545548611608921e-01
-1.019581786441696947e+00 1.179552346630403144e-03
-9.893800055912520541e-01 -3.365856604746972347e-01
-8.635803308680572998e-01 -5.745441635746425524e-01
-7.414063591845994061e-01 -6.730423407916401590e-01
-4.337678483093622694e-01 -9.893824274213345316e-01
-5.464133132192932063e-01 -8.625304359388284992e-01
2.254564894852050805e-01 -1.103371943301479696e+00
-1.528791979591205830e-01 -1.029009790707796190e+00
5.096518277349767478e-01 -1.006583937008310059e+00
3.996322375864944654e-01 -1.012688906296651092e+00
2.388995260858581271e-01 -1.037277765396732443e+00
7.086617801172498954e-01 -7.987907461196249725e-01
3.789800627762093255e-01 -9.486772587614465957e-01
5.318210288623133053e-01 -8.643211316467936944e-01
9.472474868433125028e-01 -5.965353784415149407e-01
7.102848387427304067e-01 -7.331965400604818495e-01
9.722960028732264837e-01 -5.097927473732986048e-01
1.027101222274709347e+00 -4.828785202196598236e-01
9.852018328618511456e-01 -4.159213943495993493e-01
1.050064758904612816e+00 -1.913527527243022996e-01
1.044058835373766536e+00 -7.531458944748239959e-02
9.163478675999824352e-01 4.948769611082743380e-01
7.130229031162760300e-01 7.092007888015127159e-01
6.681094813518667630e-01 8.122411806304662418e-01
9.146823015727864048e-01 6.588044706061557676e-01
3.972303832650159738e-01 9.953592273153979431e-01
5.876500392532759687e-01 8.761206694909793313e-01
6.610428526379534819e-01 9.050414857861137641e-01
1.124171676863519043e-01 1.032541291911934556e+00
3.358552563462878782e-01 1.040628253854519736e+00
-6.069859560451333624e-02 1.053513802222250328e+00
2.442251009239791715e-02 1.051547157657995113e+00
9.025676644125429915e-02 1.046491433659102022e+00
-1.857788325587918232e-01 1.024214795028569380e+00
-3.750010358118359144e-01 9.474179532286396421e-01
-4.133622922953456014e-01 9.747576658273211514e-01
-7.458058830401260719e-01 7.036656919297759050e-01
-8.827820464992884864e-01 5.039575139550080962e-01
-8.819680550734247948e-01 -5.302405652394374114e-01
-8.070218250295158047e-01 -6.220653489770368028e-01
-2.995343252414118806e-01 -9.892720628137576799e-01
-4.199035194786539527e-01 -9.210352469432129263e-01
-4.818009330815741786e-01 -9.295679441974640245e-01
1.765349429786186586e-01 -1.073615892009375905e+00
2.107798672776923787e-01 -1.090679979517885201e+00
-1.237154997165301196e-01 -1.048891574995067799e+00
4.801708788838693343e-01 -9.641840823360270374e-01
2.078973150201841313e-01 -1.044730048304584713e+00
4.633134712856753490e-01 -9.401860760380131854e-01
4.156518152763997165e-01 -9.303772616536277740e-01
8.615368726614232031e-01 -6.343111056857965169e-01
7.375452511682080159e-01 -7.324147445706218340e-01
9.342193609944441368e-01 -5.310316201279914328e-01
1.064021710050272240e+00 -4.751471782292566726e-01
8.890636924877169944e-01 -5.238834216684311595e-01
1.038321633560084001e+00 8.910046241317684523e-02
1.011974487416684054e+00 2.338310266168817653e-01
9.785930384813062988e-01 3.694797909927385882e-01
7.984481768655420364e-01 6.534731637046686803e-01
9.257938777169014699e-01 5.732673513279317179e-01
7.031604895479856010e-01 7.818051401142082080e-01
9.765042897298984448e-01 6.276420748236115621e-01
3.876078472088128613e-01 9.618190438042888424e-01
6.913830395551591179e-01 8.587754733167655141e-01
5.589155637455929249e-01 9.576446870464901950e-01
6.724547253242231237e-01 9.155601937516401057e-01
-1.050974817117938942e-01 1.001632258559318922e+00
1.430952026423792378e-01 1.028569965466148650e+00
1.648838520102721347e-02 1.063821938262237143e+00
-2.096454212559647479e-01 1.040034450555750611e+00
-3.257475729316139379e-01 9.956863390125642033e-01
-4.093020322124125698e-01 9.642581212951595315e-01
-7.616550437693236919e-01 6.805642052292736333e-01
-8.745018799235042550e-01 5.441230414505033863e-01
-1.002957501848796840e+00 3.014888171849793297e-01
-1.022223594724435358e+00 -8.091768867210314461e-04
-1.006855668070092857e+00 -2.985269989434484739e-01
-8.907103291919591381e-01 -5.175356864079104779e-01
-7.700262967473555653e-01 -6.495798237971773803e-01
-4.062371691996577439e-01 -9.993896330034266473e-01
-3.535429600048706211e-01 -9.622968592309687486e-01
-1.756227094678215472e-01 -1.049362870411394866e+00
7.423227202999348184e-02 -1.058870344409120756e+00
-1.497126971923898320e-01 -1.016473678687757509e+00
4.617950928674900979e-01 -1.008081324737465367e+00
2.819717972587214572e-01 -1.023080961805170386e+00
7.455431702171505526e-01 -8.890000061181709823e-01
6.571474004026542914e-01 -9.348722352519514001e-01
5.806174366908144480e-01 -8.659814233030360686e-01
7.113076354829647174e-01 -7.508902131498138566e-01
8.282768207146200545e-01 -7.185756880050143680e-01
8.421031155595729567e-01 -6.129640708599871646e-01
1.006608513542533112e+00 -4.914499642185221062e-01
9.286706421758371688e-01 -4.265723802640390971e-01
1.028618408092655478e+00 -2.155621031318856740e-01
1.042362393098220652e+00 -7.969378847951694156e-02
7.974570141485070041e-01 6.704017451448012199e-01
8.666661930577156392e-01 5.416216561818197883e-01
7.121008955839931431e-01 7.145650064670989732e-01
7.198898059514082792e-01 7.038748959564693486e-01
7.101245116637233679e-01 7.439540506862822866e-01
8.407175361655128132e-01 6.963581672036037729e-01
3.948542775338258481e-01 9.272591243680939899e-01
4.403793892389512021e-01 9.313493826965911770e-01
6.453917784971315852e-01 9.059081641805256657e-01
-1.200324918816603748e-01 9.960193866649449390e-01
-5.261113344018652355e-02 1.064842972999290538e+00
-2.482220935164030917e-01 9.920448210137435829e-01
-5.096707879863578983e-01 8.902588898447664212e-01
-5.784526105325016321e-01 8.608980937422945345e-01
-4.331054405340331592e-01 9.441885878611949723e-01
-4.653624988451550148e-01 9.096947018969628873e-01
-7.924263644607342227e-01 6.486849080649641497e-01
-8.463701278063880951e-01 6.235499702427315105e-01
-8.887133315070291362e-01 -5.388199436136422715e-01
-7.834820199069314484e-01 -6.228713799398515327e-01
-4.137126894220108930e-01 -9.532859862448758159e-01
-3.834008699899155159e-01 -9.833110139552866391e-01
-3.997467153151500474e-01 -9.353936903853934393e-01
-5.079197919993956312e-01 -8.621217084625625304e-01
-6.852732690629309564e-02 -1.078304053414016472e+00
-3.007809823905291946e-01 -9.581749528197631705e-01
2.056307460316448427e-02 -1.094089656469819261e+00
4.125240506851369782e-01 -9.830561001340675231e-01
6.907269091524380622e-01 -9.178963942204073634e-01
6.269530818623655355e-01 -7.850584858464564331e-01
9.439910783171895359e-01 -6.471458523534155960e-01
6.977396879848279942e-01 -7.446902491313048822e-01
7.604722615901789995e-01 -7.274043019717540970e-01
7.716955273873417065e-01 -6.618414928563518540e-01
1.047434320389485585e+00 -4.704359838447921272e-01
9.086723606621089910e-01 -4.290586802045099346e-01
1.037954529672638682e+00 9.117050489701071514e-02
1.001174001780514855e+00 2.415910576422084510e-01
9.660636545347470738e-01 3.848311994707617201e-01
8.037178762010391830e-01 6.459320848533076642e-01
9.117044630075306078e-01 6.152882729487300084e-01
7.205603165435215951e-01 7.878394539028359400e-01
7.803348401983030147e-01 7.880597282036846396e-01
4.888648098295128031e-01 9.127364377009266061e-01
4.132439589402049362e-01 1.011968381779552617e+00
6.065671695583270129e-01 9.402757382470888770e-01
4.028293420696130722e-01 1.044036755788203319e+00
6.575345941816590489e-02 1.024018158814875123e+00
-7.148154088213654056e-02 1.021272326352240523e+00
9.965762572418680743e-02 1.076361883752315451e+00
-1.517143771048792833e-01 1.040789429550760703e+00
-5.005689122773973043e-01 9.136486778004254683e-01
-6.259793526392593010e-01 8.308826650678018400e-01
-7.272488103732925868e-01 7.497593971575945426e-01
-9.146142575108234807e-01 4.991621968616942739e-01
-1.018532633059954673e+00 2.663891058606928097e-01
-1.025521441038883985e+00 -2.712338517132824312e-03
-1.013467558146295744e+00 -2.660252446874768473e-01
-9.081140605079641714e-01 -5.051199605994264319e-01
-7.924540118587726223e-01 -6.416524196874976438e-01
-5.761976355205639111e-01 -8.815868759043756775e-01
-4.545665249994021995e-01 -9.415126374556735955e-01
-4.641235136979838805e-01 -8.977884231943907833e-01
1.337473620767630489e-01 -1.114826741879465510e+00
-1.396001496539095721e-01 -1.032084665020961411e+00
4.213634651247206708e-01 -1.065896125235157754e+00
3.937913762238439142e-01 -1.021402586777302224e+00
1.818362144602656549e-01 -9.851043180556935397e-01
7.375387973223026528e-01 -8.560165636650025611e-01
6.337905893099127219e-01 -9.155099320127266793e-01
5.528643394976038294e-01 -8.347867048177722848e-01
8.885829069924984225e-01 -6.680928245546166044e-01
7.754586599873708463e-01 -6.659728437936548451e-01
1.010335386759110277e+00 -4.913797317987859681e-01
9.050003394026876480e-01 -4.284057364126238610e-01
1.013829459490700025e+00 -2.293719820411785904e-01
1.041766571713077516e+00 -8.253817515755411394e-02
8.530938862052002136e-01 7.108036853526318311e-01
4.400272142943187914e-01 1.010161397302595354e+00
5.248363913845848217e-01 9.333471859487981748e-01
5.463489985770774160e-01 1.024717258768492512e+00
6.481597953206061913e-01 9.724909754619904811e-01
-1.135484605943292563e-01 9.979052579491953789e-01
-7.763883132253177055e-02 1.041077268278185253e+00
-2.705432542917593497e-01 1.000662784564059882e+00
5.864883438580853481e-02 1.072739255756633092e+00
-5.421693317801972167e-01 8.583186502910117310e-01
-4.712599674023901786e-01 9.310521663479391918e-01
-6.971741473489680985e-01 7.235871505527060599e-01
-6.173359411156056353e-01 8.522529553476023700e-01
-7.107384366999301983e-01 7.655631936565020501e-01
-8.979238275605126995e-01 5.336264975178403036e-01
-8.953599013377334659e-01 -5.136296552794759052e-01
-7.834909342685478784e-01 -6.611769902708921620e-01
-6.076268866073006869e-01 -8.415368006512772281e-01
-6.062016477902655298e-01 -8.375141987573652136e-01
-3.184751121107110006e-01 -9.870021853488271102e-01
-5.473477733919241972e-01 -8.550588579756496221e-01
-5.183535144382456217e-01 -8.667458463742454544e-01
1.390087176694065618e-01 -1.101505706916035221e+00
-1.205692762039366622e-01 -1.005970361022464843e+00
4.532631980348260092e-01 -1.050924578119722952e+00
4.756481429940579431e-01 -1.028070277082884898e+00
2.782840408233063223e-01 -1.001263734485652313e+00
1.648212016780370159e-01 -9.930356361349556016e-01
1.364894711845761333e-01 -9.946457265953160265e-01
6.118673625157098339e-01 -9.284359426541127780e-01
8.054912185191629437e-01 -6.503229378538172289e-01
1.039051453342886733e+00 9.071498658524716763e-02
1.004000409661340187e+00 2.416845078390726376e-01
9.687490975445975927e-01 3.842704486334578284e-01
7.980600812147387035e-01 6.103594319386307365e-01
8.598933915288147212e-01 6.581080450756029432e-01
7.599638032453883696e-01 7.721485233705105422e-01
6.082364678522899082e-01 8.393697010768518263e-01
5.483585387010450063e-01 8.866239306518171048e-01
4.874510791645527696e-01 1.000520637447428918e+00
5.761849505206843025e-01 9.983054075616785150e-01
2.082024579377595441e-01 1.004251919265968462e+00
1.481729323950639332e-01 1.036860029867239019e+00
2.144973958859883872e-02 1.064370836509974438e+00
-2.453463938068777550e-01 1.009271500716478087e+00
-3.278881315052531997e-01 9.948280491412925253e-01
-4.194245184995004649e-01 9.721721340066373784e-01
-7.173912718880018913e-01 7.039225638439523536e-01
-8.185914387193683472e-01 6.664817452471650805e-01
-9.294635820522653136e-01 4.426335470826710528e-01
-1.025534447691172968e+00 2.361607318436933778e-01
-1.029122677511367767e+00 -2.951452366510700937e-03
-1.018415789721988540e+00 -2.395532043354049456e-01
-9.226068763051095134e-01 -4.500360894573068871e-01
-7.832471759759811469e-01 -6.966428864349761829e-01
-6.624750719728090820e-01 -8.059932554221068690e-01
-4.391016312830476886e-01 -9.912812604689719143e-01
-4.002725482405375401e-01 -9.434797580767001479e-01
-1.091589578082002160e-01 -1.075227956717144107e+00
6.586785334611908183e-02 -1.084787792578416621e+00
-7.648941798708225326e-02 -1.009154692885191107e+00
3.923446839300085420e-01 -1.043886897817229098e+00
1.514115246957535021e-01 -1.007264801824259592e+00
6.793259352418503649e-01 -9.352876808325859548e-01
6.401456806657888077e-01 -9.133205918324086570e-01
5.394123201816100055e-01 -8.702192384851510365e-01
9.058564774608021120e-01 -6.656495844832411857e-01
7.733772445583569910e-01 -6.722577853826015026e-01
9.705604699384375866e-01 -4.993702145296017303e-01
9.179242494138019071e-01 -4.295984328205945668e-01
1.009343210002292102e+00 -2.351017170578642013e-01
1.042655025809849922e+00 -8.234545307491045185e-02
7.127036140187958946e-01 7.879431493623518801e-01
2.125214996161694236e-01 1.003697682455814588e+00
4.113334274481085240e-01 1.051326261769357062e+00
1.967671367194447352e-01 1.023717562727537223e+00
2.597423364801099699e-01 1.032175966771263553e+00
9.461934061042469313e-02 1.053824055456289877e+00
1.566690619579235930e-02 1.098213793450585785e+00
-2.200661815385680509e-01 1.028218806702391630e+00
-2.803286335225598780e-01 1.032067053323696637e+00
-5.095944013857511834e-01 8.758042011209722366e-01
-4.192580273516781642e-01 9.546975104504675791e-01
-4.446098768007435975e-01 9.273986284180517625e-01
-5.771782184331887278e-01 9.107546147866941721e-01
-7.938871653362356007e-01 7.034876083865619911e-01
-9.393859320275579350e-01 4.405683025719612789e-01
-7.705359996953194957e-01 -7.006764277938662966e-01
-7.289719600159777491e-01 -6.916871887448013956e-01
-6.837079772284616608e-01 -7.697340188957509932e-01
-4.385429197903611964e-01 -9.917352195882521704e-01
-3.385961616073822622e-01 -9.587288356871576100e-01
-1.047385425068237536e-01 -1.079062756619700636e+00
-1.301843223495579016e-01 -1.072906308127699715e+00
-8.218172031466562666e-02 -1.012003602670201508e+00
-1.453403449326723385e-01 -1.017159001861410506e+00
-4.603770746573662698e-02 -1.013348622651595754e+00
1.476781158859886978e-01 -1.006980781818205273e+00
1.040857209741792966e+00 8.878214576316195705e-02
1.011552036543207134e+00 2.388582958498957631e-01
9.722569659482724891e-01 3.809855126655329882e-01
8.342104334382892672e-01 5.753982794045926497e-01
8.284984481019702640e-01 6.812293763222549980e-01
7.633598837787407554e-01 7.667861359803844756e-01
6.024779699343422168e-01 8.428803332478120858e-01
4.487055170199021892e-01 9.279254930172410321e-01
5.154883874169063906e-01 9.989090948836727435e-01
3.989710603261045763e-01 1.041857279887860033e+00
1.391867306148836247e-01 1.021482826938546973e+00
-7.772886368384764044e-02 1.008523051026130934e+00
-3.939530522923177791e-02 1.069893658221502841e+00
-1.786595655993628295e-01 1.059666622420719184e+00
-4.794755439307360478e-01 9.080633798809834012e-01
-5.634958063019239738e-01 9.074299939494195888e-01
-7.369214699488125797e-01 7.072173791003832921e-01
-8.524697669643742648e-01 5.950500891502565892e-01
-9.459462849932755990e-01 4.134636176561792831e-01
-1.028677302933830973e+00 2.113714066091519350e-01
-1.032765375412307174e+00 -3.220194522165931161e-03
-1.022644530802953922e+00 -2.176483817650083086e-01
-9.369115998687077562e-01 -4.072243513246255886e-01
-8.549134054204823308e-01 -6.333753688182971464e-01
-7.328649449903327229e-01 -6.923731518323666956e-01
-5.767111682825094565e-01 -8.733006913210717981e-01
-4.826155856741571881e-01 -9.090697353980145001e-01
-2.827955030424121885e-01 -9.763288396474572028e-01
-1.126511348325347737e-02 -1.089951546026387996e+00
-4.983455315535719604e-02 -1.037479930878594914e+00
2.883102346800037186e-01 -1.053147883053924039e+00
2.546210549489960617e-01 -1.012392840388847137e+00
4.015909683903848282e-01 -9.565721892183953745e-01
6.224406575469959568e-01 -9.283272366876362813e-01
5.488438489593225889e-01 -8.612487046897415732e-01
8.612909727639075363e-01 -7.094424230884243121e-01
7.886935715058968066e-01 -6.702070425603858794e-01
9.454954559622169574e-01 -5.020153285001697219e-01
9.497072277195742762e-01 -4.294482714414442071e-01
1.010115454137808344e+00 -2.368567566516938672e-01
1.044000960930399957e+00 -8.059599818745306898e-02
1.087165298702086558e+00 2.138396317419731796e-01
9.609140635771116212e-01 3.996304242146219710e-01
9.761501427038117296e-01 3.949369511808056288e-01
9.334469445312068014e-01 4.997554980914778455e-01
8.042826654544187326e-01 5.968692194727062139e-01
8.660194494409089172e-01 5.632779652049337837e-01
8.146590937861442061e-01 5.854954076176429600e-01
8.737460338309496199e-01 5.630116787505756726e-01
8.827182172898681012e-01 6.430337963562603454e-01
8.914723800560335754e-01 6.257214490537095219e-01
7.591318736958260205e-01 6.886811176945862867e-01
7.564584845277566583e-01 6.942059256984929316e-01
8.710864327098092330e-01 6.896501353750276175e-01
7.929638864732395653e-01 7.401222041398460849e-01
7.056054275708918411e-01 7.805179751606661220e-01
8.088684694839443079e-01 7.352299618807885961e-01
4.862965682340319451e-01 8.874568393122196364e-01
5.935211226656232908e-01 8.499449579998885618e-01
6.291631494650201661e-01 8.379650132534597340e-01
5.478581881872629511e-01 8.518374291788525232e-01
5.446680395788853213e-01 8.976727761948297690e-01
6.506761658890257705e-01 8.654462907117516091e-01
5.492485079772309042e-01 8.879290172802707382e-01
5.127508307522063991e-01 9.107389002907769759e-01
3.919770410126354743e-01 9.620582179628677233e-01
2.765626074980465643e-01 9.750983552016877498e-01
4.719569482393583537e-01 1.012151739141749607e+00
5.054328470570895737e-01 1.011405706131920379e+00
1.060136174024723654e-01 1.019639078020519785e+00
3.203873074344537565e-04 1.041447879451736558e+00
-1.422085090946866304e-01 9.968090339113049314e-01
-1.638882193460760583e-01 1.035887120900640390e+00
-4.435665730333814838e-01 9.167236410492258791e-01
-5.510989473624459123e-01 9.163559904124163324e-01
-5.788315756612490981e-01 8.925179112761745248e-01
-7.838958947196085214e-01 6.643330867318359978e-01
-8.620299268825382111e-01 5.097448828409761878e-01
-9.423039881811329233e-01 4.404284873360571617e-01
-9.547796500945291420e-01 -3.701291336175822622e-01
-8.284866340625059999e-01 -6.735827091070136774e-01
-7.688355647876684573e-01 -6.409077510765023300e-01
-7.542686382514350862e-01 -6.679116001449525442e-01
-5.296989253532611297e-01 -9.620700265849481125e-01
-5.379382774073254714e-01 -9.363634443442017119e-01
-1.852755831172484269e-01 -1.058919915701503234e+00
-3.406889451035492455e-01 -9.498073330464575914e-01
-4.122839850648439275e-01 -9.257999172533066812e-01
-8.863663049676939742e-02 -1.057365087103452783e+00
3.569163353478442269e-01 -1.066645823833519691e+00
3.492248396417902412e-01 -1.012846934733018012e+00
3.060579140612472160e-01 -1.007697957744183581e+00
2.791681766871302872e-01 -1.009955691982521886e+00
3.281918544748099187e-01 -9.649882547258189502e-01
5.993828942460681652e-01 -9.301892180006634536e-01
6.582586521888760256e-01 -9.001376959730279514e-01
5.073918859668375969e-01 -9.407139616790529679e-01
6.749186853719164603e-01 -8.918751648891226624e-01
5.513111263591233824e-01 -8.774436763883223245e-01
5.693632364485844422e-01 -8.290436977178522460e-01
6.254829834753354856e-01 -7.936481759437860051e-01
6.655969670647337022e-01 -7.926294397748065990e-01
6.344380011584374035e-01 -8.118002345204577974e-01
8.082172944792062053e-01 -7.269081011811837634e-01
6.386018217187389157e-01 -7.791317696917803293e-01
9.121435933306605293e-01 -6.793597596380888115e-01
9.040864264724405297e-01 -6.920444729484926949e-01
7.473054647938308648e-01 -6.782697527449095265e-01
8.107394834169493469e-01 -6.519029865057102135e-01
8.112305481182615630e-01 -6.498008233880062656e-01
8.717983115312462061e-01 -6.054778744238948907e-01
9.589174955070265405e-01 -4.964979038547104873e-01
9.813411115955078534e-01 -4.922080511990855611e-01
9.186488148479526883e-01 -4.147731743789748737e-01
9.050648276853654473e-01 -4.285107681799972257e-01
9.946463316735814075e-01 -4.235872408510415466e-01
9.772262783429891408e-01 -4.134604418375073531e-01
9.841717233920774799e-01 -2.505550224813715143e-01
1.027109305882385915e+00 -2.265099629557699168e-01
1.041541497031864383e+00 8.639266935949500847e-02
1.012949187478140445e+00 2.400935502638348873e-01
9.655619708994637174e-01 3.884015205973997409e-01
8.564971279888611289e-01 5.653859094344572123e-01
8.036554187474694855e-01 6.885662505097023267e-01
7.363477416675147103e-01 7.792734021182520232e-01
5.915352745990426486e-01 8.515177541942340333e-01
4.328609906068582869e-01 9.411538895384897740e-01
4.409509675066237144e-01 1.014522458969427054e+00
2.586077360576133355e-01 1.005574524454571961e+00
1.000882150016424027e-01 1.036437688006872637e+00
-3.498364509630907254e-02 1.046373757534144744e+00
-2.260116618796502441e-01 1.012632580988497288e+00
-3.349506275437638125e-01 9.924115756003495381e-01
-4.755536671363009837e-01 9.514717081275196886e-01
-6.377197188699903485e-01 8.352206826508732362e-01
-7.627869070963430032e-01 7.142130925083607362e-01
-8.772401157319430487e-01 5.460373409796140942e-01
-9.567606132875237090e-01 3.783483833982471123e-01
-1.030243497943155617e+00 1.911814677218473257e-01
-1.036645889715503088e+00 -2.844941499638572405e-03
-1.026060968440702936e+00 -1.979289375811809915e-01
-9.553341517501957592e-01 -3.813257648633850416e-01
-8.769069148474379904e-01 -5.542357178020753672e-01
-7.766352854750897539e-01 -6.580995162897634865e-01
-6.309842718181924992e-01 -8.458815485970228032e-01
-4.796131723586551932e-01 -9.583034786171975572e-01
-3.398249790823807404e-01 -9.733470648287456672e-01
-1.403699285499051264e-01 -1.069570680015758057e+00
-2.853620133849851456e-02 -1.060009137457873507e+00
6.496767789301566287e-02 -1.036751247547415433e+00
2.611182166800322113e-01 -1.025499895069484690e+00
3.190030271199965073e-01 -9.785537360759466452e-01
5.539735119425402976e-01 -9.371228035784178179e-01
5.889500567413680221e-01 -8.607549695903915499e-01
7.332982415593386483e-01 -7.389479724199683464e-01
8.019653129758794741e-01 -6.736492832789335861e-01
9.103190271724100890e-01 -5.186003091859375802e-01
9.671004147052500999e-01 -4.244441204644920917e-01
1.006926145089503288e+00 -2.422390737726787535e-01
1.043499435639740902e+00 -8.184627109426133307e-02
1.013753056006136299e+00 2.537027018814266288e-01
9.918393890593261153e-01 3.650118728305371540e-01
8.972747396428313316e-01 5.640004384496559720e-01
8.362151470398004882e-01 5.762680534459743154e-01
7.892427924866659561e-01 6.813832282899546788e-01
7.663941755991628968e-01 6.784844211099646527e-01
7.647035062866864852e-01 6.844111463147197760e-01
7.466410319231798765e-01 7.752369959331496529e-01
5.659827512532907834e-01 8.474827136187517151e-01
4.910115274542056762e-01 9.457010527234255282e-01
5.179468881973422478e-01 9.227243440551605724e-01
5.648746742276302690e-01 8.928283406185482107e-01
4.298448948996287378e-01 9.653456985355278741e-01
4.605161997365184723e-01 1.028941151310971636e+00
2.151844935742504017e-01 9.983195266647568733e-01
2.969754170222384526e-01 1.023650701968060517e+00
-6.083452482102289990e-03 1.052465917206090618e+00
-3.731063250860948144e-01 9.473657631119621891e-01
-4.402661466772895826e-01 9.724821476779070828e-01
-6.131751982930718770e-01 8.781367306562758435e-01
-7.110053673683591757e-01 7.140972651873267463e-01
-8.977640397114788895e-01 5.422060065707364762e-01
-8.740961711807090362e-01 5.249607955193036357e-01
-9.554465200304758099e-01 3.426577770770625753e-01
-9.498539452261742788e-01 -4.365750174764235214e-01
-8.609011512265514199e-01 -5.662811689689349892e-01
-7.619295152796078385e-01 -6.519541153102794695e-01
-6.341970999525036179e-01 -8.339046351136363278e-01
-5.733670262053616185e-01 -9.144854696923007120e-01
-6.388200421950268604e-01 -8.422025561907773294e-01
-2.941202853243670146e-01 -1.009249941921519733e+00
-3.919294509124512244e-02 -1.102195151709479015e+00
-3.644213978950040789e-02 -1.051924183254242307e+00
1.349671854826142436e-01 -1.009726303002523196e+00
1.968105209805437739e-01 -1.014609741151804023e+00
5.972604291129914866e-01 -9.446996462144364726e-01
5.942420198178181012e-01 -8.750930129704623806e-01
6.018149686878691007e-01 -8.651975425858267066e-01
5.898687793387720202e-01 -8.444473142210644490e-01
7.556052069937980731e-01 -7.376319664062210846e-01
7.648265712190938093e-01 -6.707060153672961267e-01
7.342256219118381555e-01 -6.862912262505825867e-01
9.447722577470170080e-01 -4.259184167809387245e-01
1.042051138209106886e+00 8.337653037898117014e-02
1.014921312874030646e+00 2.405372233997977172e-01
9.654786671739110648e-01 3.910915834206575292e-01
8.799508831335224324e-01 5.521483935552369271e-01
8.052775814888027961e-01 6.810517166297910263e-01
7.118132868366998656e-01 7.813756462219433319e-01
5.763536643208871935e-01 8.641156283494036972e-01
4.429516841064596311e-01 9.525075227401434974e-01
3.461203317876577201e-01 1.010658665850910243e+00
1.956753340464883473e-01 1.022130817134979663e+00
2.550365039199949113e-02 1.049744053695969459e+00
-1.074231125292939154e-01 1.036947219341273208e+00
-2.632156640230338684e-01 1.026666638961486022e+00
-4.283878642892364752e-01 9.365627368000303266e-01
-5.721457126591741327e-01 8.907956722627341506e-01
-6.860240517433113805e-01 7.660792674702531224e-01
-8.231996833688723925e-01 6.556316053989369452e-01
-9.160497816549700856e-01 5.089494782684256258e-01
-9.760603547842467975e-01 3.475308541535561679e-01
-1.031521086128160070e+00 1.743443383430250682e-01
-1.040906802707816770e+00 -1.698887443137037752e-03
-1.029704213027620829e+00 -1.787148329523590984e-01
-9.779058000704564657e-01 -3.514722864536120595e-01
-9.110845399140629075e-01 -5.128344867947999264e-01
-8.188523381532760714e-01 -6.591492411821615605e-01
-6.986168015495013428e-01 -7.778025599292347492e-01
-5.671157724032197534e-01 -8.850498654941103549e-01
-4.319357289806090572e-01 -9.512549899508359053e-01
-2.607697786108157390e-01 -1.009819978100282789e+00
-1.070343984238246865e-01 -1.049434106576392134e+00
1.667111425049389029e-02 -1.048454338521108475e+00
1.905551648476871418e-01 -1.038580559662195091e+00
3.133774913239995019e-01 -9.949653975025639641e-01
4.644872926712198535e-01 -9.391413076612177280e-01
5.940590678968705740e-01 -8.710549853437116186e-01
6.952464346702416087e-01 -7.655381975951637274e-01
8.080295915775461690e-01 -6.725554305260730281e-01
8.975468340715399007e-01 -5.293031152404490403e-01
9.746406929995339308e-01 -4.109696418436978305e-01
1.010858653452811229e+00 -2.427373435549770031e-01
1.042912813001152461e+00 -8.179352547208894320e-02
1.032708606605618584e+00 3.435823875496573088e-01
9.015195065759644688e-01 5.521261735149960437e-01
8.689435432883200194e-01 5.595519817609868607e-01
7.666865314383456420e-01 6.908499049646925627e-01
8.120277348480883228e-01 6.646105312424632761e-01
7.830436499849798837e-01 7.806645659762383449e-01
3.921241538780214086e-01 9.319380864151277644e-01
4.412819529600056079e-01 9.337867205864495146e-01
4.818312394306297208e-01 9.769057823732967272e-01
1.577835196717476129e-01 1.031494756339195185e+00
-3.221805642480123771e-02 1.013735949712872397e+00
-2.766054639811770799e-01 1.019530585908808185e+00
-4.368224250869337522e-01 9.015901978643470205e-01
-5.226562446970176579e-01 9.072888961170901823e-01
-5.745226239213532260e-01 8.969307448316806708e-01
-6.857118720826186342e-01 7.638438950140022943e-01
-7.159261242477983345e-01 7.025364635324121698e-01
-6.918527346643588150e-01 7.511090281224466203e-01
-9.180655262061488964e-01 5.313809293638714903e-01
-9.078246687426391182e-01 5.212213858539653799e-01
-9.022134684501421642e-01 -5.221565614860961269e-01
-9.064123768767440303e-01 -5.101874032370680156e-01
-6.881822177634858706e-01 -7.904083832808090904e-01
-7.244672894547327102e-01 -7.116297479532444070e-01
-6.942020569574737232e-01 -7.940265472191786467e-01
-5.672079135146969042e-01 -8.510161402934252051e-01
-2.293140434097761804e-01 -1.046547079862682583e+00
-3.112130119357505165e-01 -9.716136664123126154e-01
1.629139384234453702e-01 -1.026555478250464004e+00
3.840008397995358091e-01 -1.018255140335475151e+00
5.687392014362087078e-01 -8.674090315202549473e-01
6.602322158475096847e-01 -8.992888802685118366e-01
6.133895289782481663e-01 -8.780425508731428685e-01
6.559385813350120387e-01 -7.906247918348151549e-01
7.866318236642234618e-01 -6.645079780739682196e-01
9.512398314702386060e-01 -4.033289441420144228e-01
1.016519487387134157e+00 -2.500166696339902739e-01
1.042729988175921330e+00 8.005509908203677083e-02
1.018289281030033244e+00 2.382888735751829690e-01
9.699807361987742294e-01 3.909373588360106622e-01
8.989366650285646188e-01 5.344226037488626346e-01
8.068222803334720306e-01 6.653814357854357375e-01
6.957966652182171474e-01 7.807442909183518465e-01
5.684621660001537569e-01 8.778071616003172428e-01
4.278033954172364983e-01 9.542949764092207854e-01
2.771172758350832210e-01 1.008414925794007821e+00
1.199357621810672042e-01 1.038898484011040457e+00
-4.005694408563485742e-02 1.045031142292377924e+00
-1.991107495336611188e-01 1.026669156325705545e+00
-3.534975677710639475e-01 9.842429154991839679e-01
-4.995987026305581113e-01 9.187468549389733452e-01
-6.339896673406167915e-01 8.317161467927182139e-01
-7.535204515929354585e-01 7.251907170955584903e-01
-8.553893551142350837e-01 6.016674316328287642e-01
-9.372086571460551685e-01 4.640415715222934168e-01
-9.970605825955947132e-01 3.155389702786732253e-01
-1.033542253058455485e+00 1.596404030101505889e-01
-1.045798569099418707e+00 1.288213174475112960e-15
-1.033542253058456151e+00 -1.596404030101480631e-01
-9.970605825955952684e-01 -3.155389702786707273e-01
-9.372086571460562787e-01 -4.640415715222910853e-01
-8.553893551142366380e-01 -6.016674316328267658e-01
-7.535204515929371238e-01 -7.251907170955566029e-01
-6.339896673406184568e-01 -8.317161467927165486e-01
-4.995987026305597767e-01 -9.187468549389724570e-01
-3.534975677710653352e-01 -9.842429154991834128e-01
-1.991107495336620348e-01 -1.026669156325705101e+00
-4.005694408563534314e-02 -1.045031142292377924e+00
1.199357621810671903e-01 -1.038898484011040457e+00
2.771172758350837206e-01 -1.008414925794007599e+00
4.278033954172373310e-01 -9.542949764092205633e-01
5.684621660001548671e-01 -8.778071616003165767e-01
6.957966652182182576e-01 -7.807442909183508473e-01
8.068222803334732518e-01 -6.653814357854342942e-01
8.989366650285658400e-01 -5.344226037488606362e-01
9.699807361987752286e-01 -3.909373588360082197e-01
1.018289281030033910e+00 -2.382888735751800546e-01
1.042729988175921774e+00 -8.005509908203524427e-02
1.005858033429449128e+00 3.558252367402155447e-01
8.711550923396214063e-01 5.598454066544595875e-01
8.584810092866924647e-01 5.177309982099428387e-01
8.088098782603104775e-01 6.521128462601484266e-01
7.764644781421270459e-01 6.501972878818694790e-01
5.769429978449339691e-01 9.327064378459850591e-01
4.231828084614671637e-01 9.877949529341905066e-01
4.281140045060419230e-01 9.814160048920463897e-01
-9.139564874055559895e-03 1.008343146260867629e+00
-4.840532251211393522e-02 1.010098869973857116e+00
-1.863597004057846451e-01 9.835585757001598095e-01
-3.548601884029428666e-01 9.768725898876811087e-01
-3.278630848587989477e-01 9.896162315182217561e-01
-6.512718831135994035e-01 8.573359659323238624e-01
-6.701360641476354907e-01 8.202312503595262649e-01
-7.648824510223524165e-01 7.520852764920112898e-01
-9.647359566487812010e-01 4.671905519796561435e-01
-1.090677284343406495e+00 -1.694888282367279231e-01
-9.553892987016670002e-01 -4.481244393785809854e-01
-9.190557449122023215e-01 -4.750054734432780368e-01
-7.783753113477925867e-01 -7.518935118845296861e-01
-7.698605230499426799e-01 -7.235210156466498344e-01
-6.452665738291656350e-01 -8.406103510957253500e-01
-3.636584565087649379e-01 -9.874297499983895054e-01
-3.136781132726951249e-01 -9.869549630306415633e-01
-2.346440709663367152e-01 -1.042374728537534212e+00
1.548157288598082382e-01 -1.041031019363605425e+00
2.783756874156689265e-01 -1.010165621160832528e+00
3.117119306302028603e-01 -1.031022038873984803e+00
6.244725334582870158e-01 -8.898905296677384058e-01
5.396177775160097001e-01 -8.808632276167777109e-01
7.075476303781063070e-01 -7.612644625069669990e-01
7.208791350270815634e-01 -7.475087558992612458e-01
8.022621079256375687e-01 -6.843595063866501071e-01
9.597081092700768812e-01 -3.929014682966311400e-01
1.017885228114602691e+00 -2.504589679245475820e-01
