1.011753625702529469e+00 -1.584291763857148538e-01
9.948049539815029263e-01 -1.741265197854779956e-01
9.724800087652396563e-01 -1.887885390837351629e-01
9.440813770514733250e-01 -2.007138295810784179e-01
9.094173301083730010e-01 -2.075704169806313892e-01
8.692326919991910650e-01 -2.065133283260256469e-01
8.256523390330006151e-01 -1.945973346754970024e-01
7.824248213283224729e-01 -1.695370957832509351e-01
7.446905059971498098e-01 -1.307075447975775129e-01
7.180513712098313128e-01 -8.003978165955966118e-02
7.070221648058327979e-01 -2.224527143769562676e-02
7.134689578476072214e-01 3.606922498579356873e-02
7.359007315020127393e-01 8.819431508297226330e-02
7.700521206510946293e-01 1.291588873308402441e-01
8.103900485915849217e-01 1.567374001303445397e-01
8.517172679391449286e-01 1.713371082900971842e-01
8.902004772907523567e-01 1.751180063088986216e-01
9.236449514218070256e-01 1.709444231865964170e-01
9.512405781513066927e-01 1.615954007358144651e-01
9.731085919443693832e-01 1.493538013676665166e-01
1.030194568284206191e+00 -1.726401450782422131e-01
1.013499393193055820e+00 -1.938100986292989880e-01
9.900008101800272797e-01 -2.151012781871664004e-01
9.582138324781719341e-01 -2.345485194426877307e-01
9.170794478592281251e-01 -2.490858567162557158e-01
8.666808324517250028e-01 -2.544956139588383515e-01
8.091534492955787528e-01 -2.458474292853363163e-01
7.494291309786338395e-01 -2.186349552624156090e-01
6.952931971491782548e-01 -1.705687871601463401e-01
6.561129008711286126e-01 -1.035903362129214633e-01
6.399533524366618487e-01 -2.486008098046031331e-02
6.502512362692547399e-01 5.465560334039221146e-02
6.842299462516021613e-01 1.237886213493338827e-01
7.342195917453553378e-01 1.748621482314927089e-01
7.908436662814533058e-01 2.053888795428404634e-01
8.460799522576190057e-01 2.173680103172914713e-01
8.948201718520576442e-01 2.152331556187059292e-01
9.348531977279073146e-01 2.038632954884755932e-01
9.660218508528939374e-01 1.873985406054168301e-01
9.892860102955913781e-01 1.688479871089865192e-01
1.053980201436286457e+00 -1.853880957444697941e-01
1.039097754856121991e+00 -2.130463228225631944e-01
1.016044413573882199e+00 -2.428063988564654885e-01
9.821561643108878137e-01 -2.727198252227847064e-01
9.347971130200893874e-01 -2.990932364704357305e-01
8.724308317681583880e-01 -3.159525214085179279e-01
7.963813716501100259e-01 -3.152627148409858915e-01
7.125937694793171850e-01 -2.885040048222731190e-01
6.326201361768002407e-01 -2.295638275183198296e-01
5.725688353143354448e-01 -1.391575507318684735e-01
5.476758395030678628e-01 -2.828086337292951002e-02
5.647166439693473983e-01 8.385869504422716059e-02
6.181416161718100710e-01 1.776761825155848129e-01
6.934421864907447386e-01 2.410895709255311825e-01
7.742001851360336140e-01 2.722294235772304560e-01
8.480854853652597392e-01 2.769356314740090141e-01
9.088925602713282537e-01 2.639611292917631857e-01
9.553514043792721289e-01 2.413318171909883958e-01
9.889212191946561425e-01 2.148635286526201504e-01
1.012069443867062990e+00 1.881767036492920653e-01
1.083669253765930929e+00 -1.949107937143024216e-01
1.072919733364232631e+00 -2.297148928956294078e-01
1.053132548351802811e+00 -2.696357725818865347e-01
1.020116676093576480e+00 -3.133824212359681560e-01
9.686713679113401199e-01 -3.572755705924346437e-01
8.937968891635739155e-01 -3.935282472420031930e-01
7.940960785562078961e-01 -4.093728628503767730e-01
6.755842108914666966e-01 -3.895894653192211177e-01
5.538676919927643105e-01 -3.198165698868782325e-01
4.573619719434285358e-01 -1.953415149395434924e-01
4.166248359693991432e-01 -3.293344071921370381e-02
4.462306195047838209e-01 1.315749439893754147e-01
5.338500685170433080e-01 2.618494734513793221e-01
6.508031593871121956e-01 3.388518261631345840e-01
7.672811385689604080e-01 3.641876268250154869e-01
8.650543116838660396e-01 3.526853001647722863e-01
9.383421466894126262e-01 3.210309661450638785e-01
9.892247361814177076e-01 2.816607596125941804e-01
1.022431377537815766e+00 2.418750685097914577e-01
1.042792862570458556e+00 2.053297947296295334e-01
1.119254415449442153e+00 -1.988745218865872744e-01
1.115727921058289329e+00 -2.406484011629284048e-01
1.103514850425619809e+00 -2.915588886002740132e-01
1.076955194300324159e+00 -3.520530471795724203e-01
1.027459946630779886e+00 -4.202426521369195811e-01
9.432178384890055334e-01 -4.881014005522499311e-01
8.148499069423253971e-01 -5.351019182046667932e-01
6.491993348412772313e-01 -5.348676608737545912e-01
4.580673893286424381e-01 -4.599092173771152092e-01
2.956993383561856703e-01 -2.849916084369294444e-01
2.246087334539970115e-01 -3.879638946469374239e-02
2.792573771569895058e-01 2.106848420451781778e-01
4.279688174160956038e-01 3.951195066540164058e-01
6.164069785191905737e-01 4.833986540123724751e-01
7.841350361046051098e-01 4.887819840084461909e-01
9.093286599269712056e-01 4.447258758883743113e-01
9.913231445100945116e-01 3.831826819319728017e-01
1.041181257215468836e+00 3.207542625916937062e-01
1.068859329195765984e+00 2.646396143136531265e-01
1.082291196852513959e+00 2.172594574142228119e-01
1.159758813134376121e+00 -1.945445808960011291e-01
1.167015806253394183e+00 -2.416960616675689622e-01
1.167989778540509116e+00 -3.024495929814707829e-01
1.156532919870346676e+00 -3.801114185164600201e-01
1.121723639350642454e+00 -4.774092805298879583e-01
1.042564297401706863e+00 -5.932916919368413922e-01
8.780417010384811149e-01 -6.996624062193901317e-01
6.423143245238627230e-01 -7.075694464788273574e-01
2.713217876890505753e-01 -5.734383800175663071e-01
6.079910303648072833e-02 -1.707528334985339291e-01
1.933373021889339682e-02 -2.573383234069163972e-02
4.813439362780669306e-02 1.295167421007459296e-01
2.199185305984474592e-01 5.011427848489119485e-01
5.948754291928848303e-01 6.650066138411092620e-01
8.552119172915617629e-01 6.481242031755962696e-01
9.982901589765691419e-01 5.438902481258378607e-01
1.076898020729210037e+00 4.416236070850398931e-01
1.115413939503295815e+00 3.509160729501359377e-01
1.129334171727717218e+00 2.772420018879118153e-01
1.130200689276470438e+00 2.198686167999830410e-01
1.202869871674808744e+00 -1.792335666684197193e-01
1.224218460436323763e+00 -2.282953283503275088e-01
1.244235415525553057e+00 -2.946915335001776270e-01
1.257994114995028001e+00 -3.847903598753843468e-01
1.255748827879321627e+00 -5.063735112791434290e-01
1.216398895354767751e+00 -6.669030007251253167e-01
9.996183612279108122e-01 -8.714598593678668514e-01
2.056476405857388112e-01 -1.889292217509763727e-01
-1.221523679680203145e-02 -2.574319446226880359e-02
-1.559459042983712962e-02 -4.482142028440494474e-03
-2.639502750505728912e-02 3.151495223743751208e-03
-2.601821365741385783e-02 1.093031972729335832e-02
-4.718600416523166530e-02 2.379566903664254163e-02
2.266010397494455653e-01 2.650545767633105676e-01
9.867571767148819450e-01 7.371037488218623590e-01
1.137650716565372644e+00 6.273891052641000776e-01
1.202819672829377184e+00 4.810738435913108901e-01
1.213530125845008190e+00 3.596232904854246293e-01
1.202072513128152886e+00 2.716631275716019367e-01
1.184022192667059103e+00 2.084893472384008462e-01
1.244804446796539121e+00 -1.510251543952589870e-01
1.282239660819061156e+00 -1.966063601465961597e-01
1.325690366192362912e+00 -2.610692687027960091e-01
1.372704354550470685e+00 -3.533108374894733394e-01
1.414345856744210650e+00 -4.818824087374884435e-01
1.410538096249324580e+00 -6.465301406919898852e-01
1.868752386749661376e-01 -4.196328513595304344e-02
-3.124256717743634226e-03 -2.819993706964063485e-02
-1.828291405855830831e-02 -6.333616166506184086e-03
-2.450780393412288483e-02 -2.389015126900151387e-03
-2.830747043597869883e-02 -3.836491692372757901e-04
-3.170708098215735404e-02 -1.788920018486184205e-04
-3.184150583304679039e-02 -2.812576706126557191e-03
-1.678806860361037323e-02 8.173182218107477581e-04
3.009984106364604894e-01 2.692400330555488885e-01
1.313925712876076624e+00 6.928892264536101742e-01
1.380418869288837502e+00 4.682827437161485307e-01
1.328628989875098032e+00 3.277838828376755664e-01
1.279665921472641354e+00 2.395013085698560751e-01
1.238345658902768598e+00 1.792912784907407797e-01
1.280595678408031235e+00 -1.096511196058136406e-01
1.333572398439271112e+00 -1.449959623400087771e-01
1.401530784378486327e+00 -1.967859707349717269e-01
1.487684399062457086e+00 -2.761470729079373854e-01
1.574813503333048148e+00 -4.064766640694128519e-01
1.247287187791642493e+00 -3.956407593830379987e-01
1.260820521622796342e-02 -4.107091153133013428e-02
-1.861441822030351911e-02 -1.138108736124743281e-02
-2.383043866247547271e-02 -5.405453510235469494e-03
-2.637446163271550681e-02 -3.199894570732331189e-03
-2.839956685721733987e-02 -2.990065248100876299e-03
-3.000940061177959084e-02 -4.286116130118311496e-03
-2.992129325609327317e-02 -6.609283716596525693e-03
-2.501806106495196858e-02 -5.448544841248903481e-03
2.088355845414890943e-03 3.531130805897175762e-02
1.188153821698935131e+00 3.092639429820831509e-01
1.542219173562413781e+00 3.186598473646862217e-01
1.430644978148260416e+00 2.434380097566157808e-01
1.348364561322332067e+00 1.779491086317430693e-01
1.285451366362418968e+00 1.315059016601938247e-01
1.304980165920320179e+00 -5.727178276368594112e-02
1.369336404565075105e+00 -7.584593056182864501e-02
1.456095766489530208e+00 -1.027665758906426419e-01
1.576319164534176753e+00 -1.417993782247672918e-01
1.737919171726311385e+00 -1.868666443436151070e-01
3.426848890721165275e-01 -2.334671232691021281e-01
-5.841196391792591314e-04 -1.930857951923492521e-02
-2.432219462118356823e-02 -5.371435501579924221e-03
-2.602518166232165031e-02 -3.465955709897050596e-03
-2.668095700233324985e-02 -3.325096823169615412e-03
-2.743328462995020534e-02 -4.195479996421979003e-03
-2.785398351483697743e-02 -5.966937855874376861e-03
-2.711536096295652509e-02 -8.827094792680512114e-03
-2.437984721354008455e-02 -1.418121146942286082e-02
-7.561066293081120104e-03 -3.350118887828434922e-02
4.636930450583992558e-01 -6.862355109861106861e-02
1.587420138991198604e+00 1.954562535434267723e-01
1.498105813486292792e+00 1.313373224538905149e-01
1.396140417873397821e+00 9.332097447574350113e-02
1.317816104326548610e+00 6.839802372249570439e-02
1.313892069152939213e+00 1.393983502619988712e-03
1.382289148901922449e+00 3.371135636422994963e-03
1.474943919933643377e+00 7.815906020258722720e-03
1.600101682371520395e+00 1.876510354618998733e-02
1.728826099118843773e+00 4.604546219014515884e-02
-1.148054668541836562e-02 8.651124058112191761e-04
-1.742113746885455561e-02 9.890569146824290669e-03
-2.498875396319464454e-02 1.467039232002642635e-03
-2.542889350168003881e-02 -9.183435536697093227e-04
-2.557121063767512151e-02 -2.765052193170747241e-03
-2.586024756308408570e-02 -4.548731513108008641e-03
-2.568701819894513710e-02 -6.397641272058440798e-03
-2.359549906114462997e-02 -8.641555514350973688e-03
-1.557469592162992814e-02 -1.280060960363149647e-02
1.498846767097444625e-02 -2.197487503812101117e-02
1.228922222974553891e-01 -1.576232065494509449e-02
1.698573538702439434e+00 -4.843281782824782056e-03
1.535225164035011858e+00 -1.049029428801917518e-02
1.415268434495073224e+00 -6.681629920348708396e-03
1.329803843080148873e+00 -3.843518320907346464e-03
1.305842194228677977e+00 6.008733812007394093e-02
1.370092678428350030e+00 8.233725511764600213e-02
1.455680893598421122e+00 1.167713221126920331e-01
1.570113775968234870e+00 1.706987180251839931e-01
1.704502384011947091e+00 2.356950835897064778e-01
1.772511015752162300e-01 -1.623648621482454146e-02
-5.078770647293229246e-04 1.308395892122171666e-02
-1.998444104547053568e-02 5.954494926537767796e-03
-2.235201123419072733e-02 1.270510205274577586e-03
-2.315225849899488209e-02 -2.253872933664913258e-03
-2.387648406806497370e-02 -4.852093025937912439e-03
-2.412631948223942224e-02 -6.569382807577184291e-03
-2.242181681712418495e-02 -7.030276040166927309e-03
-1.422668283729444649e-02 -5.027585233355891248e-03
2.142735547789043071e-02 1.440052308678829718e-03
6.833762244345120695e-03 1.130484559812794387e-02
1.607365843282792417e+00 -2.637894217192338076e-01
1.505007860815263943e+00 -1.621609223193298810e-01
1.398060579977467466e+00 -1.084805553321510629e-01
1.318546018911115780e+00 -7.648460411479041099e-02
1.282290665399751672e+00 1.126453998011500701e-01
1.335451754729089391e+00 1.513160812082170459e-01
1.403179484638903851e+00 2.092912212264530503e-01
1.488486726293244855e+00 3.001281478085537913e-01
1.571039896296924532e+00 4.597101492436683756e-01
6.675836364307197179e-01 3.212482817364370469e-01
1.126239379761861947e-02 1.979029299849499601e-02
-1.381989740456002203e-02 1.123445846539006254e-02
-1.711410457613693481e-02 2.858120330394564590e-03
-1.952385145984281145e-02 -2.417222506612970445e-03
-2.138663256742945329e-02 -5.939795984973664580e-03
-2.302757414858969121e-02 -8.062970152487580755e-03
-2.365275255396259713e-02 -8.136000185182679090e-03
-2.104991567828340404e-02 -5.020017451178304668e-03
7.886412549674148842e-03 6.279899819161549601e-05
7.584281088649835745e-01 -2.018587384029946197e-01
1.511130151447588776e+00 -3.809879413590877562e-01
1.427677050413241222e+00 -2.761716097683897253e-01
1.348635917882009982e+00 -1.941772910724504086e-01
1.286000696035388025e+00 -1.399958315148230881e-01
1.247081821984318273e+00 1.544048178383738978e-01
1.284925035022035367e+00 2.032535517489009180e-01
1.328687910137494876e+00 2.738007577264722769e-01
1.375531180964721933e+00 3.777074637747745989e-01
1.414883472563185363e+00 5.231790889002874145e-01
1.389198464703280678e+00 6.133274528192289576e-01
-1.664220349069434057e-01 -7.029769344852110358e-02
1.024943958116919518e-02 2.104681004350794638e-02
-8.974303820539208942e-03 3.274620526063087844e-03
-1.485955639397462669e-02 -3.357519924921115173e-03
-1.770246176446943487e-02 -8.107923302075780575e-03
-2.120532733840718720e-02 -1.208656135272906385e-02
-2.345336435595091196e-02 -1.449239761898424295e-02
-1.097850035014835690e-02 -1.855210403105767014e-02
-1.424433301086824866e-01 -3.555316623520932140e-02
1.197178223875187131e+00 -8.337305955622897891e-01
1.377145176219044531e+00 -5.191659669331816218e-01
1.324299395861298079e+00 -3.546783524788388320e-01
1.278391080731451357e+00 -2.543157434603671163e-01
1.238299054288933831e+00 -1.874846891625225886e-01
1.205303350954010089e+00 1.830390529732950355e-01
1.226920292517978961e+00 2.353201804256710439e-01
1.246823594340910057e+00 3.075789676933204930e-01
1.259289335664212084e+00 4.088627505883368762e-01
1.252025091424462389e+00 5.550094553696882649e-01
1.157141705689339606e+00 7.843640071210045139e-01
5.097971546231006013e-01 6.258144350815553203e-01
-1.785720717522676360e-01 -2.869750249797720087e-01
6.148953287871128381e-03 7.469589098235140945e-03
-1.049267859174363160e-02 -2.681542475259091063e-03
-9.632646320666404804e-03 -8.747937693367102349e-03
-1.827321818254068475e-02 -2.426060265676821537e-02
-1.898180365742518916e-03 -1.748276255012448654e-02
-4.042177385745304719e-02 -6.992164150776636333e-02
7.357418815264493706e-01 -5.622267252859958209e-01
1.028746238573128302e+00 -7.102352019765845181e-01
1.181493224703586975e+00 -5.304159982427769648e-01
1.207010240249233313e+00 -3.831097810253725200e-01
1.199717704932150575e+00 -2.844475973592319740e-01
1.183394760898927034e+00 -2.158562604020275444e-01
1.161969017423427619e+00 1.986045418718385136e-01
1.169148020763641771e+00 2.486924733593931514e-01
1.169276008066364447e+00 3.144480036834385039e-01
1.154817294008125828e+00 4.007839191915518740e-01
1.110380373314934221e+00 5.127425494468407230e-01
1.004653199277121267e+00 6.434369904513348448e-01
8.267844933191037526e-01 7.540562213837020966e-01
3.602803202864901522e-01 7.269731914392485450e-01
1.175889375663441427e-01 1.999013770194840722e-01
5.261153371047821992e-03 -1.383317384520862947e-01
1.402755133897093387e-02 9.385077349203553576e-04
2.716594305806285803e-02 1.485579078248711049e-01
8.376251959231861832e-02 1.398023050730168304e-01
5.797235670981404354e-01 -4.525652742794483707e-01
8.245410634655825355e-01 -6.223862439783600653e-01
9.531934765193805781e-01 -5.606750223031353730e-01
1.055794752755974120e+00 -4.654370998789669756e-01
1.107311513919857493e+00 -3.671056698310870559e-01
1.126237808441350463e+00 -2.872385379934305760e-01
1.129157204457436059e+00 -2.260573782581132285e-01
1.121040010541851650e+00 2.029309090024122852e-01
1.117126023383638866e+00 2.471483004803065597e-01
1.103647538940046857e+00 3.018271165510366671e-01
1.073880643029245796e+00 3.679300437918242572e-01
1.017288790758412720e+00 4.435653912810244570e-01
9.203811308388343271e-01 5.192158995316920045e-01
7.713168332612352351e-01 5.748605170804355069e-01
5.691396634650613962e-01 5.628018965238312799e-01
4.083445745370672952e-01 4.700050089840906997e-01
1.527486464019900403e-01 3.428848818627289186e-01
7.318181633636511307e-02 4.627475472604115209e-02
1.266492235493932306e-01 -2.223502782571268321e-01
3.034909025759602308e-01 -4.720225616623602294e-01
5.979644823061325276e-01 -5.476771553215420418e-01
7.746047511424314358e-01 -5.058512034341433594e-01
8.930947686801471441e-01 -4.558800173744981254e-01
9.793325959419063587e-01 -3.953339102345587719e-01
1.034846816678425263e+00 -3.308496779201774984e-01
1.065960371935434914e+00 -2.718748352364386278e-01
1.081146346069583597e+00 -2.221876660912180945e-01
1.084993464193757529e+00 1.987459663700930079e-01
1.073689201359420142e+00 2.354462238491250581e-01
1.052589475946832387e+00 2.780092489267627087e-01
1.016901525260331951e+00 3.252135634986785817e-01
9.606327944556958265e-01 3.731253537045664537e-01
8.780791538224375081e-01 4.132262653566198818e-01
7.674017083563811070e-01 4.311706707372420233e-01
6.378566711296307368e-01 4.087403234245789996e-01
5.098960531145624309e-01 3.393609597063362848e-01
3.935566030949355643e-01 2.173710603074724412e-01
3.368248230129244902e-01 3.750055509917961383e-02
3.687576744248799443e-01 -1.497435292934395923e-01
4.788783137478214158e-01 -2.990072297129475754e-01
6.269622581179490339e-01 -3.725525552117225914e-01
7.568375828201312494e-01 -3.829780900151102951e-01
8.568399748733068755e-01 -3.636840020908427284e-01
9.318856707431866226e-01 -3.294960214849584901e-01
9.851126303339352575e-01 -2.885318353295240890e-01
1.020220519029151340e+00 -2.471572290715551290e-01
1.041791538871394973e+00 -2.092052644383657345e-01
1.054896948766796960e+00 1.888734377092604610e-01
1.039415835957708811e+00 2.179411641283968137e-01
1.015187850915961754e+00 2.494963799849925223e-01
9.792372343088739939e-01 2.815286660674032326e-01
9.286001234919605274e-01 3.101028696945462571e-01
8.615480741707792767e-01 3.287644834020508888e-01
7.796478088421676667e-01 3.287813497757030579e-01
6.898787063527511698e-01 3.013748325889276103e-01
6.038987536296658298e-01 2.414724236455750850e-01
5.362488788571417864e-01 1.481505301147462150e-01
5.059531405208494981e-01 2.906019961266340101e-02
5.249597198963229516e-01 -9.389571551978337371e-02
5.882008570412189385e-01 -1.954766124941487160e-01
6.758719340461949443e-01 -2.591775886217073666e-01
7.647666095918470575e-01 -2.856872452617165159e-01
8.422092698520389220e-01 -2.861325900689692947e-01
9.048039768332172272e-01 -2.706860250645481969e-01
9.526448064295278684e-01 -2.465554898683919305e-01
9.873294141451238737e-01 -2.189360268263351728e-01
1.011272884561318364e+00 -1.912887825371845096e-01
1.030787175340164286e+00 1.757259128853050356e-01
1.013521576541485114e+00 1.979187320466468947e-01
9.890391845597856779e-01 2.204148179032228150e-01
9.557008242564513090e-01 2.411643896299242584e-01
9.123222158971877604e-01 2.569226487864617603e-01
8.589711859062898469e-01 2.631997698341759229e-01
7.979683461521247523e-01 2.547782000889653453e-01
7.345787816248239288e-01 2.270309856641561375e-01
6.767377578592226328e-01 1.776217787589251529e-01
6.340737179798461298e-01 1.079149372003976315e-01
6.160387341647433068e-01 2.459663494053614813e-02
6.276814707217615030e-01 -6.025268131976374564e-02
6.662206314593377421e-01 -1.332502246124017686e-01
7.219907867559416381e-01 -1.852460174748549182e-01
7.832818134383767728e-01 -2.143814102673213817e-01
8.413713918226806143e-01 -2.243565177930928467e-01
8.917577298322498791e-01 -2.205856849325615876e-01
9.328686400697638881e-01 -2.080378725130183071e-01
9.648185314824231362e-01 -1.906830243424217919e-01
9.886449156599241839e-01 -1.714176046556503685e-01
