-1.000000000000000000e+01 0.000000000000000000e+00
1.040670867307941450e+00 6.468539221587973898e-02
1.086787929129046537e+00 1.504993428415496159e-01
9.913627497985537662e-01 3.216268998153020697e-01
9.533833884256450730e-01 4.460284205489642440e-01
7.964681216062592384e-01 7.156529087132974531e-01
8.891632922902703573e-01 5.320911922005071570e-01
9.037779435074307921e-01 5.504892323660141029e-01
8.866304857885985991e-01 6.974559299451390526e-01
7.398475020259041024e-01 7.618920629697107927e-01
5.759110238491255140e-01 8.693551318075283252e-01
9.267093108072674834e-01 6.917579545711445288e-01
6.560386012039217674e-01 9.037884408785130663e-01
6.802002424380230172e-01 9.258435507942514020e-01
-1.657952162301197518e-01 9.972006871645374693e-01
1.991443005641575226e-01 1.046159112336766839e+00
3.639673098501268189e-01 9.988028672303957967e-01
-3.607564814539433729e-02 1.021327536120168578e+00
-3.241441289764748768e-01 9.764817188316573526e-01
-7.070258254459899083e-01 7.271782252000523750e-01
-9.707707827739245898e-01 3.297989701004660490e-01
-1.011558249414980848e+00 -4.311207876149344975e-03
-9.518986660243887732e-01 -3.606852081655512188e-01
-7.026879054285646298e-01 -7.755970019643443347e-01
-1.804929172126846504e-01 -1.032499367394261069e+00
-4.030361624052012925e-01 -9.536359120300896830e-01
1.097762586597889334e-01 -1.039777746941875858e+00
2.793648874413343641e-01 -1.063924270614086343e+00
3.028352572621572092e-01 -9.817687813200878244e-01
4.618902453808599873e-01 -9.736029384921992547e-01
6.587508936544055338e-01 -8.354295339316807345e-01
8.255200444466548326e-01 -7.634711199988484243e-01
1.054566430462726467e+00 -5.216609115858340529e-01
1.029565901597054189e+00 -5.330095416331934732e-01
9.538553624034518119e-01 -6.004221491464517557e-01
6.764812411922811464e-01 -7.433549333021512995e-01
1.049366926831948765e+00 -3.358772580815853614e-01
1.115642657608854948e+00 -3.923737035316929855e-01
9.486883573040041373e-01 -4.634930805347426963e-01
9.551450249643000934e-01 -3.123310212438465405e-01
1.067597997407175203e+00 -1.315219606552281428e-01
1.042812639897742866e+00 -5.129552296314481702e-02
1.085899302423373403e+00 1.048288074424545691e-01
1.079439221146694772e+00 1.120811610163785776e-01
9.966702682216606046e-01 3.117257130193296089e-01
9.785240207810800284e-01 3.212820698199942426e-01
9.392522681864763356e-01 3.911447540273558232e-01
1.064272226857388315e+00 2.260429366881012425e-01
7.325480757644506902e-01 6.972417288849435124e-01
1.155740739153427121e+00 1.406161300286803695e-01
9.405476877051767159e-01 4.265527121551579981e-01
1.051772024668329975e+00 3.063268669908367214e-01
9.571669946400498397e-01 4.359994804698430482e-01
9.571087977555773341e-01 4.230101846561447054e-01
9.355642272468062126e-01 4.234849145623051925e-01
7.584828922285166142e-01 6.793998248856744082e-01
8.454738411931771447e-01 6.902935665642103702e-01
1.071859371198586208e+00 2.694237377423434610e-01
1.076785491453348120e+00 2.633414746786686411e-01
8.448267340063845277e-01 6.989284962211164132e-01
1.049414390220727578e+00 2.751951782681525960e-01
1.064208729643552509e+00 2.684344194449039822e-01
8.947811520365410720e-01 5.944798541107800816e-01
7.030904029469493555e-01 7.131016774953924386e-01
8.768948691695382935e-01 6.216882332594723115e-01
9.013099124364867265e-01 5.951401153489779272e-01
8.572264964058012859e-01 6.458764819239732891e-01
7.654963558007722435e-01 6.487688654635010987e-01
8.043080469942767152e-01 6.901475009133345440e-01
7.795276514231812559e-01 6.361171836030001803e-01
6.622865674089845056e-01 7.725803339513467316e-01
8.157674902167374453e-01 6.977747006713219680e-01
8.781637543168004933e-01 5.467553825468993711e-01
8.127430753900872773e-01 7.003897320364445012e-01
8.477528872078182731e-01 6.022000602674033587e-01
8.298312382287176270e-01 6.217919539692466913e-01
7.893335434823766095e-01 6.164125523474858204e-01
7.696285505154983886e-01 6.716485731170517282e-01
8.145978964498583608e-01 6.644818549028314036e-01
1.097330433164935393e+00 2.842447998939470200e-01
9.521366883923338964e-01 5.136699444890104882e-01
8.895737471268236884e-01 5.793356856312539271e-01
8.485832203353586012e-01 6.385007739268135918e-01
8.617718950183306248e-01 6.130958922397911071e-01
8.922740332560838983e-01 5.613302479304786985e-01
8.769153546284857992e-01 7.144459321953968711e-01
9.262606549471675832e-01 5.575209517796687608e-01
8.031268298976625974e-01 6.405289573378799561e-01
9.949675342073868167e-01 4.054311559158245148e-01
8.881222286021072110e-01 5.740881615797603921e-01
1.017299558066921961e+00 3.823077695651964092e-01
1.030574549386679140e+00 3.880878401415719381e-01
8.528712327263906490e-01 6.323814018037137163e-01
7.187153375428722013e-01 8.037267355729148521e-01
8.683378170948266028e-01 6.063504977055835798e-01
8.983068862304193214e-01 6.319672874840142063e-01
1.115928999546491829e+00 3.152189677387788880e-01
8.380726115864466363e-01 7.402342706855207233e-01
1.107327345271273744e+00 3.311511895527689542e-01
8.480267917817163603e-01 7.340721705561450428e-01
4.346455858796016702e-01 9.014914192385873326e-01
9.190574117626756356e-01 6.044301350077437851e-01
8.907930985967100757e-01 6.804374882288021231e-01
8.737360149663199183e-01 5.808493179311379206e-01
1.024691547524235302e+00 5.347654584568206637e-01
7.367808124142676274e-01 7.859584708787220597e-01
8.929120081028919520e-01 6.904719778065214753e-01
8.870767336754369348e-01 6.755306583666280673e-01
8.559245831898677492e-01 7.183305305594328560e-01
9.698436506845539151e-01 4.985105593007096436e-01
7.540700315195515424e-01 7.806748121639361937e-01
7.780733298514822538e-01 7.474983683354959885e-01
7.795671000573659581e-01 7.447788915151336564e-01
1.021233663264870417e+00 5.126961634116870004e-01
7.196284095883186405e-01 7.605213648880373434e-01
7.162681858701714921e-01 7.570625527154265511e-01
3.956188922935897079e-01 9.552351238026135505e-01
9.186823472502348986e-01 5.876326554574842209e-01
1.032557644594585877e+00 4.911483245389316465e-01
1.024747643099606753e+00 5.139403835099092266e-01
9.259972240322940085e-01 5.915982410794621282e-01
4.871165153272684067e-01 9.555002250084474458e-01
7.677221726066106866e-01 7.527123865472827857e-01
1.020142704072126927e+00 5.048533581461314146e-01
5.129558532269294924e-01 9.556317102463851576e-01
7.514524700611049379e-01 7.504875300389157733e-01
7.388736385425754838e-01 7.580847047755600032e-01
7.249902050621427341e-01 7.394338951779871882e-01
9.826361574398748688e-01 4.723765971969774435e-01
6.914233092474806330e-01 8.371707381084407817e-01
4.916692459252929304e-01 9.509651782560738509e-01
4.664025639670072443e-01 9.459579085523167619e-01
5.594531817420465014e-01 8.789858635271198262e-01
8.781230576695107093e-01 6.584251885141126914e-01
5.430503461552707023e-01 9.760974495786766125e-01
6.395553231694206531e-01 8.364799853131751339e-01
4.555551124492261406e-01 9.284487262667772134e-01
4.226781262855837662e-01 9.230771007289234609e-01
8.761315198757383405e-01 6.695872200730826895e-01
1.048847944529992970e+00 4.190532924767856882e-01
6.751503764653284945e-01 9.791884628192492057e-01
4.522694153966432817e-01 9.393558277496432130e-01
5.869708277184481071e-01 8.589742339220880485e-01
6.787075046801032130e-01 9.621797337979860476e-01
5.598003129152104851e-01 8.841675565097077971e-01
4.564611088803305350e-01 9.306403950063587560e-01
5.479509317396376034e-01 9.160083203674411756e-01
5.403570405657051046e-01 9.148836207741681825e-01
8.680227178968101809e-01 7.374391977554348721e-01
1.002353796306441502e+00 5.297745171479187887e-01
7.591881377034108702e-01 9.026742824765885409e-01
9.343208202965818110e-01 6.329775200624152554e-01
5.971013803089091354e-01 8.469484114026047950e-01
5.842593740204993225e-01 8.535413915891549852e-01
7.383454352077635230e-01 9.399409268003033890e-01
8.449181814442490168e-01 7.677349130147497203e-01
9.231513164652057624e-01 6.975999322483293907e-01
9.366664213781232817e-01 6.347967299173684630e-01
9.312652833524214246e-01 6.764557671807819306e-01
8.242290993022939327e-01 7.652984660726458443e-01
9.452126628865830105e-01 5.873146907854929211e-01
9.403999598014637362e-01 6.546710587930184566e-01
5.371480399215539103e-01 9.143504845108606505e-01
4.614076748844092579e-01 9.143583718910790470e-01
6.568600821621680685e-01 9.872198629382487045e-01
5.566634312777744009e-01 8.704650239822221414e-01
5.830776632782825875e-01 9.790528324138574323e-01
7.114942674766164821e-01 9.190648655337598782e-01
7.356417966751508386e-01 8.538620760762238859e-01
6.498441927366207516e-01 9.683991869984615031e-01
7.660240239110529537e-01 8.605766835795632952e-01
7.458523284121555408e-01 8.591541787823478993e-01
6.650838958527388600e-01 9.026655553876824500e-01
6.456322162681901178e-01 9.796409102299930005e-01
7.207323656554902591e-01 9.199218151584335201e-01
6.284405190897546234e-01 9.898897971684706976e-01
8.484468482606130069e-01 7.588926239066400292e-01
7.148016222542439291e-01 8.885652573218245642e-01
6.794833133374864609e-01 9.048935452267937718e-01
7.215541830334515350e-01 9.229498784921387200e-01
7.157266178320034200e-01 8.729535317205719958e-01
8.741897237863079928e-01 7.442430480417794314e-01
6.476865849695631061e-01 9.831910441794541322e-01
7.240955295862576691e-01 8.535541279684265570e-01
6.709656414740375885e-01 9.058657336464343013e-01
6.274871672470597739e-01 9.443763921722206911e-01
5.939646192184910856e-01 9.291917014924100382e-01
5.710189298912938805e-01 9.735613459457919117e-01
5.847596814031367218e-01 9.192427089068208046e-01
6.651725832251148551e-01 9.219581877875380194e-01
5.875722600880152191e-01 9.023150770132229992e-01
6.197364581919910798e-01 9.748760987434125225e-01
4.911499659815336538e-01 9.400735314224647476e-01
6.634607677086292732e-01 9.377950214520068828e-01
6.046548241392735168e-01 9.716682753128440542e-01
9.653999542418408852e-01 6.467969833521841627e-01
-1.444182010134412164e-01 1.009451805050442186e+00
6.525264935611868600e-01 8.823433250510765991e-01
6.471429549334307696e-01 9.280155501364989457e-01
8.024448466529159329e-01 8.085082606335952660e-01
5.570941353102527582e-01 9.130862584451543418e-01
5.848674511990985536e-01 8.942278440174554754e-01
6.154281006237852791e-01 9.218704876245171764e-01
1.191243199265828584e-01 1.045478436296035873e+00
1.889506617936786981e-01 1.034112916058670617e+00
2.009499767186461727e-01 1.056382042633371210e+00
-1.231877234312540453e-01 9.976473990016663240e-01
-1.547989239673700224e-01 9.880470371140678276e-01
-8.404111303648571785e-02 1.002712145131183119e+00
-1.618342246552830488e-01 9.974717509596617848e-01
-1.510953598791732813e-02 1.002843838297502010e+00
5.896137322150122317e-01 9.530453089322390436e-01
3.016135402690078154e-02 1.000994753104857971e+00
-3.621319844400577165e-02 9.994625809648439718e-01
-1.439346868598716800e-01 1.010664582902090824e+00
-1.367238474711619522e-01 9.949078691302257749e-01
-4.882590441046049529e-02 1.000923264619372643e+00
-1.619492345619341911e-01 9.868968201577988930e-01
-1.418741376619220007e-01 9.936984500728441860e-01
-1.653218785529625423e-01 1.000230968481473859e+00
2.970354563240119594e-01 9.820305600482341912e-01
2.477559319008977023e-01 1.012317265134401234e+00
2.070683187145080373e-01 1.031811296611506279e+00
-1.396238104250265566e-01 1.036151438588235107e+00
2.363648998088802855e-01 1.005218924760345356e+00
2.827607432150664457e-01 9.861077101769092357e-01
1.819957362808632684e-01 1.025675321810618490e+00
-1.577347438119813539e-01 9.904391504022553860e-01
2.342591077560783330e-01 1.024888619984454907e+00
2.053326483759234655e-01 1.032954246573283275e+00
2.866281888787860499e-01 9.672131255976584852e-01
1.914419402710397511e-01 1.052508733819911058e+00
7.613334714817370230e-01 9.384660299269419470e-01
7.580764467097048653e-01 9.464427193253823756e-01
7.836409061209503868e-01 8.920723643076717835e-01
3.354306084039150315e-01 9.588209658025403925e-01
2.684511862432123475e-01 1.077656851109995984e+00
3.373821030826236744e-01 9.924477913652436367e-01
2.742060685518500351e-01 1.052850533569967828e+00
2.515101778936434385e-01 1.058020636823739924e+00
-5.637459174128638117e-02 1.066939342262881008e+00
2.843098839846366910e-01 1.040454138029171860e+00
-2.372716313788062609e-02 1.058824767258981892e+00
2.457823726717728585e-01 1.087017529560371454e+00
2.620624704344929889e-01 1.028248072756923426e+00
1.854152342800110820e-01 1.086740580094364361e+00
2.901421516308710924e-01 1.042724469695338829e+00
-1.595043058044970027e-02 1.065174111787352995e+00
3.397555665650385248e-01 9.985064357172505067e-01
2.719652415912970911e-01 1.014636888136012161e+00
-1.067011439087003632e-01 1.041667016883182972e+00
-5.052082683352417114e-02 1.034320391810502615e+00
-4.979025635168547043e-02 1.051428928620474323e+00
-3.900365944561365872e-01 9.273919664193399637e-01
-4.206627136277961143e-01 9.074252787496847050e-01
-1.583083816981697700e-01 1.041914722645274738e+00
-1.307534451765681727e-01 1.049354296898188155e+00
-4.408531068282314225e-01 9.071728307279488535e-01
-4.405182607019254015e-01 9.472775396759679500e-01
-2.832264477815276682e-01 9.637097786932020682e-01
-1.863621406848899736e-02 1.030896529348839241e+00
-3.557976429301391158e-02 1.046599835276434298e+00
-2.943941704623943556e-01 9.782947422252946668e-01
-2.899994126900842795e-01 9.843950057250574481e-01
-4.213803828600682921e-01 9.368473686495377706e-01
-3.184712710965572624e-01 9.862805955175695249e-01
-7.135427295371310485e-01 7.700074817791753290e-01
-7.681621958772782977e-01 6.907246383645775367e-01
5.743673108986159515e-02 1.064998418371053690e+00
-3.106484430465905056e-01 9.995937709141106131e-01
-6.791746551029930190e-01 7.388633010080831731e-01
-6.958543542543315086e-01 7.401688439225684313e-01
-6.639129017149056899e-01 7.567846818824482957e-01
-7.384903050393153423e-01 7.260045465893829597e-01
-6.986721617945992335e-01 7.428075001064320393e-01
-6.848183950256416797e-01 7.338525711102723559e-01
-7.527305167364348737e-01 7.080309976733603072e-01
-9.407808155375829706e-01 3.457128398447287809e-01
-9.576536952991107077e-01 3.433080054401507208e-01
-9.783352789678747552e-01 3.260281897996645806e-01
-9.467295523255480072e-01 -3.674912430954853093e-01
-9.554338795472968604e-01 -3.715240206712147053e-01
-9.585890065084244904e-01 -3.374867672736525659e-01
-6.934043138619763180e-01 -7.716976132928433652e-01
-6.986817123654630590e-01 -7.639241938816173638e-01
-7.807942749294798368e-01 -6.540448413459472032e-01
-6.921722043962613702e-01 -7.739398262782311022e-01
-5.872940556972776616e-01 -8.545481847284509547e-01
-7.109061248497497987e-01 -7.513585190929905622e-01
-2.366155039580691843e-01 -1.013040938370475263e+00
-2.586231284419587828e-01 -9.797441455777587960e-01
-5.119918560278109432e-01 -9.230417624543509891e-01
-2.612350724676183455e-01 -1.017238958877176636e+00
-2.242659002845017457e-01 -9.781522944249980700e-01
-3.293333828486340042e-01 -9.670958437025904963e-01
-4.828464103978604149e-01 -9.501931758712267584e-01
-2.228454682150936561e-01 -1.013841795922018951e+00
-1.763424775225465313e-01 -1.044315600791183352e+00
-2.661101621323743172e-01 -1.027492247439303563e+00
-4.649763573610419809e-01 -9.016445404937030172e-01
-3.615277008705302109e-01 -9.888118277773292331e-01
-3.863190628807782190e-01 -9.692436017622675370e-01
-3.638559166685224056e-01 -9.822757700489878063e-01
-4.286941563675568112e-01 -9.271441543083988046e-01
-4.679569956684989651e-01 -9.124463081182864199e-01
-3.460388118343802888e-01 -9.974990241781936939e-01
-5.456486897289174465e-01 -8.695995214445254584e-01
-2.685816355401695610e-01 -1.030040864112949262e+00
-3.117537305778997347e-01 -9.841702146782749239e-01
-4.716423347438135072e-01 -9.027611981294433319e-01
3.668012929609429928e-01 -1.069617692246404905e+00
7.429785166680727415e-02 -1.049510893074812268e+00
7.405492873701075007e-02 -1.043122395856239670e+00
-1.238128465770247256e-03 -1.044336469054969241e+00
-1.930778874178977131e-02 -1.044555831739329532e+00
-4.724854630878132233e-02 -1.027762559940027964e+00
1.143987023403498365e-01 -1.043851348361691134e+00
2.309284122343015500e-01 -1.048646452717164168e+00
-3.339915586973914857e-02 -1.043688563616498532e+00
4.195844314138394981e-01 -1.025609718603052833e+00
1.050417654104173898e-01 -1.036824845531162609e+00
2.298427149779753154e-01 -1.052323257046889227e+00
2.256455863720003285e-01 -1.026635459919857496e+00
7.229356619801646788e-02 -1.054327195519818572e+00
4.789583554536525067e-01 -9.414420930183907688e-01
-5.559181934610491621e-02 -1.054361674396274928e+00
-5.342797709948803042e-02 -1.056947003515015027e+00
2.620971542798481435e-01 -1.043181010110109330e+00
1.809848239965714534e-01 -1.061758079644379960e+00
2.654517752149240795e-01 -1.038220267481565928e+00
7.030517846702184770e-02 -1.066780117805807393e+00
3.035974333656055180e-01 -1.047763244977019115e+00
8.909025822445389153e-02 -1.068654225511422418e+00
2.462039999014407621e-01 -1.040607698756949917e+00
2.947587148471453311e-01 -1.040821741135273593e+00
3.109274447786197770e-01 -1.046680834466057641e+00
2.443555304580302678e-01 -1.071359712631482441e+00
-5.529222553961758713e-02 -1.055410747227571777e+00
6.387490220663762930e-01 -9.313781988689189273e-01
-3.388422933081104010e-02 -1.060830396889520744e+00
2.915403885972049358e-01 -9.822229044155436073e-01
2.976114419717440507e-01 -9.917732275841764089e-01
2.854415942678050766e-01 -9.943533870145576659e-01
4.148081855141166341e-01 -9.685725682476428178e-01
3.465127542265880600e-01 -9.768315470312880500e-01
5.339859488660171349e-01 -9.540159867384626624e-01
1.303362242265103110e-01 -9.926461823770749149e-01
4.060440572010955984e-01 -9.721060260891831728e-01
5.426751232854745144e-01 -9.618455151576278395e-01
2.542288129741486213e-01 -9.989906633791523216e-01
5.242205100579676591e-01 -9.688633719056779503e-01
5.310637769609942715e-01 -9.531974774471898559e-01
5.546033698240421250e-01 -9.592024011428716967e-01
4.109866454086654741e-01 -9.527890691246548860e-01
5.731365410175922603e-01 -9.445638561880042028e-01
9.090590961007791737e-01 -7.274246924491893918e-01
2.040815549025660758e-01 -9.860176676921235117e-01
2.809612114243144609e-01 -1.006266194518184331e+00
6.698886330031682546e-01 -9.746195887049456941e-01
4.905078295536891009e-01 -9.791737905342923209e-01
1.931921991802062200e-01 -9.920571195231006056e-01
4.488042131828682835e-01 -9.839462319702070303e-01
3.656888205215866883e-01 -1.003623394446216288e+00
8.600652920197437989e-01 -7.043821297492423028e-01
3.362629587964574562e-01 -1.005929102821708554e+00
4.046684245209028474e-01 -9.845853306851686249e-01
4.371598440053183765e-01 -9.812461442377545806e-01
3.324234923217935234e-01 -9.941389061356807888e-01
2.510789615853513124e-01 -1.004794891995854478e+00
6.556010412120366615e-01 -9.724795861860635604e-01
4.615952954682276399e-01 -9.857933485164269705e-01
3.231146519201911760e-01 -1.000717891822308747e+00
5.640202456133789344e-01 -9.714526301476421599e-01
5.867575086045417887e-01 -9.614933272113513896e-01
4.649987057914125588e-01 -9.721690611097814072e-01
8.404833546850833947e-01 -7.870708199470123345e-01
6.179573704708237747e-01 -8.622182002023737191e-01
6.435485615050101638e-01 -8.378570249057626373e-01
6.423694200597482862e-01 -8.557928947198941705e-01
6.478593300133680399e-01 -8.352781382921573572e-01
8.198639197873560658e-01 -7.867205647560587822e-01
2.441427487321841949e-01 -9.799336983559242542e-01
7.723101283329495415e-01 -8.034623795015272130e-01
2.041296446251112673e-01 -1.009967375638021414e+00
6.701630382401140285e-01 -8.355386422136719116e-01
6.933763641986482318e-01 -8.035942086808979257e-01
7.854198592456661521e-01 -7.993302646741683448e-01
7.613077867944130217e-01 -8.028275169336351880e-01
3.766636145633993626e-01 -1.002432567372783634e+00
6.617199913016860169e-01 -8.325378556677808239e-01
6.792140337459102728e-01 -8.075128562702181823e-01
9.374624822267001167e-02 -1.016977535508114538e+00
6.533021453167920933e-01 -8.216727671376083952e-01
6.917230492468364744e-01 -8.324311159994256526e-01
7.595381514422951952e-01 -7.678974174948078879e-01
4.672953425718875953e-01 -9.235814796018736450e-01
8.331946405339615280e-01 -8.230065283165982626e-01
6.754108572209894801e-01 -8.841084027380774479e-01
7.614940024489549319e-01 -7.613747987106437298e-01
8.513179081853260444e-01 -7.696260588879333397e-01
7.934048756792988488e-01 -7.661591908788022431e-01
8.781627744450239970e-01 -7.659214147628582436e-01
8.083564880841663802e-01 -7.533169654270143178e-01
8.786986227549156148e-01 -8.020366646114229781e-01
4.898784823336341243e-01 -9.189466167326321155e-01
7.735689961763507760e-01 -7.622580417971165367e-01
4.288851553737331179e-01 -9.368363527530798596e-01
8.918030862835972794e-01 -7.704369603947208711e-01
7.870438304049223177e-01 -7.438284913948424171e-01
4.541202480024806309e-01 -9.316172174843504461e-01
7.550818966324921444e-01 -8.561439106862248627e-01
8.892815359227479455e-01 -7.782759641936216610e-01
1.056097929205667363e+00 -5.030238561207246439e-01
5.459964987914756041e-01 -8.383613601961104056e-01
1.013098417770615933e+00 -5.323304085269175978e-01
8.596486006709643801e-01 -7.531091275300613175e-01
6.512479236967135821e-01 -7.928158779331129224e-01
1.027707741613308023e+00 -5.612277210407137229e-01
5.413847924805025302e-01 -8.492734821647551779e-01
9.963670457237038258e-01 -4.990607180693411582e-01
5.419838486756937135e-01 -8.416800260672337997e-01
1.059060901081147588e+00 -4.587741355638176310e-01
5.726215054330082710e-01 -8.673412390347444711e-01
9.736965917621936972e-01 -5.141057388113087212e-01
1.018078955688753728e+00 -5.318185320936364979e-01
7.967418317776756576e-01 -8.462425989229107604e-01
7.950020502003819489e-01 -8.200915143913679595e-01
6.160624922566997341e-01 -8.699452386195852815e-01
5.459690799385776838e-01 -8.385738242530031972e-01
8.215018338859323421e-01 -8.282681028194864847e-01
1.050814631331577820e+00 -5.336456217260312496e-01
8.875951788373015461e-01 -6.266680355803608826e-01
6.134886804174858321e-01 -8.748364065834320913e-01
7.253141294690584884e-01 -8.263434157761310184e-01
5.331607848210661027e-01 -8.662546069463891163e-01
1.028884311053704259e+00 -4.858804149434452491e-01
6.350104091673343110e-01 -8.692674365979471407e-01
1.006673809467262926e+00 -5.048835865088235897e-01
6.534538431108852796e-01 -8.688696756612632743e-01
8.262461390944098039e-01 -6.905145303197168793e-01
8.690103835402671617e-01 -6.568671872001129453e-01
8.864474862368388886e-01 -6.365262929092642130e-01
8.555259313827707768e-01 -6.829059186875564569e-01
1.035611400622217237e+00 -4.915947532398470821e-01
9.763585342432087311e-01 -5.284437503288507143e-01
7.131308299166947418e-01 -8.315568991647239727e-01
6.599283554698857079e-01 -8.612014301136895478e-01
6.345532476694163426e-01 -8.759853993469244315e-01
8.679180523908702760e-01 -6.637804893541777718e-01
7.691857570008927558e-01 -8.361384877146234018e-01
9.207432878088022132e-01 -6.265480876557455447e-01
8.793216379020788454e-01 -6.719553702459556410e-01
9.901272476969313896e-01 -5.825859762343288395e-01
9.656540639269353132e-01 -5.753516903196082000e-01
8.960731883664115882e-01 -6.095642818760188542e-01
9.609960140919568961e-01 -5.825506372557661683e-01
9.739161373620648376e-01 -5.991903307575794368e-01
6.014276756439487226e-01 -9.074224015043276248e-01
9.058765503741540437e-01 -6.414875836734511561e-01
9.420649587988295659e-01 -5.744903887993851876e-01
1.122464712189466196e+00 -2.859742187577548611e-01
7.497357081600144468e-01 -7.183757606912752891e-01
9.617519939678458307e-01 -5.933306901072668005e-01
9.516894481223479030e-01 -6.164758688285825183e-01
9.353024710775215134e-01 -5.646430412920769859e-01
1.043334094114042987e+00 -3.119964433230083545e-01
7.585314581772700793e-01 -6.753594426671192252e-01
6.985765906137181291e-01 -7.363460389320498622e-01
8.556161329151368289e-01 -6.107252328302955613e-01
7.299822819844995481e-01 -7.074434669715469193e-01
7.276902492276360324e-01 -6.890065359628352315e-01
6.600690478699668962e-01 -7.627849491058410480e-01
9.213426869775587225e-01 -6.056310545194123485e-01
7.315714886027157027e-01 -6.893302667096473657e-01
1.028795852264229316e+00 -3.256705257424152289e-01
6.746144518101232501e-01 -7.473642922393034516e-01
7.923099827112759508e-01 -7.055354372476075886e-01
6.751458717114208197e-01 -7.406711992733170380e-01
9.868083819868670448e-01 -5.627195784290499603e-01
7.821235124365883973e-01 -6.695222779219444087e-01
1.023750326452359971e+00 -3.816729399899294606e-01
5.930356639534817287e-01 -8.194087107255825231e-01
8.440794148623300686e-01 -6.044641287457214185e-01
1.064275234041097029e+00 -4.095031590926211940e-01
1.073944938022106443e+00 -3.990584569621931643e-01
9.229884897526299259e-01 -5.225006400596207135e-01
8.486712682755646053e-01 -6.187963092773722806e-01
6.398572289130622925e-01 -7.759241881928873319e-01
8.461636540580904642e-01 -6.070161059205158027e-01
1.070408783412601705e+00 -3.813737377940614182e-01
1.066128352466893858e+00 -3.616668047666877772e-01
9.728754605368526986e-01 -3.547404647217066720e-01
1.080536010230177091e+00 -3.112733946152698716e-01
1.000236822324874320e+00 -3.910118126358909652e-01
9.257817219692021649e-01 -5.071024046354695169e-01
1.029717661037828025e+00 -2.620266404218630774e-01
1.143061249240116650e+00 -3.606062212921471999e-01
1.098620083782780199e+00 -3.262843671969077874e-01
1.105137690799979033e+00 -3.685504375449881187e-01
1.133484595971057551e+00 -3.580770238832508001e-01
1.045973448741875922e+00 -4.382791869264436313e-01
1.105461076550087851e+00 -3.669382827492840837e-01
1.136315670201426764e+00 -3.618770703528637611e-01
1.134596797584183969e+00 -3.549904163880870378e-01
1.070368429399883192e+00 -4.228824522820197052e-01
9.102699262617407472e-01 -4.713041595648356785e-01
9.887084780033441600e-01 -3.982005375438273376e-01
9.022093723248498787e-01 -4.823779110085990030e-01
9.444401508103721365e-01 -4.614230615224464982e-01
9.994964816500898630e-01 -4.006844625444371810e-01
9.193238542624566634e-01 -4.667892147837057748e-01
1.071562706590689418e+00 -4.197645087278740750e-01
8.333238835530285549e-01 -5.679602922761961548e-01
1.042702425747259687e+00 -2.213725803500444511e-01
9.533346364088338687e-01 -3.969226021895819745e-01
1.003407829629763937e+00 -4.346507853846992564e-01
1.083595424569401500e+00 -7.445163436939059021e-02
9.632114354929760536e-01 -2.954182890309140497e-01
1.041111913799324329e+00 8.015252913953285763e-02
1.090518466861030822e+00 1.546460576984263757e-01
9.823759475857851697e-01 3.011585713375920514e-01
9.895184607115999897e-01 3.740185044117874669e-01
7.860793243886063930e-01 6.679209493564403077e-01
6.685868348450292320e-01 7.591757003222677769e-01
7.276982791904769154e-01 7.876674657784079603e-01
1.049927364538656205e+00 4.952999759200839569e-01
5.438645326294122562e-01 9.401480172829971282e-01
7.728462437132691543e-01 7.931947698119476975e-01
7.379852914020323951e-01 8.865623381889239374e-01
6.464345447710850845e-01 8.814258471249700744e-01
-1.248523115809938439e-01 9.975609715289214252e-01
1.642356116886958817e-01 1.041131712754455485e+00
1.610592234923527433e-01 1.069147444073848208e+00
1.880768862459064605e-01 1.079363617894384397e+00
-6.918873315515799982e-02 1.028928596432355125e+00
-3.055102925147211712e-01 9.709902741914704372e-01
-6.294753825459179497e-01 7.794672822081378794e-01
-9.555364351550006408e-01 3.377891138768147061e-01
-1.012775990866185083e+00 -1.906164019022415276e-03
-9.384984661182194099e-01 -3.660356240596793209e-01
-7.717397655324839123e-01 -6.730712192999542820e-01
-2.452633824800509454e-01 -1.005107069423538446e+00
-4.637831647543440572e-01 -9.061063083193064971e-01
2.015394915705873979e-01 -1.040396727003804367e+00
1.170653828116629581e-02 -1.066163300401129721e+00
5.670843485468303191e-01 -9.406774306067067215e-01
6.244747524912077630e-01 -9.499821237237167093e-01
3.211678108792545561e-01 -1.012509363139537655e+00
6.777588519109292164e-01 -7.923777502011982721e-01
8.422934326626223545e-01 -7.596963639199817431e-01
5.590115211031776443e-01 -8.309209793516119102e-01
6.840323716907331653e-01 -8.560228328243868479e-01
9.381674732422323748e-01 -6.016730918822803531e-01
6.454744897673339032e-01 -7.718333178478863354e-01
1.080347539849272342e+00 -3.505993514539742506e-01
8.913407386097288443e-01 -4.582916866610344808e-01
9.630862937478436026e-01 -3.035333455918993173e-01
1.076815648834577921e+00 -1.317192319562402181e-01
1.044882833623757667e+00 -6.509134074046585283e-02
1.100287031889946920e+00 1.103404267663463112e-01
1.084106267863457207e+00 1.878745599789946319e-01
1.016226250851210766e+00 3.106603801925813535e-01
9.657880355093496627e-01 3.853764859857373160e-01
9.634950305175805640e-01 3.951218259626813056e-01
8.586266951118461943e-01 5.907216885933654904e-01
8.333223281288898443e-01 6.724295597064992025e-01
6.920555099160994317e-01 7.326631872423688963e-01
6.879038065023739268e-01 7.430364302181592384e-01
1.076261801234752680e+00 3.650371129970848560e-01
8.397789055731241792e-01 6.281462249599741865e-01
8.859397517118039467e-01 6.460110933248981446e-01
8.808273393059704581e-01 6.883911165324098080e-01
5.285540709315224017e-01 8.792529810852306449e-01
7.368778681580795409e-01 8.173803026769795865e-01
5.592335941446876513e-01 9.849794858277888254e-01
5.008859296946369666e-01 9.750832010349900214e-01
9.981216982419627293e-01 5.146142648763809557e-01
7.951127827510601209e-01 7.853980629006789282e-01
1.019614331760411829e+00 4.820882515972824689e-01
9.194595388349346976e-01 6.683586371388251512e-01
8.689724530610322129e-01 7.476788280061158476e-01
7.422627932258265560e-01 8.807806367188392160e-01
1.630304241095769935e-01 1.008279959256802583e+00
6.496836198823232600e-01 8.816148148367500825e-01
2.837948542365655857e-01 9.632169383300900334e-01
1.438257299646065190e-01 1.049531761077586500e+00
-7.774828221354476709e-02 1.004523223171590596e+00
-8.758422809947236098e-02 1.012632711686195064e+00
2.060036159446500537e-01 1.073540218322496242e+00
7.921518862848816456e-01 8.075491245446950739e-01
-2.025011491165912281e-01 9.966006086811219911e-01
2.185166828062142241e-01 1.095399578539909546e+00
3.071606673429618239e-01 9.728600016609559864e-01
-3.514331221353091117e-02 1.002116199047760503e+00
2.206549223073337729e-01 1.068301818073258191e+00
-2.788673279870470534e-01 1.017469996200190074e+00
-6.973157271131564805e-01 7.595384918887810866e-01
-2.599110863072172095e-01 -1.012807772280310159e+00
-4.612019284201712144e-01 -9.025180407569015628e-01
1.553948850428585882e-01 -1.031998694086943891e+00
5.647495758174508884e-02 -1.041159367033803962e+00
7.153175752005259680e-01 -9.332051688665368161e-01
5.558853671322461915e-02 -1.073172998790719923e+00
1.049980107508107496e-01 -1.061223505131574374e+00
6.491436513861795765e-01 -9.283588290284868760e-01
7.772725092318776008e-02 -1.027051443985107726e+00
6.917819804448988030e-01 -9.508082328308405939e-01
1.884916481679241862e-01 -9.981687215866386076e-01
6.616509075235655901e-01 -9.356570477509814632e-01
1.638786065054133601e-01 -1.018304349559504107e+00
8.869165097946674070e-01 -7.063681024330723535e-01
6.000423211275177637e-01 -8.455051669327067199e-01
7.425971112150321352e-01 -7.938468742025361902e-01
8.644258374033626513e-01 -8.015211737201876074e-01
8.582264311727855199e-01 -8.133011074584514111e-01
9.056640111628480039e-01 -7.494944272815973196e-01
8.680406642788092153e-01 -7.542581122418161588e-01
8.440856340539631963e-01 -8.341853831592963564e-01
9.256313208249198343e-01 -5.488298763110643907e-01
5.673959079439777620e-01 -8.702746334813125095e-01
3.668810857809914339e-01 -9.520004771855504755e-01
7.069950852166694277e-01 -8.455112783878732108e-01
7.333833930768363096e-01 -8.341087104213935621e-01
1.180539426920971247e+00 -3.064728343403645416e-01
1.007554884048080801e+00 -5.734394512051130821e-01
6.614464649114486505e-01 -8.813606532617692668e-01
1.035960528158030414e+00 -3.456554117827643768e-01
5.978684311233196658e-01 -8.215579532057045720e-01
6.431417002095080049e-01 -7.718165515435208013e-01
1.094162335407866893e+00 -3.409653842686040104e-01
1.031232055486005272e+00 -3.915273618488118723e-01
9.023022541123985052e-01 -4.602070841902660692e-01
9.481731200955232364e-01 -3.946747881256733037e-01
1.024135410742104124e+00 -4.268701435606421235e-01
1.071459467239516794e+00 -1.183669184580959516e-01
1.039842019483677937e+00 9.007300423965465541e-02
1.067925915433438400e+00 1.903041017229827325e-01
1.014898886368024611e+00 3.039333175554651545e-01
9.874965818593294253e-01 3.801396427284084445e-01
8.589637516292023545e-01 5.918519136451696472e-01
9.353769330678768368e-01 5.425555695333038608e-01
8.889891726487914037e-01 6.834037532050166730e-01
8.790347782556280354e-01 6.700153120333466328e-01
5.364836527341847461e-01 9.378439836111975847e-01
9.467533172446165324e-01 6.207401518692472475e-01
6.736260352487304370e-01 9.071631065134214689e-01
6.263376989010108753e-01 9.490749130720707027e-01
-1.411122191641010770e-01 9.933009903128676710e-01
1.963657145481965960e-01 1.044940623786266398e+00
2.633494120088201718e-01 1.041908869480423938e+00
4.199359101631400942e-03 1.058061557018603827e+00
-3.940145227310630771e-01 9.700223872105752099e-01
-7.184220917361499037e-01 7.317528996112143691e-01
-7.067538139328866098e-01 7.819250017325189983e-01
-9.421743909402476858e-01 3.474976707974671841e-01
-1.014457253322094132e+00 1.273020702895862532e-03
-9.331532836836851086e-01 -3.920236249096005765e-01
-6.733044360121257510e-01 -7.626270488696121896e-01
-4.634623345436101327e-01 -9.443673062385536943e-01
-3.465281340453483794e-01 -9.890710496781512928e-01
-4.778983423746973047e-01 -8.899892118522488849e-01
2.174763567958967470e-01 -1.053545778138327060e+00
1.854227266718701250e-01 -1.064412857781638966e+00
2.730310843871525117e-01 -9.902252229230396052e-01
4.062606727630752590e-01 -9.881226906369898755e-01
9.003666363697299113e-01 -6.805616123844974164e-01
8.186369773946755579e-01 -7.652279184762129649e-01
5.435707038953372372e-01 -8.440860603421068697e-01
5.750348485398075749e-01 -8.778732806260016730e-01
9.064126043374577391e-01 -6.394259462683633544e-01
6.781008152576405434e-01 -7.370355711824221334e-01
1.083209778152471658e+00 -3.154569340143159040e-01
1.107511474279038177e+00 -3.727095988079386357e-01
1.011214577613575250e+00 -4.101043742735202557e-01
1.074903423784653533e+00 -1.550701280957212658e-01
1.044548913175047833e+00 -7.472112593639054778e-02
5.568783359727225157e-01 8.870192199523067034e-01
9.399486869820483648e-01 6.047192480969474371e-01
9.505344496767178519e-01 6.724880456318617084e-01
7.574605127226847756e-01 9.281420367863253418e-01
6.020057120774600090e-01 9.754147215616084665e-01
6.062024098140874617e-01 9.347099643849945405e-01
-5.292600350984743435e-02 1.010061934879446177e+00
-1.016046473447198839e-01 9.981159686608449544e-01
-1.017112763454071783e-01 1.015449151503933445e+00
2.435262241341432377e-01 1.005196864325000661e+00
2.620312155320447811e-01 1.067826458525439559e+00
-4.604450544736189005e-02 1.005052909687631946e+00
9.023894482068713085e-02 1.041042880249895886e+00
-4.327879987636425452e-01 9.696768445474071019e-01
1.385987907996447457e-02 1.030460805780695877e+00
-2.914015240877355223e-03 1.035636758296089255e+00
-3.936880418594008724e-01 9.747470097525666732e-01
-2.607000177478134839e-01 1.021130221740324640e+00
-6.817544096998393588e-01 7.687195924728075225e-01
-8.148386346938280012e-01 5.969707023210636399e-01
-9.221745631599388426e-01 -3.948046871028040306e-01
-7.054613745320039708e-01 -7.291164187032183053e-01
-7.398310042426190503e-01 -7.446504372124360671e-01
-7.665131598690857473e-01 -6.716737501348959416e-01
-5.479545224026890482e-01 -8.836706019496813891e-01
-3.402192576075303565e-01 -9.837030589364493816e-01
-3.568569900964176922e-01 -9.568312449378997275e-01
1.558029574722810499e-02 -1.081348956215403501e+00
-2.881201557081654041e-01 -9.579446769645204585e-01
1.244910117500520469e-01 -1.048007579491122110e+00
4.714395323625623635e-01 -1.018972064418546486e+00
2.906436057160253772e-01 -1.062061978656966721e+00
6.362374480002715993e-01 -9.286511114829296698e-01
3.961486647869100208e-01 -1.037585009503875888e+00
3.393504392841772410e-01 -9.688004350616662430e-01
6.917011347677162192e-01 -9.069335993686133968e-01
3.580675285710200884e-01 -9.887544050805993079e-01
1.599968327673876867e-01 -1.002968746339675477e+00
8.879547959984910310e-01 -7.069044716995418476e-01
1.339445649810225847e-01 -9.960686161462383170e-01
7.816525653926975625e-01 -7.472376244938616630e-01
8.095373458205710193e-01 -8.216705343386367932e-01
1.037997390175192658e+00 9.624516905244313858e-02
1.035719120649736702e+00 2.341612086608889642e-01
1.041071485783908068e+00 3.216889240236033287e-01
8.122853717224581827e-01 6.107815841794590472e-01
7.967583658804956448e-01 6.659856588268223687e-01
9.414918636582659817e-01 5.565579336584873804e-01
8.884971123412780392e-01 6.459193745549530741e-01
4.310984330357096606e-01 9.089286040291281177e-01
9.426977522664463649e-01 6.679757625634815676e-01
7.325916880523253294e-01 8.964131166796295291e-01
6.477805523963336976e-01 8.813849117291394641e-01
2.375973989785599427e-01 9.890634386576310222e-01
2.332069488950417324e-01 1.012740363561521972e+00
8.602847626977880302e-02 1.047855501487888308e+00
3.286858613163575749e-01 9.925828756236941830e-01
-5.374076032281455834e-02 1.025306195230041739e+00
-3.068109051391629816e-01 9.880681909693319609e-01
-7.431858923291578822e-01 7.337284314889706005e-01
-7.921855090895800755e-01 6.584894159691033755e-01
-9.417765575938435996e-01 3.629521781917675605e-01
-1.016146102740931978e+00 5.289414742839168310e-04
-9.470336060422430702e-01 -4.020503716310272480e-01
-7.987550318242784275e-01 -6.683397242748946310e-01
-7.296520105028112546e-01 -6.943991060887273470e-01
-1.732031838746276031e-01 -1.053382594308112097e+00
-4.514497663995054033e-01 -9.151925719439899520e-01
5.041568197197177081e-01 -1.023234033084585048e+00
2.889829895036648624e-02 -1.064974979323073834e+00
6.996949926413444931e-01 -8.979751944351613835e-01
5.756690884687837295e-01 -9.553160965051675779e-01
3.713353593465686386e-01 -9.961729523317350843e-01
7.015992168502551696e-01 -7.831695980240487298e-01
4.029005451861024101e-01 -9.432195417388666847e-01
5.519304432971446905e-01 -8.726320675368033353e-01
9.828062287546208697e-01 -5.345650163165147628e-01
6.886159913826781498e-01 -7.362613473222144878e-01
9.722743151552825092e-01 -4.873773258050093649e-01
1.099736673662828013e+00 -4.044826264155126916e-01
1.010949102676760081e+00 -4.380785256951326145e-01
1.050278471991226148e+00 -1.980617962960696810e-01
1.042761312380274141e+00 -8.200140744647464730e-02
8.810529593541275295e-01 5.321905132626795210e-01
6.800270395470358054e-01 7.334082662787143603e-01
6.699876095103231011e-01 8.135558923353776173e-01
9.713074968366577355e-01 5.622529586020512671e-01
6.000063722902149177e-01 9.932720249494294551e-01
5.860098903898908196e-01 8.703868381833544943e-01
7.484391290124801088e-01 8.280197176206849363e-01
2.200612561968390279e-01 1.038394278473259380e+00
5.809134074904644951e-01 1.017470272082581451e+00
1.421457908384188285e-01 1.076762202991043971e+00
2.387431722416934465e-01 1.075076621565697055e+00
2.428178740813831393e-01 1.039718820971787361e+00
-5.921391653575746455e-02 1.035113511619106808e+00
-3.289714966267272556e-01 9.521742163763734501e-01
-2.533991836374822615e-01 1.000756527261957629e+00
-6.847371779063163855e-01 7.303107465535699783e-01
-8.591951634144286976e-01 5.606337317383596197e-01
-8.369367382103630737e-01 -5.976259313965580633e-01
-7.569394669914611962e-01 -7.096928544087022228e-01
-1.933583048876653943e-01 -9.927985542180852718e-01
-3.539761802827057213e-01 -9.697944873297950075e-01
-2.989183564625735867e-01 -1.023671270623599083e+00
3.995115459207091435e-01 -1.026522640250679741e+00
4.689233457371121405e-01 -1.018424166939581266e+00
9.589536400735548805e-02 -1.070645701466717004e+00
5.802161861296336598e-01 -9.237248132747551965e-01
3.656579837788627718e-01 -1.008296849562076547e+00
5.102963183968090011e-01 -9.153097541834221973e-01
4.291750337638565171e-01 -9.271280542509655609e-01
8.863487133620053804e-01 -6.253820365433533368e-01
7.224460533034066101e-01 -7.316454836174328680e-01
9.287600267512605701e-01 -5.235232260475874977e-01
1.144479500873854416e+00 -3.683690099422399222e-01
8.771816840265210802e-01 -5.330559915464803122e-01
1.036497105107835770e+00 1.007122885154499159e-01
1.007233193551402950e+00 2.471474786730571138e-01
9.707583893309489342e-01 3.750026215543708075e-01
7.876021437287384908e-01 7.027631467374365615e-01
9.095710929815929990e-01 5.613642567600700684e-01
7.154778753556052528e-01 7.935259882633725059e-01
1.043620740090980714e+00 4.957623144909550361e-01
4.969057600570604416e-01 9.546850501848836990e-01
7.677746178149170708e-01 8.016942775012728672e-01
6.633956477727244172e-01 9.024706374196684866e-01
7.964074811854484626e-01 8.098061889743959352e-01
-1.443634532838004303e-01 9.933099526697029003e-01
2.351232784887562210e-01 1.022696608949367425e+00
2.656910098691361299e-01 1.069198039124288346e+00
-1.231099493019967555e-03 1.038111270075118719e+00
-1.305250321158012705e-01 1.051105183022784217e+00
-2.897434431491036078e-01 9.755595197704765020e-01
-7.037592250661786064e-01 7.402084431590434388e-01
-8.260508099982234453e-01 6.026643986983352130e-01
-9.633901874794006392e-01 3.672960888483733921e-01
-1.018164273086421989e+00 -2.056927780532617767e-03
-9.767298481043563685e-01 -3.743645949178099896e-01
-8.454155337211634036e-01 -5.925630139597655166e-01
-7.514226039459498407e-01 -6.917835848950603106e-01
-1.635450855026560069e-01 -1.042663857485129686e+00
-2.768011674863720684e-01 -9.819005438638500616e-01
8.619839946149775167e-02 -1.086577260149973245e+00
2.261648180096618999e-01 -1.039965729191907995e+00
-7.238332860058412609e-03 -1.052238363701712753e+00
6.456166075883901234e-01 -9.393484994640093344e-01
4.077132806140812971e-01 -9.867194167958619477e-01
8.871265914338023473e-01 -7.377700591101766792e-01
8.702998517884290575e-01 -8.090806321872966445e-01
6.265734070441959513e-01 -8.683900802635164951e-01
6.897223738960788220e-01 -7.492074125149157382e-01
9.060045456387997298e-01 -6.542159258041673198e-01
8.531519880507351106e-01 -6.350023526653290062e-01
1.058979372091435112e+00 -4.427247022457319603e-01
9.080401134861392221e-01 -4.327941717381755815e-01
1.019643746529178330e+00 -2.385444728696740901e-01
1.040958051087120362e+00 -8.690446755889079389e-02
7.862142791809137998e-01 7.121626596102462736e-01
8.243091471502329570e-01 6.098576654637205552e-01
6.805545158625804225e-01 7.395538073968901394e-01
6.870321901422705713e-01 7.291013020035765901e-01
6.994862863853720247e-01 7.695562013880418162e-01
8.774979240606770592e-01 6.810699685337550102e-01
4.296290964321457517e-01 9.249282184709606280e-01
4.928753521286645123e-01 9.303617680871740792e-01
7.109074525903366082e-01 8.493819636356036984e-01
-1.089723323737488564e-01 9.967776438209987599e-01
1.894287327201041871e-01 1.093565652077464145e+00
-1.396605464457097434e-01 1.028439771926773938e+00
-4.153845097755151650e-01 9.518610455545578608e-01
-4.377152299374291178e-01 9.725636797122936272e-01
-3.459025540149325284e-01 9.642071274413767101e-01
-4.195992944006073366e-01 9.243534646359596874e-01
-7.305489983413663291e-01 7.449028471646875760e-01
-7.485584800934454996e-01 7.561687984889706726e-01
-8.290284411998046776e-01 -6.226739149633759851e-01
-7.783680653434351671e-01 -6.545198973664131392e-01
-2.825360967674768187e-01 -9.994601122299525686e-01
-2.062203931207660101e-01 -1.013659551280167825e+00
-3.333018896341848891e-01 -9.708015829502759653e-01
-4.821627882276364740e-01 -8.938772156403296254e-01
1.918759459667441492e-01 -1.075232992724051151e+00
-2.404082683509112250e-01 -9.712206445788608145e-01
3.061922357858007926e-01 -1.068131681379529851e+00
5.164125689874685676e-01 -9.449271930870732916e-01
8.886800898749711575e-01 -7.795354205550850679e-01
5.715683761405178087e-01 -8.215484042566051359e-01
1.030098520791600025e+00 -5.379545947687490726e-01
6.713918163195490285e-01 -7.515613243640733021e-01
7.485882194282043045e-01 -7.220121386770447236e-01
7.575395368007090680e-01 -6.696629113806608080e-01
1.126182695243219234e+00 -3.789130403474003095e-01
9.073692282789859176e-01 -4.294212968219916493e-01
1.036077625787733991e+00 1.029528680610727193e-01
9.929180035495300816e-01 2.507391585435253534e-01
9.483237083534541423e-01 3.967531059990829223e-01
7.921200527798041291e-01 6.982448257472223530e-01
9.223489752240737749e-01 5.714887582567216295e-01
7.522549685531525476e-01 7.799213334905527040e-01
8.889944334120283287e-01 7.167691573136387717e-01
5.405003513920408897e-01 9.328435458460737628e-01
6.534888348617506892e-01 9.899847265863916945e-01
6.940353938368952758e-01 8.732617843177004069e-01
6.861041234989740945e-01 9.901856013918576283e-01
1.726137419554747976e-01 1.052337361712503805e+00
-2.044014672483030447e-03 1.001498478301803718e+00
3.341759934769418794e-01 1.012367294658641503e+00
-1.038555908647875205e-02 1.016255105889734667e+00
-3.714555461645550061e-01 9.712285117834854598e-01
-4.978307044615121746e-01 9.431581607747108187e-01
-6.159129641028520119e-01 8.099314122377985203e-01
-8.633584989308252799e-01 5.917991405200454524e-01
-9.944747509731197699e-01 3.356700838991833469e-01
-1.020698636558737826e+00 -4.574405953068781151e-03
-9.927766367428667582e-01 -3.281464874579671509e-01
-8.539219410135449051e-01 -5.986638566321322852e-01
-7.425710754835050942e-01 -7.191772846553488030e-01
-3.935600168880152849e-01 -9.846740971376922724e-01
-2.793598273271442056e-01 -1.020327303437444044e+00
-4.070607122649733678e-01 -9.306052166958354022e-01
4.278204734345547600e-01 -1.053731199271111585e+00
3.582906066509224802e-02 -1.063424928740698494e+00
6.993294275804163851e-01 -9.617478994083149546e-01
5.916106988822438240e-01 -9.607791157873323273e-01
1.801221556052861883e-01 -9.875960433693981022e-01
8.268434385432800182e-01 -7.570386329430980332e-01
8.103379100335065255e-01 -8.220710539531221883e-01
5.313538381562866730e-01 -8.563472297541088185e-01
9.551400172753884421e-01 -5.883256917153277810e-01
7.625302505566001754e-01 -6.725947571191839280e-01
1.067873998498960253e+00 -4.354768072546922886e-01
9.041946356019419095e-01 -4.284687651226795624e-01
9.976007429891516898e-01 -2.562251691202929726e-01
1.040200967031223112e+00 -9.003342374668486803e-02
8.988554013932975595e-01 6.510888365396821920e-01
6.595622983953730589e-01 9.647446117542977095e-01
6.009038613559778419e-01 9.286369384606755206e-01
7.830963131568560165e-01 8.867014496751679520e-01
8.322960337552747223e-01 8.243644494290220948e-01
-9.563602009097728340e-02 9.994371532753645315e-01
7.716944531071813496e-02 1.042152621229631260e+00
-9.520827335889325838e-02 1.053879144921673117e+00
2.879974313281485343e-01 1.027746064031634265e+00
-4.579821133763584129e-01 9.421372689026301650e-01
-3.491371592358142317e-01 9.738472535870736912e-01
-6.480847982689738052e-01 7.666252648111465673e-01
-4.549478860323679097e-01 9.786244102695790259e-01
-5.924130496101218668e-01 8.280223629740852687e-01
-8.329767915145515067e-01 6.182977547780496019e-01
-8.480243314339955818e-01 -5.938694299305840030e-01
-7.244747094783980934e-01 -7.331310112984784633e-01
-4.758793948823109021e-01 -9.397684633148225553e-01
-4.870450325893532773e-01 -9.367883722648818745e-01
-2.027565820731840329e-01 -9.936283953984212935e-01
-4.688143619658641792e-01 -9.155336252636666616e-01
-4.659524981833441659e-01 -8.992975083345250420e-01
4.113275160108655903e-01 -1.046872284715833157e+00
-4.567129077570746681e-02 -1.032552682370305730e+00
7.074790874029531773e-01 -9.361186743463035809e-01
6.926887541779631619e-01 -9.205397778887418614e-01
3.336035187650205902e-01 -9.765605353929758259e-01
1.699692167733569959e-01 -9.908414288467786157e-01
1.258574923876232821e-01 -9.953120992233236430e-01
8.065211095668863850e-01 -8.355295595502497674e-01
8.124677800278280460e-01 -6.667943222285040994e-01
1.037085349722404848e+00 1.025892822873614163e-01
9.954609236803122485e-01 2.515732713030495171e-01
9.515031664091331276e-01 3.946899835206425511e-01
7.605303610389599900e-01 6.566540419384848670e-01
8.623645376870530121e-01 6.617094217415010471e-01
8.067773931874698823e-01 7.504482938518641788e-01
5.901578392127250217e-01 8.412405062072662032e-01
5.513653157094524637e-01 8.963317690310217412e-01
7.054038622047261731e-01 9.329608360420109658e-01
7.671979875623800016e-01 8.662287625981069938e-01
2.374798187365382007e-01 1.000596992436228572e+00
2.729746451047128653e-01 1.001127978916187100e+00
2.682468835654603923e-01 1.064867335832848649e+00
-7.218400231257549038e-02 1.057613098907379756e+00
-1.339680326931898813e-01 1.050393227616763792e+00
-2.616530867774403135e-01 9.960317271512788562e-01
-6.879736908511833171e-01 7.279683758765026491e-01
-6.845506745009372063e-01 7.894346526982571888e-01
-9.042408564480222122e-01 5.045976361933824927e-01
-1.009168496283655347e+00 2.933049779051250527e-01
-1.023537947179161023e+00 -5.025689568305194421e-03
-9.981025508581065075e-01 -2.904697457700279872e-01
-8.875099218607352958e-01 -5.155149564252868855e-01
-6.730930868990115945e-01 -7.668942101570492831e-01
-5.192999672361563457e-01 -9.351123196954341799e-01
-1.692982908788149554e-01 -1.058983084676839326e+00
-3.161316655792299479e-01 -9.779749180828282151e-01
1.666147212475869444e-01 -1.082417206187832770e+00
2.892463604843730773e-01 -1.044106562586555542e+00
-2.711023452129252345e-02 -1.016813127485411083e+00
6.368527430002732803e-01 -9.723050712642761217e-01
1.619649427834969901e-01 -9.902143201707628295e-01
8.955859036788402783e-01 -7.917367968589653637e-01
8.140994169451148954e-01 -8.182078062473223667e-01
5.724313491073971250e-01 -8.743828348336373235e-01
9.750872401786438992e-01 -5.696168687785887474e-01
7.589528468126427452e-01 -6.769564946357323754e-01
9.708259855232087565e-01 -4.811105821092213630e-01
9.105050179384319708e-01 -4.317876980231809547e-01
9.893108927197162838e-01 -2.618294628595834173e-01
1.041035310689087279e+00 -8.977274084327939441e-02
7.374646671726117209e-01 7.881961288233426677e-01
2.401070769714842013e-01 9.961145173931640340e-01
6.979812967856198203e-01 9.829126887688676151e-01
2.781923526547007142e-01 9.812818091584768476e-01
4.323876921610169677e-01 9.847441085417010243e-01
2.641775665140313478e-01 1.022513583164689877e+00
3.164847678944686660e-01 1.058380756148367574e+00
-2.904688554227981626e-02 1.046358715769078795e+00
-1.017645191741789815e-02 1.077460176018665061e+00
-4.455676738286747374e-01 9.348664511640710773e-01
-3.191656104327610932e-01 9.685187942441941811e-01
-3.930471576095028730e-01 9.371534947215164335e-01
-3.393514186104509833e-01 1.021889589852739810e+00
-6.464633873195640978e-01 8.112105146269905642e-01
-9.080246834098899544e-01 5.132810520670367804e-01
-6.755427383453312951e-01 -7.576433694082872483e-01
-6.945814980269418015e-01 -7.206347964420281027e-01
-5.802254354140981008e-01 -8.657528643131251478e-01
-1.686508909905537201e-01 -1.058972690294089025e+00
-2.890515368160923027e-01 -9.687896868774519277e-01
1.766626711740730549e-01 -1.083754348808187107e+00
1.581027682041410976e-01 -1.089594698334055423e+00
-2.376151897293640042e-02 -1.020574234795405211e+00
-7.154321830361561572e-03 -1.050426861614105478e+00
1.986645444654553620e-03 -1.017539916697310032e+00
1.592019092244695289e-01 -9.917032111567043451e-01
1.038778749789492695e+00 1.006484201915656129e-01
1.003995766162629755e+00 2.514399182416527379e-01
9.569123595513320257e-01 3.894548049627620800e-01
7.924260858569150967e-01 6.105015893154358553e-01
8.520749400136908847e-01 7.006167949698549613e-01
8.033360476658232274e-01 7.486171957295044699e-01
5.848241201263765232e-01 8.460075787035131745e-01
5.019153994113043638e-01 9.317206783367326661e-01
7.231411625344635885e-01 9.141320030370534422e-01
6.813689808307464846e-01 9.944667348633078330e-01
2.058732756380634854e-01 1.029853267040075293e+00
-8.171603747775495197e-02 1.004747656228107244e+00
2.206434773675477190e-01 1.095794665136558432e+00
4.338122902308053780e-02 1.049236215491158752e+00
-4.083473674771876949e-01 9.387937980162132101e-01
-3.462729267834721014e-01 1.010899365315887977e+00
-6.677566694907547395e-01 7.467810793065084995e-01
-7.831060740182058666e-01 6.935745544167413179e-01
-9.169659652095482061e-01 4.739110427930058878e-01
-1.013804546919724547e+00 2.587119216844139258e-01
-1.026406848409445738e+00 -5.537065056353073986e-03
-1.002620967926094897e+00 -2.621856297053229978e-01
-9.064868690778118410e-01 -4.546640898438045753e-01
-7.284897721502343604e-01 -7.839365903530637336e-01
-6.928618096566541151e-01 -7.221004476030511432e-01
-4.144677782721672976e-01 -9.626756105150090503e-01
-3.637974148640106264e-01 -9.812093988954229129e-01
-2.116835846034466895e-01 -9.781733343300900163e-01
2.726093465517165915e-01 -1.078463005686826959e+00
6.707985358389013941e-02 -1.046460532293256529e+00
5.035511991531116394e-01 -9.880125323867530174e-01
3.241228064736032533e-01 -9.844410611212003337e-01
4.510595454641577184e-01 -9.424763495042940420e-01
8.190246064196115006e-01 -8.297815780615616088e-01
5.717149544275723638e-01 -8.683781853655784255e-01
9.759873770350276923e-01 -6.077055096580545879e-01
7.824768671212583016e-01 -6.754698230673974457e-01
9.388003257863569706e-01 -4.877693970685801905e-01
9.386817096148473150e-01 -4.382567415551206769e-01
9.884617724031269370e-01 -2.637770939801387660e-01
1.042405398065632038e+00 -8.777365061789881018e-02
1.099098544143362277e+00 1.885066914386021308e-01
9.400927485085928126e-01 4.164881653081237700e-01
9.565173391228097843e-01 4.017699114973741770e-01
9.028309232540167040e-01 5.228432272695099359e-01
7.746703688628481244e-01 6.344679910620907304e-01
8.139378244119389594e-01 6.273812908264263521e-01
7.939295965560282387e-01 6.111021022724201224e-01
8.237234277178724362e-01 6.292919738022251241e-01
8.906698578286771362e-01 6.202242766749006542e-01
8.946584339454638490e-01 6.077737312485917975e-01
7.226214233830956513e-01 7.104044250323102716e-01
7.172354941543354068e-01 7.142451494241576215e-01
9.059250227523357735e-01 6.283939784878361801e-01
8.205584104746445062e-01 7.351743459935631275e-01
7.190607730168601108e-01 7.918539411180202103e-01
8.648748193727054945e-01 7.149269036862829774e-01
4.932342576213775698e-01 9.051274102859135917e-01
5.771861672249776198e-01 8.541633698003493480e-01
6.176231298693173333e-01 8.333704709731266647e-01
5.258656939148511622e-01 8.711130147822917502e-01
5.598451209263026751e-01 9.042704819325372290e-01
6.718453114108046131e-01 8.416806133925679445e-01
5.534145241916132996e-01 8.966391822015027380e-01
5.610647462315524470e-01 9.276975148011371575e-01
5.017501789848329841e-01 9.550926777005879220e-01
3.117200502509888116e-01 9.504294157163875045e-01
7.046619967225408177e-01 9.414802482768628300e-01
7.361592209827858557e-01 9.203240543486094216e-01
1.804114481755778598e-01 1.040028598603760068e+00
1.857169466867153174e-01 1.077478709853611161e+00
-1.212530667587003036e-01 9.965257573508707889e-01
-3.262815373548504788e-02 1.021109345220037490e+00
-4.247481618583227592e-01 9.085549763537774659e-01
-3.313956576628984130e-01 1.010096643910506131e+00
-3.713636127345802396e-01 1.010636063896683590e+00
-7.103264661692312298e-01 7.536307589743068691e-01
-8.492138622508456081e-01 5.471427515367445205e-01
-9.087960355452342487e-01 5.165967961823294541e-01
-9.240347590533106725e-01 -4.013007573682532692e-01
-6.776536859854895845e-01 -8.021047240522839461e-01
-7.638385291563322133e-01 -6.741562909791873892e-01
-7.341240180911543511e-01 -6.996498676541813566e-01
-2.440154706666900208e-01 -1.071738466341812801e+00
-2.819277596054038382e-01 -1.056714054450916818e+00
1.017672849379810257e-01 -1.095298429746202951e+00
-3.089363336003119742e-01 -9.569931302463778877e-01
-3.457129220579510109e-01 -9.713237204539443281e-01
1.210574367159291537e-01 -1.061530364420699479e+00
6.309175644783530101e-01 -9.937806302912319811e-01
5.119971258846267581e-01 -9.690115905912434213e-01
4.072992698954340796e-01 -9.787952647742430567e-01
3.599701185958754102e-01 -9.809133090096677776e-01
3.525997967716849590e-01 -9.581093695697077139e-01
7.902292976614838649e-01 -8.416651754642521244e-01
8.202843084980424582e-01 -8.068854768813839007e-01
6.015472688416997338e-01 -9.102839248673395556e-01
8.358281536548185509e-01 -7.968264957072251908e-01
6.038102127859832358e-01 -8.799221837532346102e-01
5.416971859363926001e-01 -8.488483157924249234e-01
5.729122284143817190e-01 -8.245143154113141470e-01
6.435845552483787646e-01 -8.151363181446759087e-01
6.104975941396323380e-01 -8.391451266272377252e-01
8.472125514895015863e-01 -6.929560037646039783e-01
5.942965270392259747e-01 -8.224267722589748697e-01
1.005849276671260339e+00 -5.636449556476714751e-01
1.008621416219831035e+00 -5.703536237614084126e-01
7.386671712145582713e-01 -6.803975509907056463e-01
8.216792089001921928e-01 -6.686154849423416868e-01
8.223084351370143485e-01 -6.674789829155154397e-01
8.701477510414987737e-01 -6.054852887525363769e-01
9.542435651805234453e-01 -4.800609882776396553e-01
9.927232296287771263e-01 -4.749173217964175464e-01
9.129694985378264960e-01 -4.191122911550255181e-01
9.042533705452607817e-01 -4.285947476106424237e-01
1.026448829127886597e+00 -4.362805860617398057e-01
9.978876602786357353e-01 -4.382183608085549187e-01
9.716700616921031264e-01 -2.672167742257617329e-01
1.011233580234842666e+00 -2.525328304606496155e-01
1.039471955039215079e+00 9.803465106110284544e-02
1.004588197427616514e+00 2.529870507966336390e-01
9.465729588519592452e-01 4.010030105208690077e-01
8.032951448654869209e-01 6.241218726703170461e-01
7.987552037427207985e-01 7.203486932983730329e-01
7.724247257580317827e-01 7.647553942658406045e-01
5.754344422019025407e-01 8.559100214764437942e-01
5.000299760988705655e-01 9.381833508984219749e-01
6.672761283424847312e-01 9.610272162088155934e-01
3.433993878388409415e-01 9.597427051845309753e-01
2.221468818659839972e-01 1.043045299436633044e+00
1.479091122085653132e-01 1.072496554998267460e+00
-6.953254282959196730e-02 1.051957903412958473e+00
-1.439745310797759525e-01 1.048842435122209871e+00
-2.821953989121614992e-01 1.002684405970234449e+00
-4.896986030647625943e-01 9.586363091532849046e-01
-6.515840737400445670e-01 7.833375089382097478e-01
-8.237200523337017133e-01 6.084578852279757255e-01
-9.166033027377958886e-01 4.162858973867419876e-01
-1.016489693070482980e+00 2.321928576556309409e-01
-1.029491643023035641e+00 -5.268151176504136390e-03
-1.008424044960618549e+00 -2.381336042535994457e-01
-9.186089554374193833e-01 -4.241765946954716981e-01
-8.177793704628332216e-01 -6.357117851712944523e-01
-7.341770861552837646e-01 -7.173402083746670543e-01
-4.499910749945139621e-01 -9.571641938209022316e-01
-2.318887708749227394e-01 -1.042081938293582422e+00
-2.456257383735849786e-01 -9.880215331021156011e-01
1.485033761922332773e-01 -1.091274817583312684e+00
1.615702854100328212e-01 -1.053944395184407856e+00
1.640961597051015519e-01 -1.029311303606245342e+00
3.728704600977255645e-01 -9.892536123911146451e-01
3.604390418725120226e-01 -9.653897302452316698e-01
7.032385664039220163e-01 -8.660536787958263982e-01
6.294885972061345925e-01 -8.640545935329235760e-01
7.171080206095767906e-01 -7.373896699491087059e-01
8.059667407522442817e-01 -6.786654364846367304e-01
9.046418245318809115e-01 -5.256187101712238574e-01
9.727871823997410461e-01 -4.405929594071418820e-01
9.810046801686354012e-01 -2.687616483933485956e-01
1.041851875970197128e+00 -8.917325298283779178e-02
9.986688089761132092e-01 2.653704735213128219e-01
9.901042634622432281e-01 3.650815362050466306e-01
8.595227738703365983e-01 6.104938043456682450e-01
7.932920502634676074e-01 6.118925532207891704e-01
7.669270095329226988e-01 7.160081925032742989e-01
7.362008863583128226e-01 7.061992856882799430e-01
7.309101592394517954e-01 7.094374509145968677e-01
7.861204367215577360e-01 7.575809881685426905e-01
5.428514700465941756e-01 8.628135100169336269e-01
6.032451202073406682e-01 9.506369064394712964e-01
5.828773416791039885e-01 9.320448215124256253e-01
5.723284847718154156e-01 8.898620018692547928e-01
5.587334530157609391e-01 9.678712471325683353e-01
7.170210490927287905e-01 9.503745430505315950e-01
2.316463467165990886e-01 1.001253601003098348e+00
4.814423925850990771e-01 9.893554209480102113e-01
2.131189449726801910e-01 1.085027180315379480e+00
-3.278902830430149851e-01 9.519278724601422104e-01
-2.503890627628003740e-01 1.010687316935348079e+00
-4.030608921030501834e-01 1.010780319083123713e+00
-6.710215673658594948e-01 7.526746701216372459e-01
-8.247751019282562046e-01 6.279240107482355615e-01
-8.432825631761540208e-01 5.775101318315382093e-01
-9.419506770606849155e-01 3.671710239466470238e-01
-9.015508755770261784e-01 -5.235046384181243351e-01
-8.094715273702184355e-01 -6.407750546849338980e-01
-7.530230545147313936e-01 -6.840274664664665050e-01
-4.689759907973042874e-01 -9.553078847631880643e-01
-3.312420121217142799e-01 -1.042926612606733805e+00
-4.514774463948602046e-01 -9.621888033781051952e-01
-1.070668920567157678e-01 -1.047185483701142283e+00
2.711340378306291710e-01 -1.092510600505501639e+00
1.252196745443446280e-01 -1.046369996562577231e+00
1.585399244619814241e-01 -9.979413527051368415e-01
2.635846193595641207e-01 -1.002514137941325378e+00
8.067034419885579233e-01 -8.460811192602710751e-01
6.685917119402825515e-01 -8.517529643998474898e-01
6.623073392225072853e-01 -8.501156200813833053e-01
5.983349081651145873e-01 -8.575197258523037380e-01
7.432460684541777329e-01 -7.323960735563487257e-01
7.474305280013872066e-01 -6.758558502094983433e-01
7.367449519770291610e-01 -6.793897956071222044e-01
9.327231662603646667e-01 -4.357085690162612601e-01
1.040010791359418096e+00 9.465489459782279458e-02
1.006185093991285751e+00 2.540131795481992416e-01
9.457427730855986203e-01 4.040340287311776635e-01
8.344729649358773038e-01 6.200849816376298174e-01
8.025108374104985565e-01 7.172882161259982459e-01
7.309054333264551895e-01 7.878868841883344132e-01
5.629068508539619708e-01 8.696167464922717194e-01
5.477223851778920682e-01 9.577627656625493646e-01
5.485628570177890628e-01 9.962162604145090583e-01
2.723184327683294548e-01 9.841740068691192667e-01
2.342524056360996976e-01 1.075306425263985899e+00
2.700743150238730031e-02 1.015014689937262293e+00
-1.911365894388801154e-02 1.068142652795233127e+00
-3.744277982850490738e-01 9.460601486927704418e-01
-3.758939221708715306e-01 1.005115968268100790e+00
-6.026850306735422880e-01 8.073619017943460818e-01
-6.989647717187948972e-01 7.837959508599415814e-01
-8.549692647966243841e-01 6.097684051003542383e-01
-9.286164044840774512e-01 3.847961471247760001e-01
-1.019740502541124139e+00 2.112548340270920533e-01
-1.032913190635055489e+00 -4.066616392447442059e-03
-1.016430749461732841e+00 -2.162111988127016493e-01
-9.366197191305498659e-01 -4.049746078350022205e-01
-8.474191111355264816e-01 -6.149943366647244725e-01
-6.962738359162140567e-01 -7.838173791144875668e-01
-5.651405068065470383e-01 -8.968251189398461776e-01
-3.862261171341717092e-01 -9.881559993187764013e-01
-2.713700450077120019e-01 -1.010456643811154187e+00
-7.979234750937709564e-02 -1.056052828862323656e+00
9.531190919578901022e-02 -1.065479195823627157e+00
1.677403210291323055e-01 -1.043971450435712267e+00
3.375208257893484443e-01 -1.011437796293035873e+00
3.875743520583192492e-01 -9.742555639140235701e-01
5.113007382659867650e-01 -9.147480275213437650e-01
6.596978171419604076e-01 -8.544284116814444552e-01
6.697677375371456909e-01 -7.682232851615807823e-01
8.186739448362549965e-01 -6.787812815193743354e-01
8.849120488513538829e-01 -5.372888996774405346e-01
9.949304254375711531e-01 -4.366942655709431520e-01
9.838692913008842966e-01 -2.698882174794143274e-01
1.041314715197617868e+00 -8.915563263927642201e-02
1.052870702565249950e+00 3.242754160829191545e-01
8.631938693181063771e-01 5.988504858383502105e-01
8.186345429725103706e-01 6.257293352977240097e-01
7.296080363710598649e-01 7.147950025502483040e-01
8.143987599843086622e-01 7.087478644574674025e-01
8.824566043294910234e-01 7.182481456890161819e-01
4.353680447401098164e-01 9.293114222052243356e-01
4.996636992391642051e-01 9.340093860721987440e-01
6.489106426158172125e-01 9.451901112489445866e-01
2.655633214162628208e-01 1.001836289433047922e+00
4.627645813147978487e-02 1.005407493932350738e+00
-3.498783343045094169e-02 1.076411700862817566e+00
-4.243428753751759541e-01 9.088773660055923242e-01
-3.670047352359679382e-01 9.825612099774890806e-01
-3.635558753182269176e-01 1.011284812847077941e+00
-6.085044601006193155e-01 8.012172897374847391e-01
-6.832913503699729052e-01 7.364426764631372135e-01
-6.196129111664419042e-01 7.855651216237544698e-01
-8.344134629301090955e-01 6.392641496712678784e-01
-8.436903697443439709e-01 6.170191572094911869e-01
-8.404996527930702621e-01 -6.166358808233991518e-01
-8.500227347122962795e-01 -6.046129895243146368e-01
-5.460129026655105022e-01 -9.168704842738994998e-01
-6.619727867653839581e-01 -7.531301783627745161e-01
-5.389666381785952476e-01 -9.287271869244756450e-01
-4.697435263290521967e-01 -9.235949698952065079e-01
4.916779589918643389e-02 -1.099698127578027540e+00
-2.287191337854377893e-01 -9.808977337092921189e-01
2.403111550149708286e-01 -1.006151825335908301e+00
5.757694256524199528e-01 -9.619811187979001588e-01
6.118803983013728631e-01 -8.729398859120017784e-01
8.223861251440978126e-01 -8.057333827121625491e-01
7.096402915174941928e-01 -8.350653749237098022e-01
6.288196544976929481e-01 -8.228839192410816183e-01
7.798366698435922340e-01 -6.719074524869412812e-01
9.614402203539283986e-01 -4.258673965977949893e-01
9.822587166527720903e-01 -2.779391365063335062e-01
1.040655536935825687e+00 9.088288647433834244e-02
1.010635249313694528e+00 2.530515807635632664e-01
9.505887462118294273e-01 4.011879345473238212e-01
8.585144782407483355e-01 5.890346948991915799e-01
8.047753184375169289e-01 7.100985890409908796e-01
7.024332279515914657e-01 7.947836649553701172e-01
5.633793600804856139e-01 8.809102147848593134e-01
5.244321056940420833e-01 9.525524131677215456e-01
3.989186826909306705e-01 9.667341922563551515e-01
2.446709922430651829e-01 1.024959848786209937e+00
1.358470109149701177e-01 1.067494605502640859e+00
-4.357676310250988699e-02 1.039367214855633215e+00
-1.813636398432673380e-01 1.036966725998194949e+00
-3.568792145218893652e-01 9.784125826859162434e-01
-4.963152731531334516e-01 9.494572563838002965e-01
-6.419651933367387375e-01 7.902735037804901053e-01
-7.767438653492465539e-01 7.141987816885234652e-01
-8.933334080980049885e-01 5.487221844276760629e-01
-9.514347988872742246e-01 3.746452409072670853e-01
-1.023930845316560756e+00 1.939437353750651238e-01
-1.036859196965356444e+00 -2.217974695240299519e-03
-1.024910317629013079e+00 -1.952804758193280865e-01
-9.625287369616736255e-01 -3.873074094859723648e-01
-8.823160331637222020e-01 -5.546072043724062928e-01
-7.672461323144978973e-01 -7.270146707517992635e-01
-6.408985227139954999e-01 -7.925268452669498309e-01
-4.736238735768491526e-01 -9.541837780338796593e-01
-3.222241723134199876e-01 -1.013947652217575879e+00
-2.087493868389932450e-01 -1.001814632034585539e+00
1.447402264986351675e-02 -1.077107724609293715e+00
9.698998002980190047e-02 -1.044474115462231234e+00
2.041264713104981310e-01 -1.013726915872397161e+00
3.514007665478510178e-01 -9.798610786013659535e-01
4.778550448177256715e-01 -9.317196615851389696e-01
6.318075026219033274e-01 -8.742424874551435465e-01
6.737867930169315622e-01 -7.784387339351196422e-01
8.153398653588004308e-01 -6.752402466995175434e-01
8.842134407008825914e-01 -5.413637583162981270e-01
9.963609844608268817e-01 -4.239643307897731916e-01
9.941474958594678224e-01 -2.663498446358644745e-01
1.041272014746005059e+00 -8.727454134964419963e-02
1.013162758251868079e+00 3.486782461599093885e-01
8.211908431000081166e-01 6.265711972585102929e-01
8.263200618475137205e-01 5.805830234884417074e-01
8.030692343462976224e-01 7.025909135498432656e-01
7.569229200873407448e-01 6.915283736429852501e-01
6.383456635703553816e-01 8.955732209551500178e-01
6.118627793054159936e-01 9.867772999193001882e-01
6.012436509292431452e-01 9.822800872163918173e-01
7.560767838033187471e-02 1.017949519125657787e+00
-1.091998138654914907e-02 1.002540848121524331e+00
-1.888171047191066210e-01 9.892895602667866051e-01
-2.127255735384601665e-01 1.016755493529172716e+00
-1.517644177437321718e-01 1.044031878844809524e+00
-4.505289840715485661e-01 9.983561102025054756e-01
-5.182209104217039286e-01 9.415742206390118607e-01
-5.967447609199207914e-01 8.587080378284800419e-01
-8.969814843269525717e-01 5.796695061471335286e-01
-1.062164238254611481e+00 -2.254977100239372034e-01
-8.959787133875770637e-01 -5.473345347125770921e-01
-8.724647140576922144e-01 -5.545707231160903472e-01
-6.114954258416334110e-01 -8.808690199980432345e-01
-6.399152891671314736e-01 -8.070708617630892867e-01
-4.511856147604632050e-01 -9.669721801637972680e-01
-1.983665308319720322e-01 -1.007941449701838410e+00
-2.036138386518087651e-01 -9.922810530983399158e-01
3.755634595747663756e-02 -1.099069111983975056e+00
2.739265181519555670e-01 -1.014500361961405250e+00
3.590314279708637923e-01 -9.809822799829253093e-01
4.834054933368795437e-01 -9.763154618701641585e-01
7.508448469985627982e-01 -8.277702939040172403e-01
5.891806863147661666e-01 -8.812734340227065255e-01
6.848966175306621107e-01 -7.584028075271047609e-01
7.017747346298977007e-01 -7.448960145533332078e-01
8.077908626208345488e-01 -6.837660628690254150e-01
9.805476557135685001e-01 -4.233609896413221274e-01
9.831196087559316288e-01 -2.785364491176963719e-01
1.041605303313607234e+00 8.578541371317566222e-02
1.015927198120198716e+00 2.476419259474940127e-01
9.600581504062934979e-01 3.959537761214000917e-01
8.800505636593370928e-01 5.562504836006998410e-01
8.021234181544361075e-01 6.927982195736066551e-01
6.927960116722908790e-01 7.920203713870230811e-01
5.686477900935827945e-01 8.828148172984852105e-01
4.776491861068810629e-01 9.465604509855602977e-01
3.216459905513334161e-01 9.758154819204221120e-01
1.941484206103460119e-01 1.056554712477537183e+00
3.271714896837863568e-02 1.027979129003034453e+00
-1.052721510637147917e-01 1.047411787419473050e+00
-2.826476009730595762e-01 9.915762767306830483e-01
-4.250301436370566011e-01 9.666221174172667796e-01
-5.613707845728727053e-01 8.719512860886678984e-01
-6.903648355050893137e-01 7.723551745585481854e-01
-8.136126843447175627e-01 6.440212363872753754e-01
-9.194796975090699931e-01 5.076227840013135539e-01
-9.790512558545322319e-01 3.505693503710076708e-01
-1.028908173065608000e+00 1.771873099454769340e-01
-1.041201359684894800e+00 -9.265230688563178430e-04
-1.030645040943895419e+00 -1.773514677874894196e-01
-9.848268295024000807e-01 -3.505229865204709805e-01
-9.120947948706704667e-01 -5.113093206679165670e-01
-8.156368571101751952e-01 -6.554259116106516680e-01
-6.924761248459155860e-01 -7.731250908903858354e-01
-5.679819476156451330e-01 -8.872550883188800031e-01
-4.227179285019571631e-01 -9.525112236412285327e-01
-2.755597239944567178e-01 -1.009527304037893813e+00
-1.120972808654030622e-01 -1.043105612968205032e+00
3.760881956932664305e-02 -1.056213622312054845e+00
1.812670003681261521e-01 -1.032282082213923591e+00
3.185424932837107592e-01 -9.950537329404745002e-01
4.594437706168840174e-01 -9.452321538107201215e-01
5.908444403127474098e-01 -8.785439541648427664e-01
6.878713903416160402e-01 -7.811494855842716634e-01
8.077549544076256804e-01 -6.703334760944581472e-01
8.907639427194536941e-01 -5.410815104368437156e-01
9.830628880717443563e-01 -4.086427257819282843e-01
1.006393542903486704e+00 -2.557358746943508288e-01
1.041869527109994253e+00 -8.428449458000859817e-02
9.645961511965414070e-01 3.833152787432322905e-01
8.669169564568531827e-01 5.713895282240046836e-01
8.764786827530760549e-01 5.668846414515582577e-01
8.941438410590829555e-01 5.758075701287395098e-01
8.453503423452746190e-01 6.743881293509995656e-01
7.680356033288247009e-01 6.818054974116345424e-01
6.775129527659397022e-01 8.105764032353317550e-01
5.885070868871259409e-01 8.848744015112259831e-01
6.059258769639155329e-01 8.678718454145472050e-01
-2.788083337129284023e-01 1.007181983703384409e+00
-5.700150332950283394e-01 8.619197883442351049e-01
-6.000534529904845149e-01 8.249877813180604980e-01
-5.533835684354777573e-01 9.131072264134389993e-01
-5.971450826674117307e-01 8.290631675955857371e-01
-8.397346742380333851e-01 6.788922700504148589e-01
-8.996748891876239496e-01 5.489547793853899460e-01
-1.024742271945757288e+00 -1.961671219596852478e-01
-9.019890556384420055e-01 -4.677335053424775957e-01
-6.706796307449365280e-01 -7.675330835590763456e-01
-5.823381712378783437e-01 -8.731010685257682979e-01
-6.186448659876069289e-01 -8.140485763497764538e-01
-2.649821703469811274e-01 -1.030381802491293630e+00
-1.316013878664345216e-01 -1.023020511355646089e+00
3.451999418155839994e-01 -1.003873781131962684e+00
5.742164398145371829e-01 -8.597626278505362540e-01
7.169967533071109900e-01 -7.575782823697406743e-01
6.747874232108157511e-01 -7.939980002648497903e-01
8.499460543097934195e-01 -6.602354748745763446e-01
8.983917597512026676e-01 -5.506593313158751890e-01
9.872992609062268832e-01 -4.365703382790381282e-01
9.930759157373287849e-01 -2.136859438272036282e-01
1.042729988175921330e+00 8.005509908203677083e-02
1.018289281030033244e+00 2.382888735751829690e-01
9.699807361987742294e-01 3.909373588360106622e-01
8.989366650285646188e-01 5.344226037488626346e-01
8.068222803334720306e-01 6.653814357854357375e-01
6.957966652182171474e-01 7.807442909183518465e-01
5.684621660001537569e-01 8.778071616003172428e-01
4.278033954172364983e-01 9.542949764092207854e-01
2.771172758350832210e-01 1.008414925794007821e+00
1.199357621810672042e-01 1.038898484011040457e+00
-4.005694408563485742e-02 1.045031142292377924e+00
-1.991107495336611188e-01 1.026669156325705545e+00
-3.534975677710639475e-01 9.842429154991839679e-01
-4.995987026305581113e-01 9.187468549389733452e-01
-6.339896673406167915e-01 8.317161467927182139e-01
-7.535204515929354585e-01 7.251907170955584903e-01
-8.553893551142350837e-01 6.016674316328287642e-01
-9.372086571460551685e-01 4.640415715222934168e-01
-9.970605825955947132e-01 3.155389702786732253e-01
-1.033542253058455485e+00 1.596404030101505889e-01
-1.045798569099418707e+00 1.288213174475112960e-15
-1.033542253058456151e+00 -1.596404030101480631e-01
-9.970605825955952684e-01 -3.155389702786707273e-01
-9.372086571460562787e-01 -4.640415715222910853e-01
-8.553893551142366380e-01 -6.016674316328267658e-01
-7.535204515929371238e-01 -7.251907170955566029e-01
-6.339896673406184568e-01 -8.317161467927165486e-01
-4.995987026305597767e-01 -9.187468549389724570e-01
-3.534975677710653352e-01 -9.842429154991834128e-01
-1.991107495336620348e-01 -1.026669156325705101e+00
-4.005694408563534314e-02 -1.045031142292377924e+00
1.199357621810671903e-01 -1.038898484011040457e+00
2.771172758350837206e-01 -1.008414925794007599e+00
4.278033954172373310e-01 -9.542949764092205633e-01
5.684621660001548671e-01 -8.778071616003165767e-01
6.957966652182182576e-01 -7.807442909183508473e-01
8.068222803334732518e-01 -6.653814357854342942e-01
8.989366650285658400e-01 -5.344226037488606362e-01
9.699807361987752286e-01 -3.909373588360082197e-01
1.018289281030033910e+00 -2.382888735751800546e-01
1.042729988175921774e+00 -8.005509908203524427e-02
9.709041618551413899e-01 3.895311535264651681e-01
9.005053132742839583e-01 5.458017728281353564e-01
8.904237526858256313e-01 5.265014665919779402e-01
9.057232031530834115e-01 5.765770564948422550e-01
7.658436436625627453e-01 6.688571894787683769e-01
8.171859863633476051e-01 6.896503078428847244e-01
7.013317065165812769e-01 7.625906440890901639e-01
5.534252246630736449e-01 8.649828327450409526e-01
2.602670443350420526e-01 1.010759716929312990e+00
-5.049120165168420327e-01 9.288515166766883047e-01
-6.191566212269377090e-01 8.310139453227674000e-01
-6.342610953666152351e-01 8.393751976206311749e-01
-6.410076543488557599e-01 8.588236050850278636e-01
-8.386510572513324879e-01 5.907459576128167855e-01
-8.272430920525845055e-01 6.112345935575013156e-01
-9.614532736695285964e-01 4.715948673081257758e-01
-9.355009789539624476e-01 -4.498696765588068303e-01
-8.663952416067460804e-01 -6.197312143903501713e-01
-6.538895530759727404e-01 -8.532032483255946875e-01
-6.393981492279419143e-01 -8.277074856668577008e-01
-6.410149587174985841e-01 -8.128271025763031954e-01
-5.124736179997902985e-01 -8.920116364077668170e-01
-2.245931101060619772e-01 -9.952160454083510688e-01
-4.772743424898066855e-02 -1.060728940595302205e+00
1.179467004435803545e-01 -1.038047807410046541e+00
2.370317322965201090e-01 -1.000627840599219720e+00
5.858381497452108677e-01 -8.743849903963438752e-01
7.192467071362085296e-01 -8.125187139388904134e-01
7.089247943218378589e-01 -7.560140372974739620e-01
7.998340563697086125e-01 -6.571888849623310769e-01
8.752639672953831385e-01 -5.647190760015995403e-01
9.771584455411622683e-01 -4.130922870491090526e-01
1.014625755222422709e+00 -2.404762023435099150e-01
