1.009389742930286715e+00 -1.566210848750149154e-01
9.924196231052406780e-01 -1.722812976525589512e-01
9.700470140073225167e-01 -1.869271135836192421e-01
9.415524656451279562e-01 -1.988528694658864282e-01
9.067143226006524337e-01 -2.057093671295007198e-01
8.662442042513607277e-01 -2.046068617835006265e-01
8.222584120623710469e-01 -1.925116271650206823e-01
7.785763283355850994e-01 -1.670284825078549584e-01
7.405027879133907476e-01 -1.274914165281909595e-01
7.138025404892722747e-01 -7.592758930759058167e-02
7.030433197266972023e-01 -1.721964562170937713e-02
7.100433406747197473e-01 4.188465809618679980e-02
7.332252058211885526e-01 9.458930738770909841e-02
7.682179675257949647e-01 1.358790159986977830e-01
8.093765146066456140e-01 1.635403394062495686e-01
8.514275649827629522e-01 1.780472973463198549e-01
8.905207233696854630e-01 1.816362647646796447e-01
9.244786499198442975e-01 1.772204843082203496e-01
9.525124958795627705e-01 1.676004151799137531e-01
9.747569619354101711e-01 1.550666341488882161e-01
1.027787001508604359e+00 -1.708349698959210627e-01
1.011099838845759269e+00 -1.919822715830910020e-01
9.875872206341340664e-01 -2.132918770487957083e-01
9.557354886581692632e-01 -2.328038736818838217e-01
9.144393975031417376e-01 -2.474504830401014210e-01
8.637006155981796773e-01 -2.529816849614974217e-01
8.055588903807398005e-01 -2.443286185767135077e-01
7.450003502146285150e-01 -2.167078716797199434e-01
6.901639237645218472e-01 -1.676606022758009296e-01
6.507986203253635082e-01 -9.934815205835084706e-02
6.350152884888315974e-01 -1.931544353275507428e-02
6.460884440089675884e-01 6.126770506850010012e-02
6.811111133421032804e-01 1.311488848862329970e-01
7.322638442840156969e-01 1.825701934583379149e-01
7.899593350269773495e-01 2.130614845688794112e-01
8.460460503556355150e-01 2.247835893248373296e-01
8.954408411020575720e-01 2.223237529694177539e-01
9.360034919388815489e-01 2.106190020235554350e-01
9.676224296077373666e-01 1.938150296352292301e-01
9.912763206608787847e-01 1.749140284698458281e-01
1.051530257050781181e+00 -1.835539094077409672e-01
1.036703177401823162e+00 -2.111934109020308092e-01
1.013696372466086348e+00 -2.409994940210768988e-01
9.798150896140755961e-01 -2.710375897861272421e-01
9.323840433946695150e-01 -2.976385971635164829e-01
8.697487674037129857e-01 -3.148867066100380363e-01
7.928880115577063847e-01 -3.146574122371381677e-01
7.075204943051494055e-01 -2.877371881755408367e-01
6.260446956487819570e-01 -2.272908215352009709e-01
5.656744379686795554e-01 -1.346793112697267092e-01
5.414708544809498925e-01 -2.195337201617201736e-02
5.596105619706648326e-01 9.157556945593336994e-02
6.145039148774489313e-01 1.864028709760962021e-01
6.915176175490356236e-01 2.501784830762499023e-01
7.737234578984275579e-01 2.809667079491662278e-01
8.485203922446582503e-01 2.850933601409710860e-01
9.099421151892350679e-01 2.716195914886743168e-01
9.569001463579618338e-01 2.485645385030088583e-01
9.909134359109006418e-01 2.216988955499576974e-01
1.014461981796084267e+00 1.946084869364184122e-01
1.081161377589894279e+00 -1.930026113859906189e-01
1.070535488400987667e+00 -2.277706999137207866e-01
1.050886846959180332e+00 -2.677513464916514430e-01
1.017976933862749789e+00 -3.116643141541186601e-01
9.666123439414664453e-01 -3.558172385690383521e-01
8.918798193473564950e-01 -3.926441274342629129e-01
7.917032998789341747e-01 -4.100145901463470022e-01
6.700678644989643828e-01 -3.913958852555476930e-01
5.446208531790652785e-01 -3.188051879135883615e-01
4.479851233336695771e-01 -1.900117184816746407e-01
4.090405306807953778e-01 -2.534885316482430456e-02
4.398981743726460003e-01 1.406926344478939828e-01
5.295014727326607940e-01 2.725408925488792544e-01
6.493415769209942567e-01 3.501210502572749128e-01
7.678847105881847490e-01 3.740687985025703544e-01
8.662214012256996831e-01 3.614440241261362985e-01
9.399316625771403366e-01 3.291800774978059785e-01
9.912297113787649216e-01 2.893363678424543117e-01
1.024860145857184879e+00 2.491333221411573540e-01
1.045646240475168742e+00 2.121475887410961825e-01
1.116641666653193088e+00 -1.968364543936740318e-01
1.113331988739594269e+00 -2.385138373057249517e-01
1.101408930177321110e+00 -2.894787009450894288e-01
1.075074060324958669e+00 -3.502300078233289149e-01
1.025588437761959515e+00 -4.186303900825016910e-01
9.419809454256311554e-01 -4.862434005131377468e-01
8.163954752539015480e-01 -5.356021505623287382e-01
6.458331109978598938e-01 -5.437145276589794296e-01
4.422032685315602230e-01 -4.609482264959591236e-01
2.821206158793954089e-01 -2.761676339774032929e-01
2.178149137988993900e-01 -2.938362303638615905e-02
2.706443459558793840e-01 2.216517671603435158e-01
4.220241472193331234e-01 4.075925766548155194e-01
6.175797656611226039e-01 5.000245962775540232e-01
7.871373941272774566e-01 4.983189370587004507e-01
9.111052640723515950e-01 4.537914635032946897e-01
9.935265972458284800e-01 3.917099484876152005e-01
1.043628187854439560e+00 3.288013693728553122e-01
1.071721820457616214e+00 2.723509362219256325e-01
1.085666024523501694e+00 2.245165026141515696e-01
1.156937123451038385e+00 -1.923245860723943323e-01
1.164512781273642217e+00 -2.392224402805109840e-01
1.166066717838214473e+00 -2.999202250390387015e-01
1.155269247252895815e+00 -3.780976673887681550e-01
1.120066702318934793e+00 -4.765604081975838291e-01
1.037939358838859683e+00 -5.906093966492309555e-01
8.837700127900782743e-01 -6.881494948286126512e-01
6.691777810761989631e-01 -7.261886558570085359e-01
2.269787421980962172e-01 -5.209200680241127257e-01
5.033149911432333035e-02 -1.445921419250481565e-01
2.377100089718364728e-02 -1.032839642136748962e-02
3.123623113121642980e-02 1.296566335254395463e-01
2.270379239125330795e-01 4.901017696659665246e-01
6.431200050298702120e-01 6.925397159146784443e-01
8.495053263348883998e-01 6.514795067232881376e-01
1.001209519312142859e+00 5.551772374653851649e-01
1.080044868179571571e+00 4.499700521618299476e-01
1.117990530402279692e+00 3.592105284345326055e-01
1.132541724841547026e+00 2.855810935328362277e-01
1.134202797145508201e+00 2.276993599118215528e-01
1.199652150233575520e+00 -1.768389091873423524e-01
1.221314144101691701e+00 -2.253315796557697759e-01
1.242265353147626872e+00 -2.911334348522953697e-01
1.258119513027189385e+00 -3.814250175152378297e-01
1.258475089699572225e+00 -5.065776338406813295e-01
1.212351123786516993e+00 -6.804578841023145586e-01
9.549061300234873428e-01 -8.390947024087047623e-01
1.474264022516647010e-01 -2.489688065353112822e-01
-4.951736327596378828e-02 -3.770880500390705325e-02
-2.879624932034530183e-02 -3.184864646574858682e-03
-3.451541652112144476e-02 7.586276086336664684e-03
-3.309023988187109744e-02 1.622575666428621721e-02
-4.941736557270925978e-02 4.394940372307976073e-02
2.242255495655987030e-01 1.521522910405526119e-01
9.750258009065559950e-01 8.088022226578661655e-01
1.154596029789420886e+00 6.328151137416049288e-01
1.204630338258291244e+00 4.860569726337082841e-01
1.214861656764723019e+00 3.688102443900520555e-01
1.205642265758085641e+00 2.812973999272982972e-01
1.188966143335528081e+00 2.171228293376703533e-01
1.240964460163298977e+00 -1.486303321527149279e-01
1.278357573512211021e+00 -1.932944688400795030e-01
1.322366489197775996e+00 -2.560175157328892226e-01
1.372693932333535205e+00 -3.452980303138897256e-01
1.425431483794261656e+00 -4.741871663171948192e-01
1.431845455656936439e+00 -6.425759645684636645e-01
6.962870770727880299e-02 -1.525345442864567413e-01
-6.136777499610168718e-03 -6.765583264595198543e-03
-3.796360001716236887e-02 4.199036634737196572e-03
-3.919352246423368769e-02 4.104850332877219010e-03
-3.930423258800441744e-02 7.019389364968393191e-03
-4.023460694752345468e-02 9.253768930571060203e-03
-3.853231828624958943e-02 9.164537165851083245e-03
-2.366895274709679420e-02 2.638434884929652391e-02
2.536651188549199354e-01 1.346455338552110526e-01
1.328804540379758814e+00 6.559867307905009604e-01
1.363922063001031804e+00 4.769735717579948187e-01
1.328471478690463892e+00 3.428544720755843933e-01
1.284889297674269182e+00 2.515256942019927777e-01
1.244996361762806147e+00 1.887635641572327216e-01
1.276064226066348395e+00 -1.076360710175849889e-01
1.328315446058780269e+00 -1.421744085525467050e-01
1.394803851867383315e+00 -1.920318008693633338e-01
1.478092041974903292e+00 -2.642574502601457986e-01
1.575893720276273724e+00 -3.601867734006969357e-01
1.370125073657095793e+00 -4.226646810666223608e-01
1.591355677773298449e-02 -2.743485824248770300e-02
-3.386877373240781974e-02 -2.446497101413758202e-03
-3.921794583015447699e-02 5.280466584133280961e-03
-4.041168499422154170e-02 6.413564216135592133e-03
-4.055098296362802390e-02 6.710534243123584403e-03
-4.082240497239597588e-02 6.815542568142096691e-03
-3.970998134720460371e-02 7.241780206903580819e-03
-3.140215197830920069e-02 1.120773467116809030e-02
2.710538994618594266e-02 4.897282026156024592e-02
1.227031413582285735e+00 4.421767480818505902e-01
1.542493433299197525e+00 3.885866195873632911e-01
1.441531847523264132e+00 2.659926063698514476e-01
1.358239174187030773e+00 1.911083521489476134e-01
1.294701112834506507e+00 1.410273367378622744e-01
1.300021735711536452e+00 -5.598258485594698186e-02
1.363389141278077421e+00 -7.445202576275011808e-02
1.447902615313247932e+00 -1.020138146869964402e-01
1.559365225644086417e+00 -1.466142837504791352e-01
1.666053105335555840e+00 -2.258821928973464566e-01
6.182727692279029741e-01 -9.985903062358136850e-02
-3.641063139342093358e-02 6.726889468300356612e-04
-4.252992054622761753e-02 7.214668124334577826e-03
-4.088272635733386506e-02 8.436788479847523448e-03
-4.013583993806912886e-02 7.748079391126649895e-03
-4.003127596029137925e-02 6.554134599261888031e-03
-4.040873793182825358e-02 5.424291282697113470e-03
-4.082947059936919976e-02 4.961901813443914122e-03
-4.093056471037720412e-02 7.309987236815418399e-03
-3.876684921191420052e-02 2.070412258566856067e-02
1.895765074845381926e-01 -1.036044743054631567e-02
1.647512504016215518e+00 1.591166660347442807e-01
1.517975512311869224e+00 1.404312073437186115e-01
1.410100393899444970e+00 1.037432205802524265e-01
1.329645886566359181e+00 7.665120113015344572e-02
1.308889470361298990e+00 1.936153436450371856e-03
1.376680527908055396e+00 3.647774815564996942e-03
1.469445938889140768e+00 7.056040493738091612e-03
1.602216345209352522e+00 1.423261072198922506e-02
1.800366753507603335e+00 3.323310411531554820e-02
-1.778474796524720791e-01 6.915074054843373119e-02
-3.440886143359755261e-02 3.522542695694297343e-02
-3.952147177974867087e-02 1.798017854107047953e-02
-3.879195039375323006e-02 1.249483143192398060e-02
-3.808092890976332717e-02 9.145200128257424677e-03
-3.809076216675473525e-02 6.318238298616163373e-03
-3.875209858542421476e-02 3.807056555581445068e-03
-3.971825091075843750e-02 1.482816269238185214e-03
-3.979775164632925327e-02 -1.970664865941218480e-03
-2.722120595113597386e-02 -1.480214747533237230e-02
4.431973711571693952e-01 9.413745158723063611e-02
1.658020863505417219e+00 3.896090618727976462e-02
1.548346730156180628e+00 2.715851761585508228e-03
1.431162429344146725e+00 1.593040969398717976e-03
1.343596496140119223e+00 2.406529175424942935e-03
1.300983110949089916e+00 6.002373186622778078e-02
1.364743398017247422e+00 8.206193293484487228e-02
1.449976390511481528e+00 1.169241275831112148e-01
1.562394206677060637e+00 1.772416974499724240e-01
1.652764145636812954e+00 2.783886303221105862e-01
6.279491372140899585e-03 5.158104545069708280e-02
-2.384481396740800729e-03 3.106281720617443121e-02
-3.066644049684374984e-02 2.091997757462493723e-02
-3.397839057477786140e-02 1.511577987684753488e-02
-3.421149917108901040e-02 1.011769494887376775e-02
-3.471947924793106210e-02 5.772303008483648142e-03
-3.571953300503416528e-02 1.945079541334215900e-03
-3.666888342430479897e-02 -1.600002546604528675e-03
-3.486488670475546003e-02 -4.792720289901186703e-03
-1.080663217100541473e-02 -7.787771020587586079e-03
1.390097242619608986e-01 3.589068201848233386e-02
1.697679704683315860e+00 -2.404867859260262364e-01
1.535104488642692777e+00 -1.534513675751925099e-01
1.417181742337953354e+00 -1.039235457647547101e-01
1.333708960894381290e+00 -7.290864992183010429e-02
1.277690030398250132e+00 1.120519284836563045e-01
1.330325780200608987e+00 1.502891078382972978e-01
1.396972364294747804e+00 2.075991487830908255e-01
1.479280165826652338e+00 2.949372050623111363e-01
1.573829610222035491e+00 4.166678388327271776e-01
7.671976101828537065e-01 1.922853784747990957e-01
-2.172591892241060307e-04 1.341835282741565827e-02
-2.758299543118347685e-02 2.387690758292260185e-02
-2.790864139058601978e-02 1.752361199195195951e-02
-2.871014194108512108e-02 1.054422975637597792e-02
-2.999027969787793069e-02 4.706750208161010994e-03
-3.149130283242873585e-02 -3.202187167325454276e-04
-3.242224879695665418e-02 -5.267374375730327074e-03
-3.268415109213884673e-02 -1.141359029119826118e-02
-1.566481706249955863e-02 -1.910241121920508434e-02
6.216003338140130285e-01 -3.149202904938042114e-01
1.521057991953556510e+00 -4.511843905430201751e-01
1.450221013153276006e+00 -2.869821264233851643e-01
1.366980934228935629e+00 -1.953599685769180638e-01
1.301243150681063332e+00 -1.393890608215908600e-01
1.242899480456532979e+00 1.534124582045026663e-01
1.280468857039239738e+00 2.015871864888185705e-01
1.323868545160185040e+00 2.708945428595321836e-01
1.370671375014521631e+00 3.730669001923914152e-01
1.404006202173495588e+00 5.311650639558695985e-01
1.132979457393166189e+00 6.994168672137746068e-01
-5.449973502152150040e-02 2.011673291511650863e-01
-8.408402054150831972e-03 3.892495097095993728e-02
-1.758556566857638614e-02 2.067295629615106822e-02
-2.144839147268595703e-02 1.011806996939784709e-02
-2.384465368595378720e-02 2.978705928987402957e-03
-2.642205573452294232e-02 -3.365507939814826877e-03
-2.563470197376016557e-02 -8.713718910960954744e-03
-6.512134580687334307e-03 -2.761290577965258564e-02
-1.620117203862392330e-01 -2.277013353947365815e-03
1.281005165938733370e+00 -5.353441195760300086e-01
1.364266440463908214e+00 -4.991619088979981633e-01
1.336358014312872822e+00 -3.586396688469473126e-01
1.293927154468134111e+00 -2.571805773432256359e-01
1.252709831910487903e+00 -1.890074036159661297e-01
1.201617408644656271e+00 1.818911451862614825e-01
1.223323576836123916e+00 2.335058901421360744e-01
1.243548759954037353e+00 3.045509861189565903e-01
1.256508877499441512e+00 4.031751137646066852e-01
1.249885410938311736e+00 5.363702164742334411e-01
1.235426177842754436e+00 6.922980678682499889e-01
4.369326908819270994e-01 4.321390807841696269e-01
-6.206267489151096051e-02 -3.412998952806001185e-02
5.557184269566750601e-03 2.048337610128569963e-02
-1.562494717320284110e-02 8.423919858652761938e-03
-1.409834226772765930e-02 2.590967196342846505e-03
-2.153578815703438565e-02 -1.184381917012727881e-02
-8.676815356734035589e-03 -2.453082993693067593e-03
-6.823054866757494175e-02 8.438466715539827412e-02
3.792242608154960948e-01 -6.461851661831308213e-01
1.131039764181803742e+00 -7.572927795189021705e-01
1.215047180410770977e+00 -5.216727344761329377e-01
1.224448548176781948e+00 -3.844775411703760248e-01
1.214853795502973677e+00 -2.879547812822313979e-01
1.197067214400112656e+00 -2.189083515671019775e-01
1.158698886041364950e+00 1.975483744310935208e-01
1.166240680788017681e+00 2.472133445080659797e-01
1.167267248112633382e+00 3.122915359221112297e-01
1.155174572264325850e+00 3.974463765621494282e-01
1.118639917492827429e+00 5.086959070322327747e-01
1.027301580790680458e+00 6.613278488275819988e-01
7.715749958375250905e-01 7.750615379376113445e-01
5.104421989862606424e-01 6.157924316666452125e-01
-1.030181327735391061e-01 1.021709778935270263e-01
9.360053118052658050e-03 -1.358411555534858040e-01
1.194251532905088453e-02 -1.205416611928228701e-02
-1.022139754325301908e-03 1.675693824242821539e-01
2.061943708924252050e-01 1.771173233330980423e-01
5.157426367699380343e-01 -3.590875664042114668e-01
7.946426302653430973e-01 -6.198527793397679009e-01
9.693927035574745332e-01 -5.972787920287214725e-01
1.080656294950244067e+00 -4.791076022342277696e-01
1.125560327831751639e+00 -3.742715957851028286e-01
1.141011479439353327e+00 -2.929115509990865007e-01
1.142055176145866380e+00 -2.306761774877541527e-01
1.117987572410439334e+00 2.021039447568573344e-01
1.114483869859714815e+00 2.462372151205349802e-01
1.101879149173055072e+00 3.009924496373539426e-01
1.073864231149570525e+00 3.678420058148978988e-01
1.019969759303871459e+00 4.467997962165770609e-01
9.221777766626626516e-01 5.311230059996585595e-01
7.656564030217793970e-01 5.914813858291001480e-01
5.489718122393716371e-01 5.963488380610615369e-01
3.599330099749065148e-01 4.644204586240996413e-01
1.279203833093989218e-01 3.385226952110317877e-01
2.039264646770622136e-02 2.959903143060027900e-02
5.546056242627495081e-02 -2.367602370149426982e-01
2.295661081779143409e-01 -5.536023110507981571e-01
6.428527828184060766e-01 -5.804260966302321467e-01
7.896931523576200540e-01 -5.211441151664775173e-01
9.058291417428310233e-01 -4.762562295584726879e-01
9.952783057780556497e-01 -4.108920161798446102e-01
1.049790918891753133e+00 -3.414039219651821000e-01
1.079119479075578703e+00 -2.796516531914927661e-01
1.092873023902412033e+00 -2.282633318461058103e-01
1.081949976248723910e+00 1.981362705568945337e-01
1.070910553757129513e+00 2.349978405820940530e-01
1.050267002042559739e+00 2.780402207170373785e-01
1.015159726720140654e+00 3.264450090773207691e-01
9.589866102399380310e-01 3.769091787934475413e-01
8.744280513692204160e-01 4.208712583651652572e-01
7.585776923942311178e-01 4.423090696411058342e-01
6.196837777507169243e-01 4.210522918879078258e-01
4.828927917682102056e-01 3.448888988771231512e-01
3.620735483611392524e-01 2.162216103282588175e-01
2.998532308549739511e-01 2.517873465906180289e-02
3.338051208532899494e-01 -1.781154401900161832e-01
4.618841065660816980e-01 -3.427506881175113040e-01
6.340478624602674529e-01 -4.080923023974813990e-01
7.675046961395115552e-01 -4.061926055743347863e-01
8.675073499571150926e-01 -3.823238026156861036e-01
9.434843217551569516e-01 -3.445357821126893150e-01
9.967843178341229127e-01 -3.001271113501324805e-01
1.031269882968028906e+00 -2.561420724175933472e-01
1.052047588849314153e+00 -2.163296959715421686e-01
1.051730521323894774e+00 1.883699783057246613e-01
1.036311442973389951e+00 2.176873141425805791e-01
1.012131545927514864e+00 2.497628466156043281e-01
9.760372614448531436e-01 2.827555994835040387e-01
9.246365430370451222e-01 3.128255937364121664e-01
8.555657411957606762e-01 3.332193792618054484e-01
7.699797368467620196e-01 3.343228237183915041e-01
6.751383416285983152e-01 3.060477213252921214e-01
5.843535327495374965e-01 2.423797951216832836e-01
5.135473337999019172e-01 1.432031670232236653e-01
4.823883050308142018e-01 1.631551471038920550e-02
5.050420251097809121e-01 -1.153804770890309861e-01
5.774388871443503213e-01 -2.226847174683965758e-01
6.751933387680497667e-01 -2.852105433082707808e-01
7.696090796608867635e-01 -3.071023544935636007e-01
8.494125712999256450e-01 -3.036269898825227909e-01
9.132669864653819580e-01 -2.850521428094210385e-01
9.616544229724577342e-01 -2.582277918084541213e-01
9.963451622894825555e-01 -2.283917057980300314e-01
1.019998878309145152e+00 -1.990023388446315877e-01
1.027460450340491604e+00 1.751960824959875040e-01
1.010091128459580379e+00 1.976121269472619346e-01
9.853994663567733348e-01 2.204974328209208245e-01
9.516001682302333009e-01 2.418360451776169207e-01
9.072756771396983666e-01 2.583197961269245724e-01
8.522485504532584244e-01 2.651896423748889564e-01
7.887736614674523139e-01 2.567216756946089085e-01
7.224446088946878675e-01 2.276941529184861590e-01
6.619615489788843732e-01 1.754490847040668378e-01
6.177815689342458505e-01 1.015374532941462626e-01
6.000841932110456689e-01 1.313688219610444768e-02
6.145646461337039845e-01 -7.664350573270806155e-02
6.581915203883514920e-01 -1.527590372525672313e-01
7.195357800716228880e-01 -2.050172211848000359e-01
7.850646309614695006e-01 -2.323875646897666236e-01
8.457996479250540212e-01 -2.400064499513454574e-01
8.977567118356000186e-01 -2.339382123999977914e-01
9.397324206056145712e-01 -2.193029159399029204e-01
9.720566747726078205e-01 -2.001329348171854150e-01
9.959388030909344103e-01 -1.793459397049002035e-01
