-1.000000000000000000e+01 0.000000000000000000e+00
1.036301889444487534e+00 7.591887462966084854e-02
1.089521307519151216e+00 1.447083160252601308e-01
9.883554012874660177e-01 3.361131766644390728e-01
9.232844046764893120e-01 4.755161709822130489e-01
7.712012750748905576e-01 7.495391115984562092e-01
8.444661216396044390e-01 5.893579767954829629e-01
8.555853266886799258e-01 6.068174888307356074e-01
9.469873076528037004e-01 6.216179385839470939e-01
7.233035515068727550e-01 7.987181281430757451e-01
6.115912162863692547e-01 8.721204163189629766e-01
9.947399161279668611e-01 5.660762232436222785e-01
7.817533104152312173e-01 8.985314821115674144e-01
8.304125765451884078e-01 8.586572358928203919e-01
-1.019618251801970160e-01 1.006279468194333893e+00
4.262737362544789521e-01 1.029396249672494879e+00
4.398148625949108159e-01 9.409894844834478800e-01
3.889190646065247836e-02 1.016664943282997502e+00
-2.655920672439146535e-01 9.817537829240184921e-01
-6.632327095533853134e-01 7.844192867303134697e-01
-9.541564219622297172e-01 3.754267981246001140e-01
-1.010369415791219305e+00 -5.320194606004011173e-03
-9.460509696287763282e-01 -4.056350969363877179e-01
-5.627795426203704432e-01 -8.626525063896587353e-01
-4.142985820972860250e-02 -1.029818544736308628e+00
-3.031753135256413656e-01 -9.994036356232091078e-01
2.007385815908788729e-01 -1.017721276369764061e+00
5.004132706266216646e-01 -1.000665416593411017e+00
3.269016795590540259e-01 -9.778842923023629563e-01
5.676536436406501851e-01 -9.269657000574627048e-01
6.999131282273237664e-01 -8.362771199034682024e-01
8.940419702424240445e-01 -7.124711560370160512e-01
1.123724271248984330e+00 -4.178675441089353959e-01
1.092932635419020526e+00 -4.516862596499875426e-01
9.781575512292597363e-01 -5.362030074892079057e-01
6.699956207992493473e-01 -7.496734710226481413e-01
1.026851111928280602e+00 -3.638514528173320550e-01
1.148333798357000557e+00 -2.949624442548715586e-01
9.072948208299126405e-01 -4.719014839961732655e-01
9.411990412210691215e-01 -3.413388546676686119e-01
1.059316616146954049e+00 -1.416359331411297384e-01
1.038373351280943879e+00 -6.015449897682275532e-02
1.078682094544163750e+00 1.097748684938002761e-01
1.074758809440554241e+00 1.203402989095197495e-01
9.882735235025773557e-01 3.256538834677970007e-01
9.767165995679288892e-01 3.407767554281905809e-01
9.131148144168689251e-01 4.183926985935977894e-01
1.059303569104593779e+00 2.353690606430419441e-01
7.139835282093611735e-01 7.134590331276831066e-01
1.166029858254535867e+00 1.093340101731902492e-01
9.050329069906805080e-01 4.660806110226476395e-01
1.068729062182652623e+00 2.971847962123803644e-01
9.215342993704658259e-01 4.645258186070364559e-01
9.172021988718797036e-01 4.523763998274972220e-01
9.004694052584606423e-01 4.655574073625333154e-01
7.382080602911426093e-01 7.015544907812626407e-01
8.786480385171144825e-01 7.063761779270880670e-01
1.078247719552662964e+00 2.603671021890685000e-01
1.079342833119694589e+00 2.517645339275043637e-01
8.843875659858897453e-01 7.055988378808436545e-01
1.053924300011072512e+00 2.855815555333835465e-01
1.070323644061493162e+00 2.685043323779046642e-01
8.633000683751806958e-01 6.477255760537447005e-01
6.860988370235091560e-01 7.279499228421508761e-01
8.575607131845726094e-01 6.779085942669711429e-01
8.704598277492879843e-01 6.406841299835462911e-01
8.557672884922570278e-01 6.998796983630285462e-01
7.467544720905339162e-01 6.655930976647360664e-01
7.847907405711468387e-01 7.405063495698726017e-01
7.582660488172294766e-01 6.593713579611004683e-01
6.588261332029298201e-01 7.916878279012636854e-01
8.135875454435990140e-01 7.441773979118904148e-01
8.352188114478192871e-01 6.095329952907032611e-01
8.068519266519906807e-01 7.463306720504555569e-01
8.172556632396185128e-01 6.894345416945717453e-01
7.983722620198429043e-01 7.032671370207719264e-01
7.711885013356412077e-01 6.493372796645208167e-01
7.475665504508278714e-01 6.987242739325540963e-01
7.913976437222967064e-01 7.284331664106546977e-01
1.108297566449234051e+00 2.433935784091542376e-01
9.360003387769696426e-01 5.210442085518722788e-01
8.516060463034594852e-01 6.433786547666217048e-01
8.352571500868199994e-01 7.097634958167320374e-01
8.351297908194830200e-01 6.908438258838355273e-01
8.479443111254479915e-01 6.238696255980685779e-01
9.516632949406651498e-01 6.319434341408844968e-01
8.807740706220601457e-01 5.939276331623984939e-01
7.734091004845164985e-01 6.893363544381703178e-01
9.655173578395508382e-01 4.216439608437820286e-01
8.485871006275427231e-01 6.398356361551325033e-01
1.006344196678328640e+00 3.842829759013521862e-01
1.024135071929901164e+00 3.731989517487235286e-01
8.364870607269908609e-01 7.050505790310735987e-01
7.337977033863750664e-01 8.458856969051086194e-01
8.395477507754975921e-01 6.813387819492621178e-01
8.898869868077132761e-01 6.496772952170856152e-01
1.141872810877440747e+00 2.520191169819282484e-01
9.003040084586948488e-01 7.094256770228513087e-01
1.140721529599754369e+00 2.690847412121296078e-01
9.181953634663913011e-01 6.894292138143650606e-01
4.436372881939642521e-01 8.977759390073452028e-01
8.956145152168210055e-01 6.181372823272122119e-01
9.326725052756719148e-01 6.293691776483124611e-01
8.385068857821385002e-01 6.560877841031844682e-01
1.067000907879940508e+00 4.339531632286466323e-01
7.400322128484451145e-01 8.207884361067553369e-01
9.458631732918647561e-01 6.157282473909491127e-01
9.246413835174350782e-01 6.405366592190333552e-01
9.216564207069393166e-01 6.775093203087471094e-01
9.633056235224033426e-01 4.910934067980148865e-01
7.427470038369288208e-01 7.984607441285633822e-01
7.443051194022097805e-01 7.643595862018540688e-01
7.453949132487011076e-01 7.624414938572044997e-01
1.044155258606493275e+00 4.366823348026727114e-01
7.120070153233181154e-01 8.060607091065281615e-01
7.066144412851931289e-01 8.013489290505922957e-01
4.358806598780372576e-01 9.263204364844088712e-01
8.834527315807820802e-01 6.179024037150362414e-01
1.037630381599448981e+00 4.237536689549364910e-01
1.048402436974798180e+00 4.321856928438451151e-01
8.930227485769111073e-01 6.081429473672328445e-01
6.125917758520545986e-01 9.264798219767849119e-01
7.336066459687275998e-01 7.718485357449655915e-01
1.035753309943541645e+00 4.394682807578549899e-01
6.653134010680037402e-01 9.362119769328026697e-01
7.191210886869037200e-01 7.802106425674912860e-01
7.195905745063155834e-01 7.955802345262321662e-01
6.959723244341970982e-01 7.740937480774996438e-01
9.648475691472251370e-01 4.702187499081104671e-01
7.187483779452616961e-01 8.690593534698088929e-01
6.107646036970594272e-01 9.236612181622568807e-01
5.538605626366095436e-01 9.068192988109439190e-01
5.997859217076944027e-01 8.784368589216219325e-01
8.968135502715802732e-01 6.682924757921265835e-01
7.682993982824064538e-01 9.515631528907955161e-01
6.536583339458739150e-01 8.499138519136578696e-01
5.061133656686075399e-01 8.975780489645330817e-01
4.453540498875941944e-01 9.093530168328051166e-01
9.086932434005714487e-01 6.629575977908253037e-01
1.053614883216652309e+00 3.703473123767610509e-01
8.935631093362708111e-01 8.490829447874522762e-01
5.209470187572990962e-01 9.022230704633510401e-01
6.159501065926032970e-01 8.640430559225313889e-01
8.722205042400388297e-01 8.504120683101462630e-01
6.064652845909062062e-01 8.829449834470937120e-01
5.108225032494677631e-01 8.978781312228667488e-01
6.439201817868800415e-01 9.122501869591113088e-01
6.302794055124513184e-01 9.092867158499197133e-01
9.568969522210821754e-01 6.429823565213731440e-01
1.039377229751080822e+00 4.594611337107655791e-01
8.921141030456529730e-01 7.839733115322997659e-01
9.349280754735069809e-01 5.853723184820298631e-01
6.172259903594293773e-01 8.535725250156083188e-01
6.081992020154564083e-01 8.591681242403094165e-01
9.192128556884946455e-01 7.953779657496647948e-01
9.398582065922055362e-01 6.809308511960301402e-01
9.972567509636208749e-01 5.689810064280880209e-01
9.389813237265942636e-01 5.806142701540731865e-01
9.809071270848664925e-01 5.658392309986006730e-01
8.826008042866914094e-01 7.324049441131365024e-01
9.158875734198790308e-01 5.755373084128048156e-01
9.643361385536433072e-01 5.645411894639160710e-01
6.244497206158704516e-01 9.078817810648271980e-01
4.938231533282436136e-01 8.903844529587456869e-01
9.029170901925250847e-01 8.629783428693673653e-01
5.871551023501251354e-01 8.706383759255700294e-01
8.363553030947394884e-01 9.285611218022928881e-01
8.539560629059870234e-01 8.245632995653393582e-01
7.885319931152909856e-01 8.312071579815468736e-01
8.793572796295401339e-01 8.765189901289788255e-01
8.320381552679787518e-01 7.964266080651760671e-01
8.019940811592728425e-01 8.175614044867387520e-01
7.883164023937200282e-01 8.920320786270283797e-01
8.940767918874283904e-01 8.763367453267998375e-01
8.674728869255556862e-01 8.140120431806591172e-01
8.996012914693705120e-01 8.933700646153202030e-01
9.398112330243471035e-01 6.766281374271226889e-01
8.154453070075726728e-01 8.371651878686657833e-01
8.026220552822944665e-01 8.749133635320519575e-01
8.730383599539608408e-01 8.122565755856193670e-01
7.971322828587287246e-01 8.465744320504068332e-01
9.688505332082792965e-01 6.290246756951805018e-01
8.982976123000561142e-01 8.730722026309024608e-01
7.818983939763221036e-01 8.469579895414856008e-01
7.982375565890685865e-01 8.842689065808633231e-01
8.298630886984471600e-01 9.008591988454177635e-01
7.628899756820157751e-01 9.271937687984230791e-01
8.133836544415211645e-01 9.394552889826691677e-01
7.203017018150938977e-01 9.202729644326164138e-01
8.184001308279854614e-01 8.780011761106970569e-01
6.764746722921415323e-01 9.081341953913730780e-01
8.747263733665220364e-01 8.998754690947923240e-01
5.849362290871341630e-01 9.110319457819818778e-01
8.390787470892282496e-01 8.712418567734540042e-01
8.532995557393352470e-01 9.103040581943792064e-01
9.965040608982046466e-01 5.344110101639958366e-01
-4.404728294966191171e-02 1.016060070020523787e+00
7.329151057379159617e-01 8.960850744028261428e-01
8.172546677557526174e-01 8.927851256095926669e-01
8.578837625212734075e-01 7.608231432501869618e-01
6.515913038519495215e-01 9.114580126659581616e-01
6.544547416932348094e-01 8.997839889036705063e-01
7.713583429755780374e-01 9.189676584792847436e-01
3.263037201277213528e-01 1.051522812112613003e+00
4.037671588177861870e-01 1.041387177782765905e+00
4.415881463395422424e-01 1.024760809666659833e+00
-1.313600925954559739e-01 9.923963532670609933e-01
-1.522900602161861294e-01 9.957491098886008807e-01
-3.204150043587350449e-02 1.010441253746045875e+00
-1.034513068291932347e-01 1.005290708159620738e+00
4.629649647651580546e-02 1.002373463484234950e+00
8.073681194353092838e-01 9.281557915275420179e-01
9.712163808419184419e-02 9.995987531761837408e-01
-2.600605507811489317e-02 9.999268800301511773e-01
-3.579196006516265072e-02 1.018341010822648940e+00
-1.410916622769057271e-01 9.919966408394764734e-01
-2.017839761050964006e-02 1.005382777229009150e+00
-1.525070030659457232e-01 9.972994509913863936e-01
-1.417049519282166381e-01 9.935484097307747398e-01
-8.565398336660243195e-02 1.008803718323100895e+00
2.838080838821470109e-01 9.617019254602228173e-01
3.488431836651004758e-01 1.004122927010139721e+00
4.057419123481961210e-01 1.029581830310647428e+00
7.004676981506084699e-02 1.062981729499900885e+00
3.520571882744991110e-01 1.015393163360836182e+00
2.897939921261898366e-01 9.735155445511596284e-01
3.767137780708055828e-01 1.043119522768335861e+00
-1.397713130365375311e-01 9.986348768449037072e-01
3.823819319686050378e-01 1.009883996238091219e+00
4.074906236865620257e-01 1.030509721515039390e+00
2.933405545645982326e-01 9.622406012287735289e-01
4.346770204132084370e-01 1.033222912666960536e+00
9.391658623383962734e-01 7.748656401877366262e-01
9.454531240680213999e-01 7.787861234534311228e-01
9.088539778652552359e-01 7.603582251236673528e-01
3.602374540628293653e-01 9.385182519694723613e-01
4.794050620120429151e-01 9.788090793862931349e-01
3.601700648049918074e-01 9.565695101568910674e-01
4.241492148167254062e-01 9.805564972430478310e-01
4.450860622399367417e-01 9.924217410974585096e-01
1.828953652950117414e-01 1.057068347759168914e+00
3.956193563532466317e-01 9.784879999985283128e-01
1.475970731815831050e-01 1.036153807497077306e+00
4.978267583683655961e-01 9.957706722100704289e-01
3.699381015043740062e-01 9.923944364395410611e-01
4.767015020843946016e-01 1.040501896390748637e+00
4.022893577187988123e-01 9.745406126797973023e-01
1.691870137320385381e-01 1.040283276984782956e+00
3.785309246484077073e-01 9.542597970221671222e-01
3.354646963665594006e-01 9.866391454147173112e-01
8.813068876654769901e-02 1.051478893334244713e+00
8.255526907056139063e-02 1.031082006225101821e+00
1.352744134556070621e-01 1.041251815914594925e+00
-3.431262410555998565e-01 9.631239058760582283e-01
-3.688571573417550042e-01 9.550133356274403962e-01
8.558078757779083445e-02 1.073755456404816178e+00
1.030331640160924156e-01 1.062055710438803535e+00
-3.544007112994110864e-01 9.794633737772393545e-01
-2.684010263501275806e-01 1.030048021806479808e+00
-2.316777527270461323e-01 9.738490207679654231e-01
6.317588086005794523e-02 1.015751634730277075e+00
1.137527635005738808e-01 1.030766985578317696e+00
-2.411238807076000745e-01 9.754700567828066271e-01
-2.579170100202221039e-01 9.739668373605459006e-01
-3.083374238243769550e-01 1.004482934349862688e+00
-2.370647752035967837e-01 9.904557514714691369e-01
-5.711664091539325749e-01 8.576368687218146603e-01
-6.862405929842951835e-01 7.867042939791214495e-01
2.628227122033590102e-01 1.051132994730191728e+00
-1.889233989230983402e-01 1.013045891438937307e+00
-6.640857020016304180e-01 7.599024189268785978e-01
-6.602677137423988984e-01 7.785291883139077163e-01
-6.719042746790699905e-01 7.498372405138507002e-01
-6.299499305610775091e-01 8.296312417053700594e-01
-6.504372692100662823e-01 7.893365291389756733e-01
-6.861199850492408769e-01 7.431426289888284353e-01
-6.578009496168455428e-01 8.120774688533740626e-01
-9.382361435664779981e-01 3.573535301240505224e-01
-9.448948991686655363e-01 3.679533387004304545e-01
-9.570696503908144859e-01 3.811882204685724806e-01
-9.419596901200643080e-01 -4.081451264930209821e-01
-9.370951410364698475e-01 -4.286054020615614468e-01
-9.574286672193396130e-01 -3.775004700945799874e-01
-5.811820969627427003e-01 -8.442287857893484571e-01
-5.907715977083193293e-01 -8.409698942878979233e-01
-7.294550893836299066e-01 -7.209837519996342703e-01
-5.779497658896693979e-01 -8.457012885838960381e-01
-4.424120502733864257e-01 -9.587676667466777936e-01
-6.034414667992896719e-01 -8.385123090025340398e-01
-1.012554705735862481e-01 -1.021220162836188994e+00
-2.025252747430221212e-01 -9.997288109995865479e-01
-3.097937954062014998e-01 -1.028538815543499130e+00
-7.659345189165020495e-02 -1.044196917117101053e+00
-2.000313607364166690e-01 -9.913346625893798558e-01
-2.554807269833776484e-01 -1.003988288703469456e+00
-2.557847798870161449e-01 -1.038305385592031671e+00
-1.090242383456911934e-01 -1.010305342282948882e+00
6.450190621929773917e-03 -1.054427201382904133e+00
-5.652385808712034193e-02 -1.050848869212962500e+00
-4.086185291831777033e-01 -9.293607762408885309e-01
-1.512098603381507866e-01 -1.037930698400346241e+00
-2.231340073210556219e-01 -1.022239559875797399e+00
-1.708472776852320296e-01 -1.031145101939178632e+00
-3.714768114967550994e-01 -9.306503802578730555e-01
-3.821232412893394437e-01 -9.430304642758212674e-01
-1.271560752341966416e-01 -1.044951866708676125e+00
-4.181461691206261322e-01 -9.597745305522774606e-01
-4.990050044686857728e-02 -1.054064616198900683e+00
-1.854128738523674325e-01 -1.013061301218278309e+00
-3.951462982842421923e-01 -9.393300120192068503e-01
6.290963624795953280e-01 -9.883843958408041752e-01
2.198470634360237264e-01 -1.034318059887672003e+00
2.023695202387023329e-01 -1.033052766219665131e+00
1.493866971821952716e-01 -1.053665776058007486e+00
1.473315023601926288e-01 -1.060020408644804402e+00
9.037858834075494785e-02 -1.053065963303630781e+00
2.137593871660080080e-01 -1.017401431284726154e+00
3.981491610873943987e-01 -1.016804087505833065e+00
1.462916849812969655e-01 -1.065095518317025203e+00
6.168218655324376742e-01 -9.542218256698643541e-01
1.915450104066878656e-01 -1.018487507112181500e+00
4.068417515425565290e-01 -1.015288489409396977e+00
3.271997334864756302e-01 -1.009091343950179409e+00
2.328921645730623602e-01 -1.036274265059470956e+00
5.364669935460986139e-01 -9.160522203853951329e-01
1.783952745206838775e-01 -1.073348466088290820e+00
1.849796266358836594e-01 -1.071306465414056053e+00
4.141618001387415426e-01 -1.002279867660521573e+00
3.770185436136698764e-01 -1.035372617891610725e+00
4.041865415397956074e-01 -1.001966808797225994e+00
2.662317272174953842e-01 -1.040225211897551238e+00
4.815745988628884477e-01 -9.926639741007586837e-01
2.721385816827862070e-01 -1.033035144647962200e+00
3.906167274036135284e-01 -1.011967442523060479e+00
4.496753794032536944e-01 -9.945695298853184374e-01
4.882493659686555354e-01 -9.895847380748648003e-01
4.804768566591751111e-01 -1.012799027496342319e+00
1.810720963807529726e-01 -1.072813721640022200e+00
8.338986335232086988e-01 -8.559926793226317887e-01
1.955213865352461444e-01 -1.061826265755255516e+00
3.148710224567823346e-01 -9.817894468312969858e-01
3.411675208190125264e-01 -9.824523331398590242e-01
3.336827941222202387e-01 -9.873120778627771932e-01
4.861060335568592738e-01 -9.520982908719024529e-01
3.754637064727951445e-01 -9.618562638132279741e-01
6.610505247068637624e-01 -9.103649367892526767e-01
1.181223743332387305e-01 -9.961905083987173670e-01
4.786901394806787335e-01 -9.563715274706648950e-01
7.026503277861068097e-01 -9.056005851590218647e-01
2.955192023680572322e-01 -9.936084795556322513e-01
6.806011534154380316e-01 -9.143614914898665624e-01
6.528796981159169510e-01 -9.102076318954341883e-01
7.214050179283473252e-01 -8.985192982110272730e-01
4.473711954758168297e-01 -9.493450860308604300e-01
7.264320286927733461e-01 -8.908781306175589387e-01
9.731769276485766618e-01 -6.102516654502831983e-01
1.924058165581134516e-01 -9.945384032881386949e-01
3.528920352550252715e-01 -9.929117611273154953e-01
9.082977264349457736e-01 -8.354263092358105158e-01
6.263711607697385331e-01 -9.216050839153749896e-01
1.851329630043895558e-01 -9.962242063794565228e-01
5.728995036332648061e-01 -9.345222306303770932e-01
4.781571311176809336e-01 -9.719923095507966293e-01
9.029051416221740567e-01 -6.837126320017112846e-01
4.197602576056801982e-01 -9.741860612205157643e-01
5.065337391627804386e-01 -9.541267775058432932e-01
5.548422153326214579e-01 -9.407969563463900453e-01
3.875505212010086908e-01 -9.710296242024577529e-01
3.053554654765157084e-01 -9.966047986242405621e-01
8.961437504072854443e-01 -8.464198781767627855e-01
5.896878581610223158e-01 -9.279675513936026521e-01
3.883871055102301462e-01 -9.759048360091382435e-01
7.688779196623390932e-01 -8.939733317469623630e-01
7.936407392002648997e-01 -8.856437855740781906e-01
5.685662312162993448e-01 -9.251250308810217149e-01
9.687443188067916822e-01 -6.802556696753147003e-01
6.991932834935463692e-01 -8.690679741649769419e-01
6.974930215824840518e-01 -8.498867003427087452e-01
7.204027070541155764e-01 -8.505023776006568337e-01
6.965211282170711282e-01 -8.459525586651263085e-01
9.275203662032861507e-01 -7.032572701149666372e-01
2.575775228132600181e-01 -9.669032907592495230e-01
8.583378021908361077e-01 -7.482781013274412141e-01
2.192598069434993080e-01 -9.880092007969685231e-01
7.045464232807299165e-01 -8.269030596815802880e-01
6.910535375074526865e-01 -7.998759819901322121e-01
8.742989531296667671e-01 -7.371825430493907927e-01
8.379265278329858235e-01 -7.588625777475455081e-01
4.981356341295252177e-01 -9.655905715347296026e-01
6.974569219682433818e-01 -8.330894303503979526e-01
6.802072749332310764e-01 -8.072887145995543134e-01
1.469740610441040984e-01 -1.020143177181924932e+00
6.834663206611072406e-01 -8.362595062140755209e-01
7.234674509818491694e-01 -8.162232571022057792e-01
7.899054168350878591e-01 -7.734404040031629401e-01
4.940060238845702667e-01 -9.233235109462282209e-01
9.971862673466250770e-01 -6.872149516718655260e-01
7.885879930730701481e-01 -8.322827863781369073e-01
7.848206205706426131e-01 -7.729033352957362935e-01
9.599541879418241885e-01 -6.745378706053127837e-01
8.278219618893227771e-01 -7.400967663636000005e-01
9.794735921108895793e-01 -6.437330823183821105e-01
8.303303326320911060e-01 -7.318405062734507638e-01
1.018405445889646321e+00 -6.400107791842265526e-01
5.193236078405997214e-01 -9.082803968763586422e-01
7.984518651544386669e-01 -7.587172186608590607e-01
4.517442750773054683e-01 -9.399000269096428051e-01
9.945023740706466775e-01 -6.264395210177277074e-01
7.876929456362445903e-01 -7.483805137436057020e-01
4.864498682815324715e-01 -9.312617002379368625e-01
8.934693488687340812e-01 -7.543797931888773789e-01
1.000994067096412810e+00 -6.281876285682493899e-01
1.115859945199855208e+00 -4.110653372553838558e-01
5.342377745339890183e-01 -8.496281126959407404e-01
1.053172989926651981e+00 -4.748737044353028569e-01
9.483492894299003773e-01 -6.726085906228334022e-01
6.547165390658561401e-01 -8.103097238817256187e-01
1.105500575279974251e+00 -4.589916958957625526e-01
5.391160902806216848e-01 -8.550588897491221418e-01
9.714538005386336161e-01 -4.919894135573233962e-01
5.322339403874318808e-01 -8.533796893242449055e-01
1.107815657289857647e+00 -3.854661308181879797e-01
6.089662951984519124e-01 -8.599181761923306855e-01
9.366375904529549157e-01 -5.118855239043095251e-01
1.066320943227776707e+00 -4.675582451921354021e-01
9.645436620635637892e-01 -7.166309613002732615e-01
9.287703582015166548e-01 -7.177836351277959714e-01
7.066591602841468811e-01 -8.700759096425755290e-01
5.344064309935609991e-01 -8.496882791060583751e-01
9.861235451629245530e-01 -6.971279058472806822e-01
1.126102317241538975e+00 -4.258585687351283955e-01
8.809588457753627644e-01 -6.350223427042746005e-01
7.080301570885279006e-01 -8.717438808179768239e-01
7.927365753294079997e-01 -7.996201534155021884e-01
5.446481440785359007e-01 -8.648945042012583517e-01
1.062511882962328791e+00 -4.522137661116156782e-01
7.352208265420041577e-01 -8.546703043741681327e-01
1.004905574541577584e+00 -4.854591352286634631e-01
7.454259299855842125e-01 -8.429422209579089387e-01
8.160779562416684563e-01 -7.071187552899206308e-01
8.873152467035833046e-01 -6.621502154899645554e-01
8.872259158553771341e-01 -6.376864204629425492e-01
8.839800471181535890e-01 -6.863155843499418873e-01
1.079689879225017801e+00 -4.412263031214198050e-01
9.481423966862098096e-01 -5.147616720100296472e-01
7.697411963822181624e-01 -8.108993087137399414e-01
7.353796947539498197e-01 -8.385468807622744603e-01
7.452487568109220639e-01 -8.545461957844115997e-01
8.909933785116507243e-01 -6.653892203058049404e-01
8.994598310576147338e-01 -7.413918807325566851e-01
9.450960468219334887e-01 -5.823184566629766579e-01
9.047337270544407728e-01 -6.520372349822685099e-01
1.032445029431532602e+00 -5.004496488352583317e-01
9.652651930290454541e-01 -5.302269569933810711e-01
8.793483911772492778e-01 -6.244627990916487015e-01
9.665038841884235898e-01 -5.341436506483301372e-01
1.013593525633326609e+00 -5.141270904234449546e-01
7.248433405352588954e-01 -8.780254107748296510e-01
9.245497248171415938e-01 -6.091282628857616066e-01
9.337705579865378525e-01 -5.641515218845556401e-01
1.089146021456851132e+00 -2.588674638338303025e-01
7.440888309933545441e-01 -7.453740676462532466e-01
9.810925044794939209e-01 -5.289383844825746861e-01
9.936020756823797928e-01 -5.341449409418203009e-01
9.182252217658741777e-01 -5.749443103727216453e-01
1.003898042573718064e+00 -3.577171103932322849e-01
7.387447568983422919e-01 -6.843347639277613803e-01
6.999368563301268109e-01 -7.468942649445265980e-01
8.387841552903914089e-01 -6.425407727189164087e-01
7.260099929224281823e-01 -7.253866101707827641e-01
7.184152735708502213e-01 -6.973639802498838858e-01
6.460285819582044509e-01 -7.742475388656974156e-01
9.280252948554302828e-01 -5.896318365975431464e-01
7.192210078488125991e-01 -6.970362314750617738e-01
1.002851381419960664e+00 -3.759620949775023258e-01
6.664723304751956068e-01 -7.532726309285942001e-01
7.671630759888315998e-01 -7.186855704382171250e-01
6.687300055667145804e-01 -7.479741601586461508e-01
9.987902543459772353e-01 -5.064069972281386445e-01
7.640484819182528087e-01 -6.827235245604248437e-01
1.043666858544749942e+00 -4.018884969986847300e-01
6.047672572039600736e-01 -8.362893303946772328e-01
8.257069332430100328e-01 -6.405206123910881510e-01
1.097413868495469069e+00 -3.527375917970979602e-01
1.096708587142497748e+00 -3.377398430426414855e-01
8.955483249661249090e-01 -5.548433620991334303e-01
8.424446830808157705e-01 -6.530366191316594460e-01
6.360612060211954244e-01 -8.022403104977292587e-01
8.294113835680475555e-01 -6.425079202408995327e-01
1.081433520450351349e+00 -3.430933567689705699e-01
1.062606534287032334e+00 -3.498325183908188585e-01
9.675900259622080002e-01 -4.063069215964063008e-01
1.040426303965849675e+00 -3.241572071444777658e-01
1.025520244804950298e+00 -4.284425393246648062e-01
8.948600036192606577e-01 -5.304876257945146945e-01
9.831389169585795784e-01 -3.166982332514294840e-01
1.161728805655483754e+00 -2.667136388833286076e-01
1.068851592363508907e+00 -3.061404012535055008e-01
1.114251943416852075e+00 -2.967925178289196886e-01
1.145695242033452077e+00 -2.720782066597670634e-01
1.090617182665528873e+00 -3.940444167728041069e-01
1.113212585683533318e+00 -2.964275329299508877e-01
1.153526103380389189e+00 -2.709841569612165268e-01
1.144077046127806030e+00 -2.707471009917527538e-01
1.109648127503922499e+00 -3.472940392907532536e-01
8.727738132153276540e-01 -4.894445179198012585e-01
1.011547390438146010e+00 -4.392825415313876269e-01
8.731282696244405672e-01 -5.067457597529748670e-01
9.023535969940653656e-01 -4.700715403734276876e-01
1.028130871907793509e+00 -4.338254105838038610e-01
8.787056341179040331e-01 -4.808527876756474306e-01
1.108702764463618484e+00 -3.446228619763522794e-01
8.083113666409996734e-01 -5.931912701968465873e-01
1.017145895645760856e+00 -2.608872246687630181e-01
9.560617991511728420e-01 -4.326018171524858569e-01
1.019828681275494864e+00 -4.560078458748177965e-01
1.074958369651573209e+00 -7.531129497312792631e-02
9.505115194521767119e-01 -3.239722650065430809e-01
1.037674087429447889e+00 9.500929968227746214e-02
1.094158771455320700e+00 1.453021018591741376e-01
9.701297672874342748e-01 3.186451444877207995e-01
9.749666572823706412e-01 3.953513043195017729e-01
7.597558009453123651e-01 7.068533697571942609e-01
6.598240050430426162e-01 7.792031373974713793e-01
7.353528445753204634e-01 8.301137643915236231e-01
1.068051510120092695e+00 4.031836232521694985e-01
6.944501726107341621e-01 9.287223772409467504e-01
7.689317597160181261e-01 7.888963377102480301e-01
8.375984748258414880e-01 8.116992014504412767e-01
7.233143577420899639e-01 8.968041461509834722e-01
-1.319362651943400688e-01 9.920725565980793581e-01
3.929026226695057633e-01 1.051554168223397312e+00
4.392619934661380898e-01 1.054291840508916556e+00
4.700902988899309243e-01 1.036114664015732156e+00
6.625522752266452264e-02 1.035777709191531448e+00
-2.590586871686312298e-01 9.695597668379072331e-01
-6.143603813389729718e-01 7.942835711428696266e-01
-9.482625199548833095e-01 3.603147662918502192e-01
-1.011451407939370162e+00 -2.364807709356001042e-03
-9.425663013520581002e-01 -3.911556500005039516e-01
-6.991206267112809458e-01 -7.455709728265230707e-01
-1.083142255721411679e-01 -1.025705833634274589e+00
-4.026986087761645350e-01 -9.310688868634164894e-01
3.371759788819259085e-01 -1.018816616359370153e+00
2.413411335114682144e-01 -1.057828607419187605e+00
7.009385925927321681e-01 -8.975452654117783702e-01
8.430252783585621135e-01 -8.661477646205705261e-01
4.107520422946989713e-01 -9.788949058042896167e-01
6.685378737874746458e-01 -7.941246296120904047e-01
9.278624837474516163e-01 -6.918865545510902715e-01
5.471510218414225024e-01 -8.394908906966759288e-01
7.500189195250780427e-01 -8.262791397868861631e-01
9.550151500894776824e-01 -5.593892629240355685e-01
6.369666067505131979e-01 -7.945035078825679609e-01
1.066783597937702499e+00 -3.311673917216437779e-01
8.930313206432263229e-01 -4.707926294430278547e-01
9.500195367817789727e-01 -3.322785641746244245e-01
1.068316873162131309e+00 -1.356640240731648572e-01
1.041718202216681322e+00 -7.611987756842973629e-02
1.094262776721885322e+00 1.038244468639807627e-01
1.083028570506564092e+00 1.782192432195520704e-01
1.010555670596010813e+00 3.176721237795855357e-01
9.418160181847444745e-01 4.085636690452278397e-01
9.322303770434825498e-01 4.189008497031633804e-01
8.266081246810270677e-01 6.741256526238136315e-01
8.377206168242981033e-01 7.255915427785653016e-01
6.726395124885902188e-01 7.552330759893093326e-01
6.716872001184005514e-01 7.689604910154557160e-01
1.103801457371375472e+00 3.164973183694754222e-01
8.134773221545731348e-01 7.111177289563238579e-01
8.892650526627994267e-01 6.644637583580534912e-01
9.341187375229301759e-01 6.394831201586640423e-01
5.568705869271339814e-01 8.695171300176923745e-01
7.592284988276304381e-01 8.348274547050889005e-01
8.103620707562440018e-01 9.480736874285866644e-01
6.834072071257474290e-01 9.460567064395131176e-01
1.020993074841354042e+00 4.647225080538039954e-01
8.080416601367679252e-01 7.763003460318231852e-01
1.016090991973738422e+00 4.409731215811133476e-01
9.559529543824556441e-01 5.873558733046113645e-01
9.653103864336690654e-01 6.376766500242848634e-01
8.329350144023728308e-01 8.105974022856804462e-01
2.880964904726746600e-01 1.026988562448106101e+00
7.278060617371698848e-01 8.963302376957809070e-01
2.898897702156392753e-01 9.600659913061375672e-01
3.815175728738836591e-01 1.057782725597607776e+00
-1.628484360176811474e-02 1.013425835064870828e+00
1.058375279546606290e-02 1.024056415035586864e+00
4.695135946913508440e-01 1.021280185657146289e+00
8.262383426768772354e-01 7.770507495939260600e-01
-1.335345615260402075e-01 1.008386775868322038e+00
5.019155231437575360e-01 1.019951679780712661e+00
3.233582361468616551e-01 9.567095376353093039e-01
-1.915589595993889491e-02 1.000671323516191258e+00
4.654307592964091467e-01 1.010547032839298920e+00
-1.140574494257908522e-01 1.026271898774757663e+00
-6.147944674433318824e-01 8.180075241443739431e-01
-8.469505463535725864e-02 -1.041638114712621244e+00
-4.128366539641830091e-01 -9.241333445096269195e-01
2.212294898864150261e-01 -1.002360509093199514e+00
1.898588848283235264e-01 -1.038076508107799389e+00
8.990305345495037681e-01 -7.925286027733201566e-01
2.811296588344300851e-01 -1.047694322065924499e+00
2.549488030574630915e-01 -1.025943782816069794e+00
8.382248563432269650e-01 -8.481367056379871538e-01
1.610295259560461101e-01 -1.028458887191726845e+00
8.995552713901702191e-01 -8.115920484424007375e-01
1.950532395311940781e-01 -9.908926369567088166e-01
8.577000110939864141e-01 -8.370124133708751746e-01
1.884010981623741587e-01 -9.950098533750930674e-01
9.336526452860642866e-01 -6.437034631537450480e-01
6.442227860762193004e-01 -8.558524914579669352e-01
7.913018373812038542e-01 -7.871843462337486663e-01
1.007269962155580068e+00 -6.533433154589661784e-01
1.013277970540371609e+00 -6.612660555697976728e-01
9.870727614387841964e-01 -6.131275425704073578e-01
9.587447452798962821e-01 -6.609131930612021089e-01
1.018302694456488799e+00 -6.806202040961408795e-01
8.998546203892402451e-01 -5.798939118997423758e-01
6.014706391796871277e-01 -8.608429896171474471e-01
3.701646411488907495e-01 -9.470315972914534752e-01
7.784242966775000161e-01 -8.138426061045287430e-01
8.200207691232271889e-01 -7.844618361084200187e-01
1.185763030406725482e+00 -2.279301249270366814e-01
1.070325966352448477e+00 -4.817374162029766094e-01
7.723514636510402376e-01 -8.397211532624234698e-01
1.025386625036186494e+00 -3.796644676655093198e-01
6.164256801197707247e-01 -8.383205672181985868e-01
6.355017282169587167e-01 -7.963266867733065357e-01
1.074225091645693686e+00 -3.125755179778230142e-01
1.057249056489402150e+00 -3.945198901987001516e-01
8.925496329322344380e-01 -4.807973203581251687e-01
9.475571763360446376e-01 -4.305906789667309220e-01
1.063703523309979859e+00 -4.205008197358474642e-01
1.061406734389895412e+00 -1.268761278817964744e-01
1.036163150956840751e+00 1.066924710723862052e-01
1.064044267171070146e+00 1.941215321487153311e-01
1.005498837821779956e+00 3.141242512059925218e-01
9.682830108900668531e-01 4.023125719722636662e-01
8.269672658031054224e-01 6.752529112093955677e-01
8.975649569768672231e-01 5.703262563179286593e-01
9.346128893043895713e-01 6.295519985543172048e-01
9.119680812511551382e-01 6.580428720108800755e-01
6.741414936101081112e-01 9.272661818017871038e-01
9.382873730388964217e-01 5.691914627712837405e-01
8.019132431201733135e-01 8.802292631400420175e-01
8.371697450139461427e-01 8.993566694828917241e-01
-1.437451850165719636e-01 9.931245529444480136e-01
4.245553503095825243e-01 1.032347106165216521e+00
4.035668307092856177e-01 9.891404976779205604e-01
1.487594738755999291e-01 1.029187707811464403e+00
-2.402000168741875719e-01 1.018353503445701858e+00
-6.396028592541684876e-01 8.113842350056511554e-01
-5.546308839167827243e-01 8.689575449348792002e-01
-9.361597343929429771e-01 3.575809986220826464e-01
-1.012943829345829272e+00 1.531070584518619531e-03
-9.229992740478296653e-01 -4.271111653285508680e-01
-6.196677775858066006e-01 -8.067954362831889492e-01
-3.071526059778602047e-01 -1.013565417561277826e+00
-1.541159815605294969e-01 -1.031764329951185610e+00
-4.108208455173915086e-01 -9.365856189405094012e-01
3.989443924420712495e-01 -1.022137186107084927e+00
3.916038450073265897e-01 -1.034905057490681735e+00
3.077782566086483262e-01 -9.887332884748002426e-01
5.187219249398273835e-01 -9.527136381699257139e-01
9.331836646294739968e-01 -6.216375863042618022e-01
8.799174316034480414e-01 -7.196504929525607830e-01
5.366955341828361092e-01 -8.524997902295978758e-01
6.222496671305075555e-01 -8.669129069965113565e-01
9.243345247972040157e-01 -6.083592837126166053e-01
6.735735432830550762e-01 -7.446023119612102947e-01
1.045379243191371543e+00 -3.229256431373654923e-01
1.121764259418270182e+00 -2.948215914427246842e-01
1.045987168783875543e+00 -4.265133178146205961e-01
1.068607362614311329e+00 -1.595494987595723890e-01
1.041013392097241974e+00 -8.751075785653765482e-02
6.062457342585721998e-01 8.850540886654435502e-01
9.173570405815759665e-01 5.852322788426406186e-01
1.001030739859402718e+00 5.458728379004472719e-01
9.237748705692077067e-01 7.789168929013957632e-01
8.552153084299394248e-01 9.121741435254258068e-01
7.905589400080749174e-01 9.218061758954058105e-01
8.026555760599863795e-03 1.012701771201310885e+00
-8.452660327878494528e-02 9.996313352371504202e-01
1.111292425115243537e-02 1.027838249952294003e+00
3.441018214627579730e-01 1.009773955021167957e+00
4.598820274644834227e-01 9.830687971806875147e-01
-8.575727263684555096e-03 1.006557069486127221e+00
2.513452750851292161e-01 1.037113683866868419e+00
-2.172414510886272188e-01 1.040569256797453823e+00
8.704723820174839477e-02 1.001039365585921770e+00
7.576795424467003270e-02 1.010014429847692519e+00
-2.279630119774218311e-01 1.019877992948309497e+00
-9.326882288521090580e-02 1.025721202579928049e+00
-6.148406571079165772e-01 8.117498023600400181e-01
-7.738029504891448251e-01 6.339384801789521573e-01
-9.216430440089793397e-01 -4.179604268248140464e-01
-6.582294918764696190e-01 -7.712938573089039851e-01
-5.922296049447153266e-01 -8.608000360918786065e-01
-7.068410365479667057e-01 -7.354849424820337767e-01
-3.839609332273313802e-01 -9.812452543638385816e-01
-1.757684283692022287e-01 -1.022467843327050874e+00
-2.806999272637116238e-01 -1.001569227982897603e+00
2.856004349408738929e-01 -1.066354265559947168e+00
-2.953375170359786583e-01 -9.678413039833858589e-01
2.320331011480142036e-01 -1.015459350526594307e+00
6.793263172649703918e-01 -9.367561790899554541e-01
5.066516840195489646e-01 -9.960777401589611113e-01
8.272992025542835748e-01 -8.580946640397915104e-01
6.153563272150208707e-01 -9.671322250611545934e-01
3.522719231980802057e-01 -9.619621293039776200e-01
8.396302092155457641e-01 -8.170308098018442822e-01
4.193994423817772321e-01 -9.655016175068912299e-01
1.825850684616764086e-01 -9.860763655780337977e-01
9.348714831137067138e-01 -6.421686867817619770e-01
1.255761846509562130e-01 -9.957256544423896960e-01
7.872421864823870852e-01 -7.536176177972285783e-01
9.583021553908811496e-01 -7.050075726878046734e-01
1.033930732696788590e+00 1.134120305220152058e-01
1.032764141871695740e+00 2.628158881476072573e-01
1.051924917518259450e+00 3.130305846361809419e-01
7.883193221170916587e-01 6.739505648505299540e-01
7.687176349434152733e-01 7.145159972867036746e-01
9.062051051831003790e-01 5.698298216662887050e-01
8.915779180954683802e-01 6.609218915767178792e-01
4.444115354088483683e-01 9.019269492002529587e-01
9.838608824371560813e-01 5.556519186778469122e-01
8.470498217945965358e-01 8.119552880458940081e-01
7.249238779083763129e-01 8.965624800616434076e-01
3.196432436861740278e-01 1.013188787905389354e+00
3.663418561419838904e-01 1.015516715568804074e+00
2.651327340426388735e-01 1.042766381781540019e+00
3.425700866813227718e-01 9.601715041144098794e-01
5.541952714727031021e-02 1.027790201075216903e+00
-2.376071123250245443e-01 9.869981225788173607e-01
-6.114534113010910987e-01 8.449876143498404879e-01
-7.319678775474701693e-01 7.078218710100963040e-01
-9.292561277411784948e-01 3.740513187180247723e-01
-1.014267725526119879e+00 5.489664329712698552e-04
-9.112785841230298667e-01 -4.600674379475759856e-01
-6.907617823096297016e-01 -7.712454201466619752e-01
-6.993521074490381961e-01 -7.225445934505999590e-01
4.187753744463847128e-02 -1.070033128362004371e+00
-4.024607327722636851e-01 -9.245589660335965521e-01
7.429403008110656570e-01 -9.266867761746285792e-01
2.498280693519008833e-01 -1.054348499090399738e+00
8.352742775403010356e-01 -8.114625755014875930e-01
7.577625714868934104e-01 -8.878511390822487748e-01
4.690759085833308140e-01 -9.704341343383583451e-01
6.914262205758113788e-01 -7.848667937077548062e-01
4.176376237067968011e-01 -9.416106222967908224e-01
5.769853392804512593e-01 -8.614258623792013791e-01
9.644224073612019943e-01 -5.094998408516283606e-01
6.878669276668831767e-01 -7.439788447654317460e-01
9.287122930257839526e-01 -4.938333815163618579e-01
1.131281060418518170e+00 -3.103560176963123807e-01
1.034676669379081204e+00 -4.507116864282455504e-01
1.034528515593633458e+00 -2.246042409414539809e-01
1.038228222463172701e+00 -9.607264985257285561e-02
8.379529784964447892e-01 5.895636839971333254e-01
6.647706859329203244e-01 7.514777380003327956e-01
6.761849466964154898e-01 8.367911899585696034e-01
9.764487904255818584e-01 5.122128343897174307e-01
8.719506771158725966e-01 9.168508760800896384e-01
6.251870901654283941e-01 8.744820887422117828e-01
7.715751264241296203e-01 8.200705264035229591e-01
4.110164483369371791e-01 1.015467670100321129e+00
8.639947707133073251e-01 9.405590052261268985e-01
4.278829358416632034e-01 1.066812836751493299e+00
4.793106456206320809e-01 9.976684999072805704e-01
4.067578681688548414e-01 1.000196657051969140e+00
8.614831815593562703e-02 1.034761643509687357e+00
-3.081153921386668437e-01 9.586878183934658404e-01
-1.891267947161948959e-01 1.000583969880582069e+00
-6.730058484174427091e-01 7.497227417742831079e-01
-8.082691205878200780e-01 6.412408378556321287e-01
-7.807917457481283741e-01 -6.877826882699025202e-01
-6.471655986745632472e-01 -8.161858484636969058e-01
-1.622397212871847516e-01 -9.876915033563850033e-01
-2.247599785547735873e-01 -1.015396618740960655e+00
-4.852733055833954173e-02 -1.073373347778577402e+00
5.981320978430277879e-01 -9.633597553158744775e-01
6.737133398521180094e-01 -9.377415378115743216e-01
2.797907082792540634e-01 -1.031220341026104270e+00
6.952037910480489691e-01 -8.930409817250877236e-01
4.918664040879251464e-01 -9.702646342734059237e-01
5.482676550171905472e-01 -8.944242401846965729e-01
4.391487547282719173e-01 -9.336807166662065560e-01
8.783640297462441682e-01 -6.359334394420337322e-01
7.243324554546323180e-01 -7.548041273515617711e-01
8.997377378532848136e-01 -5.521858436412272475e-01
1.170700870599078236e+00 -2.695049875534173411e-01
8.526423142519987675e-01 -5.675972434654891208e-01
1.032056041916279199e+00 1.180701281968884742e-01
1.000047859850699217e+00 2.685282765934783322e-01
9.548988490378716998e-01 3.983504933565977790e-01
7.572232009204056258e-01 7.381198607959811309e-01
8.628431903782932677e-01 6.133033047754331557e-01
7.253660148357229387e-01 8.397688825885958330e-01
1.057393642965469116e+00 4.095592040641506393e-01
6.303376135368284894e-01 9.305086333757166539e-01
7.689462898865777607e-01 7.948339566043044480e-01
7.864381825592502429e-01 8.935297488085398587e-01
8.411659700364705339e-01 7.702589569586005824e-01
-1.409447746949961111e-01 9.944377914546208563e-01
3.783121485127758366e-01 1.010110018528067588e+00
4.614315634355866669e-01 9.806390722888261857e-01
8.265187533262360886e-02 1.010071227358416479e+00
1.075970042769149038e-01 1.062596321576729341e+00
-2.188240540493237296e-01 9.783430000313499963e-01
-6.462093412637571754e-01 7.963932233402110095e-01
-7.766859920254283178e-01 6.458238415642725272e-01
-9.276279511432443670e-01 4.066658560470027273e-01
-1.015766959646253298e+00 -2.744402954591939735e-03
-9.332471995975372137e-01 -4.606269783187390554e-01
-7.832550851197251918e-01 -6.919499648499045641e-01
-6.833542163118141444e-01 -7.533402901605037449e-01
1.084958927447094920e-02 -1.053252303354866193e+00
-1.996239819661959625e-01 -1.003721367572549816e+00
3.227900490156574986e-01 -1.045908609039751136e+00
3.700124114765975247e-01 -1.020099021167378828e+00
1.728664878613146716e-01 -1.054137021955030118e+00
8.510769107654106991e-01 -8.497660285455687079e-01
5.178614295417367508e-01 -9.521893658592155418e-01
9.584845952983962469e-01 -6.400192981407222259e-01
1.018812880631023265e+00 -6.490017290604370714e-01
7.235689492338814865e-01 -8.612816375945235858e-01
6.855394301060772078e-01 -7.539695279217363266e-01
9.318767808793989582e-01 -6.084901053608201549e-01
8.593602205678766426e-01 -6.642715734235861147e-01
1.105882700817720554e+00 -3.748531870882160222e-01
9.079505990946336036e-01 -4.377524524712388398e-01
9.878819971467933669e-01 -2.888129764068119720e-01
1.035576823506295430e+00 -1.017417557998578220e-01
7.534109785081325450e-01 7.431773827156342715e-01
7.959283393724932987e-01 6.875241953632368341e-01
6.651178341503313218e-01 7.602817374600423506e-01
6.698631038895713763e-01 7.479134067630599514e-01
6.994787488348676030e-01 8.115740809264931910e-01
9.235225844958010466e-01 6.512879860033325974e-01
4.609554208751586168e-01 9.063018206202473337e-01
5.687145425030919466e-01 9.014995827315500643e-01
7.646210161654092285e-01 8.643168215576092495e-01
-1.037768142946033922e-01 9.978081558077870339e-01
4.854724608947579845e-01 1.040158002201519771e+00
4.771876558142081753e-02 1.055824959598722135e+00
-2.788498712034581661e-01 1.015451200454153602e+00
-2.083215019563272041e-01 1.045502175622509577e+00
-2.796703448897752686e-01 9.865239014402479301e-01
-3.345466320709666319e-01 9.859734932153136899e-01
-5.999678634262446408e-01 8.455691413493353625e-01
-5.762433309473811160e-01 8.779523680777073791e-01
-7.553983630879891331e-01 -7.206305568864110889e-01
-7.302732342529922871e-01 -7.188337621963549751e-01
-1.175062025638428653e-01 -1.033229335375446700e+00
-1.155965279301049697e-01 -1.000653804251686152e+00
-2.370687545951754016e-01 -1.008822346646700563e+00
-3.964837260784627171e-01 -9.454452366368200078e-01
4.255368402050674903e-01 -1.028314368478109975e+00
-2.269188033941433036e-01 -9.912507808749201343e-01
5.369678955927572606e-01 -9.920727041373480493e-01
6.056684172309887426e-01 -9.044630030383397079e-01
1.001904300266840409e+00 -6.287143471969622865e-01
5.629491080030840644e-01 -8.331143271761378699e-01
1.097131931665318971e+00 -4.515157067177524852e-01
6.611112509135220749e-01 -7.577872556351078481e-01
7.445634152385912641e-01 -7.506371921707659656e-01
7.389115395759672245e-01 -6.781788388159333270e-01
1.154562124312206173e+00 -2.829135106306954195e-01
9.070416421354018377e-01 -4.340789936420547113e-01
1.031400460605092162e+00 1.204348151134476547e-01
9.858135872373815500e-01 2.639649356273734426e-01
9.173374559735287814e-01 4.231578956449530970e-01
7.645180348143602034e-01 7.379022529162343469e-01
8.789778843725700730e-01 6.074170311759754526e-01
7.414668292593650234e-01 7.999900517625206930e-01
9.666522826945271873e-01 6.090514041106697141e-01
6.701303717925568559e-01 9.245251342714454479e-01
9.062663179838834626e-01 8.658846985972588062e-01
7.740977365573495916e-01 8.759601325261194837e-01
9.146150803788202222e-01 8.395490329781860606e-01
4.249886807995221782e-01 1.048472239752441970e+00
5.986665527941172071e-02 1.004509405495119356e+00
3.974335579763002557e-01 9.554476240912000984e-01
5.854239237119556599e-02 9.999258722954723622e-01
-2.490530831174974091e-01 1.007104409827729752e+00
-2.654067873783471643e-01 1.058911085464627089e+00
-5.303113629196938295e-01 8.590492170028349861e-01
-7.736268629251036311e-01 6.906061909424120460e-01
-9.510112522618758835e-01 4.102583837685475077e-01
-1.017676131057654532e+00 -5.990997454360300761e-03
-9.695877967130123176e-01 -4.053197359041355030e-01
-7.736216348069886450e-01 -7.172220276483830537e-01
-6.421717379130192915e-01 -8.153513841943020868e-01
-1.675167364046161456e-01 -1.041961702523258371e+00
-5.931615093772199532e-02 -1.059657516252883180e+00
-3.603883654435503514e-01 -9.343496440128054026e-01
6.778173465551554644e-01 -9.600763104200293885e-01
2.494213715842890366e-01 -1.051970458536776620e+00
9.179605659311530497e-01 -8.088508125890345735e-01
8.019730245202580932e-01 -8.840102572630247346e-01
2.075371068733247726e-01 -9.883903153471179648e-01
8.834327392036070981e-01 -7.151941828903475296e-01
9.602583183981733272e-01 -7.044006296152962587e-01
5.330080231925792278e-01 -8.642268686450758075e-01
9.652639876698690946e-01 -5.397748945901466033e-01
7.429550392359050015e-01 -6.821582393425378310e-01
1.113379013894269631e+00 -3.565874678611948290e-01
9.040624760653231951e-01 -4.333660036577396957e-01
9.618911256395636933e-01 -3.049934530105450348e-01
1.034208091080355274e+00 -1.053421886774105337e-01
9.072675630898813237e-01 6.415787532462194909e-01
8.735949162596379214e-01 8.687445480486443161e-01
7.705689644779222247e-01 9.250862509853979843e-01
9.012729021600818236e-01 7.635905049525509858e-01
9.517646711162198736e-01 6.964686171438735363e-01
-6.778029620339394434e-02 1.002594682778605861e+00
2.270553489989279305e-01 1.033421251819825359e+00
1.326457228624401685e-01 1.055988527153572942e+00
3.673199466678259140e-01 9.796620541247080816e-01
-2.694635233722909584e-01 1.038380702515227849e+00
-2.562810286259694648e-01 9.952152482176839232e-01
-6.450923176105298751e-01 7.741889711567110366e-01
-1.923438060526617699e-01 1.061508893086698491e+00
-4.965850012766495070e-01 8.756693756952486085e-01
-7.602081763217989341e-01 6.781263385645747155e-01
-7.813356649854314995e-01 -6.989527208351404841e-01
-6.305564025753707114e-01 -8.204348976834584528e-01
-3.015001009626426809e-01 -1.020460077459176773e+00
-2.932967733897053897e-01 -1.027882655633795883e+00
-1.581243188690739931e-01 -9.915427520001693917e-01
-3.738003815344499992e-01 -9.489488934431691280e-01
-4.110289307356292943e-01 -9.288684787551187982e-01
6.475601587458607034e-01 -9.632701507563864451e-01
1.083289444259939172e-01 -1.058380689894469429e+00
8.943000158778136033e-01 -7.988621948247597304e-01
8.595318147730610647e-01 -8.131994013451098180e-01
3.571933487614242231e-01 -9.663851742942025647e-01
1.707319178868501319e-01 -9.894777735757428472e-01
1.215438039037633339e-01 -9.995126228208970343e-01
9.700501586475921423e-01 -7.082381888781762447e-01
8.033179451005728611e-01 -6.920116721648575941e-01
1.032348037105769611e+00 1.202381416299290046e-01
9.875766876003312378e-01 2.659037119354504819e-01
9.216123259434340076e-01 4.197283889671138968e-01
7.428707948403694417e-01 6.729489306146094751e-01
8.808514004994323354e-01 6.885224059113910222e-01
8.088657643317749280e-01 7.639120555524689937e-01
6.055413016051408581e-01 8.480808403437067877e-01
6.122376105062019569e-01 8.928041361808518595e-01
8.640433157272069398e-01 8.265394983295749620e-01
8.432995802031867383e-01 7.922204630008832238e-01
3.433840297757164706e-01 1.015492936754290865e+00
3.126935186202188799e-01 9.828967104251936648e-01
4.515144574441342651e-01 9.803795827873207358e-01
1.549631386712531922e-01 1.054134173363960425e+00
1.054869648923156406e-01 1.063761007120761493e+00
-2.136383935607959195e-01 9.885300897699331735e-01
-6.893763923708472463e-01 7.410231667938806943e-01
-5.558115784705043305e-01 8.578095744394740318e-01
-8.598864869265271382e-01 6.039878519823557168e-01
-9.858448175689861204e-01 3.641953562294509839e-01
-1.019922911873749394e+00 -6.689184759594612832e-03
-9.826195622071475233e-01 -3.431492826164546650e-01
-8.381479175667235770e-01 -6.007097773960815568e-01
-6.115393721153294937e-01 -8.123236298333796901e-01
-2.772689746596261884e-01 -1.045781199130330741e+00
6.452966437556792445e-02 -1.077201421914320889e+00
-2.147145540621062387e-01 -1.008434210488958316e+00
4.171833843821128318e-01 -1.040803691270105080e+00
4.529689866573261003e-01 -9.966723618025795650e-01
5.683931986738072900e-02 -1.035333539271990677e+00
8.806569088366764664e-01 -8.617520515997165731e-01
1.646645674110892299e-01 -9.881431191052956198e-01
1.021341724661512185e+00 -6.246878270444098380e-01
9.619708713470015438e-01 -7.015305940806167984e-01
6.144514872804932581e-01 -8.641079417555292963e-01
9.761860570201800202e-01 -5.193002575949187127e-01
7.388750118221504293e-01 -6.861622868966831268e-01
9.277981615218986455e-01 -4.885508186280153597e-01
9.101227780122647104e-01 -4.362591737660437285e-01
9.531069169776846817e-01 -3.082244419523859635e-01
1.034983558551445082e+00 -1.050602100153104207e-01
7.417437011074239361e-01 8.215215134744612291e-01
3.332086886287263239e-01 1.013785455241547950e+00
9.133494089382112602e-01 8.308304962584420750e-01
2.864409455328517096e-01 9.776862190174769873e-01
5.761352710729686910e-01 9.341637420384960588e-01
3.553323513938495548e-01 9.920268146046490321e-01
4.719616464367148989e-01 9.598140500993050939e-01
1.095668765979092435e-01 1.027139498103227799e+00
2.148524213751311918e-01 1.053328139587964785e+00
-2.924866134625550562e-01 1.025477995323673897e+00
-2.856980039172998809e-01 9.678578833156409322e-01
-3.252907674113579839e-01 9.783946846733798663e-01
-9.801010552307619361e-02 1.044813326061255099e+00
-5.161446229478916514e-01 8.853526795044955877e-01
-8.542031580109389344e-01 6.217386316418020975e-01
-6.277921479146114647e-01 -8.014416301816565946e-01
-6.867087500634978525e-01 -7.335407853156568070e-01
-4.182857224026889087e-01 -9.748253623908930132e-01
6.504169703609720410e-02 -1.077197318539224735e+00
-2.648160082292355111e-01 -9.896954324127943403e-01
4.299546811329049145e-01 -1.035162336153760076e+00
4.239327350212695467e-01 -1.044380636022236075e+00
6.875874986269886469e-02 -1.038935519757239412e+00
1.667718646156061135e-01 -1.054604356616017036e+00
6.857806107257549688e-02 -1.029580784750149469e+00
1.614823983632087401e-01 -9.897771002423956244e-01
1.034094209542003373e+00 1.184400284246846236e-01
9.948788638670190698e-01 2.702983275578386690e-01
9.304456229389481692e-01 4.128187646423761570e-01
7.757032311320652962e-01 6.482497468639879523e-01
9.004721092857984610e-01 6.914393183568092738e-01
7.974292592080404196e-01 7.651668277947480945e-01
6.031261933145314336e-01 8.524366681082083952e-01
5.911715003853863504e-01 9.088623589648660017e-01
8.621687342503088214e-01 8.136872045169779577e-01
9.182409886476868843e-01 8.434924302396512585e-01
4.027600217093240120e-01 1.031286262087226735e+00
-1.889158302778784840e-02 1.013517360022550440e+00
5.032499773809178123e-01 1.018736602526903567e+00
1.781423590035085547e-01 1.027845893642280073e+00
-3.141155591442350015e-01 9.938118877895800729e-01
-1.311157031486978042e-01 1.040573119101565913e+00
-6.583677441982617173e-01 7.631600160618151607e-01
-6.749230837502339098e-01 8.076764542075305364e-01
-8.772789422140279125e-01 5.616253963348706302e-01
-9.943946182896674646e-01 3.110279644345906314e-01
-1.022187354027363382e+00 -7.477195590541261573e-03
-9.850615773778502726e-01 -3.012733095368253511e-01
-8.721308457922172241e-01 -5.126813226234282483e-01
-5.395010014910800455e-01 -9.068050038031008064e-01
-6.762870369525046943e-01 -7.436731460958345696e-01
-2.696778361752350528e-01 -1.018103793281492253e+00
-1.743713207112290164e-01 -1.029911449505948262e+00
-1.980276882723195075e-01 -9.878098386257283536e-01
5.261424395793690145e-01 -1.006573114997671103e+00
2.111477781896021755e-01 -1.036436233649956851e+00
6.771690196766695369e-01 -9.227646970252304515e-01
3.587963874167331979e-01 -9.718951626261639332e-01
4.993722119252538283e-01 -9.336192779766064875e-01
9.839400020277294656e-01 -6.990950415355114966e-01
6.080837929750304571e-01 -8.603702248323602531e-01
1.029626600443871665e+00 -5.114446451267585791e-01
7.617628804060697645e-01 -6.878293929192154099e-01
8.975733006093805644e-01 -4.969268631057308094e-01
9.055004129748274178e-01 -4.547106339984923196e-01
9.513471317324918575e-01 -3.099238474433815838e-01
1.036622455197622195e+00 -1.027628528833725713e-01
1.101967228699339829e+00 1.679218889232842737e-01
9.028833105340665632e-01 4.544314963747878577e-01
9.214622591799428442e-01 4.276286904158880242e-01
8.600823891715521086e-01 5.780277278425837162e-01
7.568405387986827382e-01 6.556419727879989612e-01
7.832645616489053442e-01 6.900272697510345665e-01
7.766419728442148784e-01 6.504617736768167902e-01
7.914839178775484596e-01 7.043430404583977955e-01
8.726616704957581572e-01 6.605501567470601909e-01
8.702555689976884112e-01 6.525506504014845222e-01
6.988366668481075239e-01 7.273065319312883581e-01
6.931121084497834373e-01 7.312222528108646147e-01
8.969440064068322505e-01 6.373308032214206609e-01
8.440170494540855106e-01 7.462156726662589890e-01
7.289349944275123061e-01 8.377093768689537479e-01
9.359229503190276134e-01 6.582121432250044313e-01
5.300733560592565397e-01 8.794958127891359112e-01
6.003692175679020693e-01 8.594206164615840748e-01
6.294510644018738166e-01 8.421699570389035161e-01
5.470673263082193039e-01 8.606383668769077566e-01
6.371792390343219425e-01 9.031060059308764210e-01
6.931232546340972966e-01 8.678228077088209202e-01
6.154328411482855588e-01 8.935039041483401334e-01
6.972437893303500278e-01 9.228987794901796216e-01
6.412661388026700271e-01 9.331730225811737389e-01
3.246653275817670270e-01 9.474855373670773018e-01
8.729303968697491589e-01 8.256875758416108990e-01
8.898841347146810854e-01 7.998730879412754291e-01
4.091403466240456921e-01 1.045494954045783631e+00
4.666902825749327799e-01 1.037378298402589216e+00
-1.307425949464314785e-01 9.938236229156254264e-01
3.743992302147920725e-02 1.014978209831545630e+00
-3.639098643872614725e-01 9.628600167410501509e-01
-1.386324143354613903e-01 1.034722339928754620e+00
-1.255057742635187767e-01 1.050667391428454778e+00
-6.064067597910192120e-01 8.294364510017702141e-01
-8.190741505004304202e-01 6.127262640240238589e-01
-8.513561626164429796e-01 6.278099680516633363e-01
-9.149527153614944730e-01 -4.295091298156537007e-01
-5.295405103469831287e-01 -8.837976735583555898e-01
-7.045330321049425581e-01 -7.362547746949011929e-01
-6.858609400675753642e-01 -7.404285217750085080e-01
4.700939933943415472e-02 -1.097623355053473970e+00
6.952145820870658625e-03 -1.092079669713597045e+00
3.627391014479341425e-01 -1.055033162819267956e+00
-2.948962647595886888e-01 -9.764973437852139115e-01
-2.240510826777835085e-01 -1.013588438043409479e+00
2.683478388120451585e-01 -1.022399489923008664e+00
8.916097932041937568e-01 -8.757212990511221706e-01
6.521220583577873597e-01 -9.175897983422033333e-01
4.969000372222920903e-01 -9.541305664243455720e-01
4.054301011153235712e-01 -9.608911309415353319e-01
3.562221485628039863e-01 -9.538034169567841669e-01
9.482942406235934651e-01 -7.201746189217674843e-01
9.588043383664203168e-01 -6.969042780759302502e-01
7.301484537054598878e-01 -8.772763119804758425e-01
9.737560483180427440e-01 -6.834658524341913344e-01
6.903295002059512964e-01 -8.787721783007416132e-01
5.390895632742986887e-01 -8.547468663010129308e-01
5.681803991698654022e-01 -8.348371403643540800e-01
6.724452865081573805e-01 -8.373434146064370198e-01
6.566305668648994009e-01 -8.562664837267460749e-01
8.683812888681343711e-01 -6.980868811251268458e-01
6.102160198586270567e-01 -8.382495713863770126e-01
1.058344779184019480e+00 -4.833726757565008358e-01
1.070683595352232231e+00 -4.803308972891003337e-01
7.287306312913199857e-01 -6.905919017667473403e-01
8.164190527698320654e-01 -6.955915844795959035e-01
8.181052470138842070e-01 -6.950490648404110683e-01
8.445975148226604334e-01 -6.328326629630656175e-01
9.105588361800597275e-01 -4.870256528764913551e-01
9.612315436181105843e-01 -4.824997137740604791e-01
9.127067141408011786e-01 -4.359945912671672197e-01
9.041307976045553918e-01 -4.335025411790459082e-01
1.065754884580101036e+00 -4.247771568678235243e-01
1.002347398027253922e+00 -4.622199380906057975e-01
9.627504725819316933e-01 -2.872249365707270075e-01
9.727408155872461215e-01 -3.048343873600984355e-01
1.035012978521798077e+00 1.156813137043319895e-01
9.945111392407111062e-01 2.718879838276783145e-01
9.131177584928947821e-01 4.295445148522293310e-01
7.777069968302990910e-01 6.722965239654496994e-01
7.761486760127468409e-01 7.528193352331924437e-01
7.465470854881500751e-01 7.759383675941768921e-01
5.995787512192582991e-01 8.608181593968590173e-01
6.000639570980516035e-01 9.145071496622804164e-01
8.685593168879718329e-01 8.623320763723326676e-01
3.417113439248795070e-01 9.434124582858668395e-01
4.182887433349728457e-01 1.012454209170647657e+00
4.293823534302438905e-01 1.063061285734009820e+00
1.388134427864919918e-01 1.048933505242546804e+00
1.018058587980425200e-01 1.068045773654153985e+00
-1.852978975135732287e-01 1.008857121495760456e+00
-2.344377345595722306e-01 1.063931691916332856e+00
-5.955783980647237907e-01 8.131667721916423508e-01
-7.726251465623895642e-01 6.483694391180662153e-01
-8.929350560880098264e-01 4.509541868989804803e-01
-9.940363506126085325e-01 2.745150461217226723e-01
-1.024660078380034589e+00 -7.313276966349273669e-03
-9.903046057879421049e-01 -2.717993783514685013e-01
-8.938789208248250073e-01 -4.631323496827379760e-01
-7.399681269708574538e-01 -7.295967634220178466e-01
-6.540566560333277435e-01 -7.941270101023787387e-01
-2.790927402635074994e-01 -1.023217540451161645e+00
-2.754632908653801768e-02 -1.050781860454090166e+00
-1.633289120031070907e-01 -1.005122364300107707e+00
4.163593604144885663e-01 -1.048594518224744698e+00
3.130685009387205175e-01 -1.021175468560608479e+00
2.232267024095698771e-01 -9.997794824382528756e-01
4.535411406260299594e-01 -9.683204989926122996e-01
3.786631992723944462e-01 -9.538894335719487749e-01
8.008589974266406841e-01 -8.133469581899069878e-01
7.210627014363288900e-01 -8.596033570520286160e-01
7.183021536224083459e-01 -7.575201095462084089e-01
7.872393679519428256e-01 -6.960685163110644780e-01
8.807602990102558760e-01 -5.667728338993069936e-01
9.561348782654278677e-01 -4.601324321018328001e-01
9.580337563019358793e-01 -3.048986089439934544e-01
1.035822916710280372e+00 -1.043786252459639602e-01
9.831554098304149392e-01 2.798302833000920198e-01
9.816821444491200532e-01 3.849799486224002032e-01
8.314502497022703276e-01 6.911200943246934569e-01
7.758731815362439610e-01 6.503071748950539632e-01
7.276737846145377997e-01 7.432251766804475190e-01
7.095936326367257019e-01 7.263907980419007648e-01
7.041309177296999344e-01 7.287826954144658309e-01
7.632462925209027027e-01 7.687970911667666440e-01
5.634969359848700510e-01 8.591448770211249641e-01
8.187376416302771798e-01 9.180976380722273289e-01
7.529963492711347905e-01 9.296124527783840019e-01
6.301516449464036329e-01 8.909795589252665904e-01
7.846790646950733139e-01 9.458142475599863319e-01
9.008620682541040869e-01 8.139734519698544890e-01
3.485418182859896241e-01 1.019302324976197438e+00
6.774714275507109917e-01 9.544349546578274612e-01
4.875452144371058005e-01 1.018509234749007009e+00
-3.087652654787483852e-01 9.574371643890084993e-01
-1.398129565274242869e-01 1.016434032180637548e+00
-1.276180043012171972e-01 1.063983220245869665e+00
-6.755860651177855170e-01 7.461156612665240662e-01
-7.553516036916519960e-01 6.778312552064689189e-01
-7.940385977713287913e-01 6.426209057443491579e-01
-9.271053327642020392e-01 3.811977128534391746e-01
-8.357858818521664013e-01 -6.299179515327443246e-01
-7.358214201562363055e-01 -7.292816671602389000e-01
-6.962262022043556042e-01 -7.386387566485244083e-01
-2.583954378104881267e-01 -1.033438577847564988e+00
-2.969924176017119458e-02 -1.102573439149202139e+00
-2.563765839171544547e-01 -1.029226698467598400e+00
1.069069185576261433e-01 -1.074118864343086122e+00
5.478408393442167901e-01 -1.015029301018896879e+00
2.284687554266850162e-01 -1.014696262433737672e+00
1.680849682081016205e-01 -9.903828648150873049e-01
3.225819164042121323e-01 -9.950315646747507348e-01
9.807525817262955359e-01 -7.107531882056411510e-01
7.258082735577318090e-01 -8.318566111261772589e-01
7.196983823244796907e-01 -8.353696030443833465e-01
6.524063465957981034e-01 -8.649460944197564505e-01
7.427410664222624526e-01 -7.632220265394182857e-01
7.323307618794024920e-01 -6.831015015428073545e-01
7.293026975186909233e-01 -6.872622146592270997e-01
8.980255533671027690e-01 -4.525483150291296219e-01
1.035860377845303049e+00 1.119823216097781543e-01
9.953135542464548458e-01 2.735788458616454921e-01
9.107715655197744509e-01 4.341502140884428429e-01
8.037929645498910203e-01 7.044617478763920415e-01
7.844700912408725246e-01 7.529113543085972360e-01
7.378431755838519290e-01 8.277462035203793089e-01
5.947737251664081404e-01 8.710303274801911577e-01
7.433511000104339184e-01 9.417410809480005751e-01
8.062182854898829465e-01 9.562019038268358972e-01
2.933759861984776562e-01 9.837068709540224276e-01
4.795593496187225968e-01 1.000944028313347278e+00
9.160104128917272159e-02 1.001612713205233485e+00
1.804935183344046068e-01 1.044394840362519172e+00
-3.118432542931487972e-01 9.790564404060806414e-01
-1.402064552032464551e-01 1.049075559701437399e+00
-5.382839217634352025e-01 8.460882498980257793e-01
-5.571640727186737418e-01 8.625961161217520212e-01
-7.588096186998533055e-01 7.058280161992122048e-01
-9.155616945423674657e-01 4.125212485922092331e-01
-9.970088897897401159e-01 2.493834252006908725e-01
-1.027446662664455612e+00 -6.011626495673580255e-03
-1.000297452247769225e+00 -2.506183265495173784e-01
-9.097478476124127855e-01 -4.505273170687759121e-01
-7.546277898021424013e-01 -7.335158719122586435e-01
-5.532843468883832383e-01 -8.677229250285061202e-01
-3.569068615349887952e-01 -1.013461777170007183e+00
-1.554342290441902141e-01 -1.044887372380800983e+00
-8.350516459361040367e-02 -1.048021010872835834e+00
1.699098870297733321e-01 -1.083259972568391571e+00
2.641072125740311916e-01 -1.030246422554648378e+00
2.828064590243363208e-01 -1.013121665886725697e+00
4.371325732252611118e-01 -9.774967087308317204e-01
4.487359801956521954e-01 -9.611613698526120242e-01
5.493799553893984333e-01 -8.937919429368553770e-01
7.247602100771270983e-01 -8.377654617730784237e-01
6.564110195996747388e-01 -7.731622878552270040e-01
8.057703412027538148e-01 -7.003521527230528454e-01
8.573983586510781629e-01 -5.743764044406152180e-01
9.974887243364908285e-01 -4.622019524655834322e-01
9.555110472108825359e-01 -3.064624220228734375e-01
1.035364559489798442e+00 -1.043512114577691691e-01
1.070927618065252718e+00 3.074391834309086469e-01
8.318997556398750604e-01 6.799090204587857622e-01
7.871147991268679922e-01 6.949421541653150181e-01
6.995396389880407240e-01 7.356338367131541878e-01
8.139040911676694856e-01 7.483185975598378725e-01
9.597904369355524379e-01 6.197788566628981144e-01
4.779296600387852867e-01 9.054930827805713900e-01
5.907108104881070298e-01 9.098039797642799575e-01
8.448260143501521435e-01 8.821648230634182575e-01
3.180216719605512554e-01 9.898440983015818206e-01
1.142715592469731867e-01 9.947287486943705570e-01
2.090422523371447405e-01 1.058594242348724901e+00
-3.635693982982284855e-01 9.630188498063270153e-01
-2.199253193200784162e-01 1.012029840093357391e+00
-1.251248367394597882e-01 1.047708238337910380e+00
-5.539011246214585737e-01 8.330523051244080879e-01
-6.849939658738373183e-01 7.432244911801073606e-01
-5.979049682217320028e-01 8.016160976422677109e-01
-7.403929992705318153e-01 7.221674073011683515e-01
-7.563498147893568113e-01 6.971932584518765186e-01
-7.569161544263335317e-01 -7.266080204529465902e-01
-7.678937557240039791e-01 -7.215987205897262946e-01
-3.174185650147790527e-01 -1.038774349931297358e+00
-6.323907919829008240e-01 -7.848513989036828287e-01
-2.924855322275362046e-01 -1.048571240310646857e+00
-3.540472943049784438e-01 -9.679120862118058000e-01
3.350506445195374217e-01 -1.066623915925600130e+00
-1.904879254327605242e-01 -9.942843877992303403e-01
2.856296654672902391e-01 -9.961210701519361832e-01
7.723660176950974954e-01 -8.887328501740231479e-01
7.015156357211268512e-01 -8.732283628934667252e-01
9.613145789012830233e-01 -6.951428833249243544e-01
7.668568766603991449e-01 -8.129474808744564518e-01
6.670642569253457665e-01 -8.472970896864792101e-01
7.604924814604162586e-01 -6.842759453218432153e-01
9.542275146440712952e-01 -4.497235539363038659e-01
9.546322198453504049e-01 -3.163378141353069828e-01
1.036783205416088594e+00 1.077607431957250672e-01
9.998058555680580106e-01 2.750740339189424177e-01
9.165094006937152260e-01 4.284550636227258402e-01
8.264419226018683284e-01 6.722359511606871285e-01
7.891913389370553977e-01 7.504608969446844302e-01
7.094054608923406890e-01 8.386288799840857511e-01
6.072692662624835647e-01 8.805786216655175913e-01
6.821657214448428874e-01 9.346246177743526840e-01
4.660684449987876343e-01 9.240353525912240462e-01
3.737586415067936096e-01 1.002690285994354058e+00
4.053522744408403766e-01 1.066376995864317445e+00
9.583714456818977212e-02 1.030178047752895454e+00
5.869627342827694882e-02 1.075633695666944556e+00
-2.389467996458879695e-01 1.002281579159438829e+00
-2.529479111163800420e-01 1.061445608965326803e+00
-5.781841565081399237e-01 8.225026485898188078e-01
-6.371514512161164934e-01 8.433631494533678774e-01
-8.170645106360865384e-01 6.614744157362691945e-01
-9.251335388701089624e-01 3.975754100722564410e-01
-1.003317500562024289e+00 2.306276048310708093e-01
-1.030682074864201381e+00 -3.935891051338278636e-03
-1.011927643889018347e+00 -2.328379384965141852e-01
-9.224170876329864655e-01 -4.603920863361155025e-01
-8.110584555520018446e-01 -6.593561591678097633e-01
-6.105552771881397334e-01 -8.616181140538851091e-01
-5.656746376103015672e-01 -8.341250778834790047e-01
-2.553093922542848948e-01 -1.035417544315266225e+00
-7.570578148204808178e-02 -1.071104253928931715e+00
-1.394229773329684341e-01 -9.965562371328006153e-01
2.750636771905543010e-01 -1.064367395621766521e+00
2.075304922477499425e-01 -1.023825051931730012e+00
2.331147596860994875e-01 -9.905515952450659745e-01
3.881954045290849642e-01 -9.612061574755154103e-01
5.205271630566817853e-01 -9.170257997976192232e-01
7.395096994671050972e-01 -8.565354012357419000e-01
6.607819053439137891e-01 -7.813730751347212067e-01
8.023829844319575466e-01 -6.975178115239325516e-01
8.542912845126335863e-01 -5.772128901514539390e-01
1.014865468711741769e+00 -4.527480123019297364e-01
9.534229386093966419e-01 -3.155912086739728339e-01
1.035761456738011788e+00 -1.021749131038488662e-01
1.011835779965999382e+00 3.507477917031067149e-01
7.891383258920655619e-01 6.989547207923826333e-01
8.053442798497936206e-01 6.530389771478281036e-01
7.845646529407599434e-01 7.464784009131691933e-01
7.321296871005471552e-01 7.155209653425769201e-01
7.436959369426892064e-01 9.047062816704364296e-01
8.808489334965241557e-01 9.072418838604029423e-01
8.626694338067938395e-01 9.131915039841048687e-01
1.529680835884358603e-01 1.007490206817333922e+00
5.060484418411165947e-02 1.003604088272940675e+00
-1.488220117051776425e-01 1.003084999523321086e+00
-5.546482422242653143e-02 1.024512909337693012e+00
9.110329606043665596e-02 1.071124575371487309e+00
-1.623191655892515795e-01 1.074241549761056902e+00
-2.746241022773653895e-01 1.066810696536369285e+00
-4.460790612212798267e-01 9.356540572921191457e-01
-7.866843458607073458e-01 7.063234451097162303e-01
-1.029747681295335227e+00 -2.915415606017032757e-01
-8.171268696804236953e-01 -6.624558320586897420e-01
-8.109499569511784411e-01 -6.468351496493165431e-01
-3.918519292821984190e-01 -1.009430577068038959e+00
-5.311492340884642616e-01 -8.648516694075065736e-01
-2.364692452658939681e-01 -1.032739288524965104e+00
-1.130004451092980616e-01 -9.950592513398103245e-01
-1.605602594801185112e-01 -9.917767708206962629e-01
3.293095618223861876e-01 -1.070575393728329328e+00
3.613634849113623870e-01 -9.982673268140856981e-01
4.037731393589005235e-01 -9.608964111274541642e-01
6.055844203221262267e-01 -9.200380487657133788e-01
8.500016487721523406e-01 -7.646413244996930203e-01
6.541882042130759967e-01 -8.767757275608141221e-01
6.763541902738927636e-01 -7.607409851061047723e-01
7.007594658164224555e-01 -7.550544262751713864e-01
7.870801586541935624e-01 -6.998977410227766871e-01
9.856501116736707813e-01 -4.548757983493365020e-01
9.537087316121556357e-01 -3.169870149820142036e-01
1.037935775391578552e+00 1.018829889130920263e-01
1.007633365371568113e+00 2.730607321876157845e-01
9.284460685167843508e-01 4.200868819983366032e-01
8.381733909859786502e-01 6.225931111776290550e-01
7.812355012464312631e-01 7.408897638946736475e-01
6.977925700863808478e-01 8.305657662886770654e-01
6.163833967520115920e-01 8.830252722074056759e-01
5.735860937087458034e-01 9.113868231488017058e-01
3.233317883265294790e-01 9.463980695965747980e-01
4.409614255493620183e-01 1.029855433216821270e+00
1.056029529540171430e-01 9.984206809750734157e-01
1.061159503812340171e-01 1.053111662076394950e+00
-2.337432976488804659e-01 9.826250272273898689e-01
-2.296587956210102421e-01 1.034073625283979725e+00
-4.216621255250342371e-01 9.501646071678110372e-01
-5.924735495560840004e-01 8.283806545782352870e-01
-7.434679647031626759e-01 6.945199090892505422e-01
-8.606771366499189613e-01 6.226105512953987731e-01
-9.380132144655340953e-01 4.091403054693152908e-01
-1.012013746495068478e+00 2.137766325153481473e-01
-1.034197697588250753e+00 -2.578895250546819722e-03
-1.020347201911935731e+00 -2.157026809264231682e-01
-9.528596064390613130e-01 -4.347817209500091096e-01
-8.458253363571112127e-01 -6.217806243181273063e-01
-7.046288260082388399e-01 -7.642757204895692658e-01
-5.793109519110550831e-01 -8.449584035633082024e-01
-3.744857867450450684e-01 -9.979853988955091904e-01
-3.111462318588984477e-01 -9.988780690970820997e-01
-8.443239505860730687e-02 -1.049311392958706124e+00
8.473360751469047325e-02 -1.067922733136704050e+00
2.277614573760777250e-01 -1.047898546505647621e+00
2.608220358687969309e-01 -1.004732956027227342e+00
3.719719851387985332e-01 -9.768526078115623568e-01
5.175150182532489707e-01 -9.287445663022245723e-01
6.554960991083929045e-01 -8.759240027151611319e-01
6.750335203193403855e-01 -7.811862097610767774e-01
7.945852267610190589e-01 -6.919534388061834296e-01
8.607179735229811834e-01 -5.799030151740316441e-01
1.000753850328495398e+00 -4.470703032866957805e-01
9.675602929810176445e-01 -3.075468677161765640e-01
1.036960946215772950e+00 -9.872201029607861889e-02
9.423876865865566943e-01 4.063702782666213653e-01
8.319807380438365429e-01 6.474382124804157757e-01
8.380392354364153418e-01 6.382346830098127866e-01
8.541196611450679876e-01 6.367848200282640869e-01
8.643436805461348627e-01 7.099547257942084855e-01
7.438180748309484169e-01 7.099043782093535926e-01
6.836766562946567927e-01 8.385288716202468073e-01
6.444585694182853874e-01 8.907471530843559249e-01
6.463853336055289667e-01 8.778003551091673184e-01
-1.643195596632645861e-01 1.016480547458181505e+00
-4.398143244159758991e-01 9.285679894266437584e-01
-5.008123120706702291e-01 8.774786830775772595e-01
-3.443065518347996345e-01 1.041228326014419947e+00
-4.946106372170518961e-01 8.801885753404163903e-01
-6.964940795705573118e-01 8.154480765074708648e-01
-8.164344843059646584e-01 6.675802008649101005e-01
-1.011570670261737304e+00 -2.337405083990085342e-01
-8.620627794424503554e-01 -5.319892907935076520e-01
-6.120385208569838476e-01 -8.106557721027221053e-01
-4.021035559419478544e-01 -9.859601412461914682e-01
-5.176009304134051581e-01 -8.683222816749642803e-01
-5.192238881833440012e-02 -1.051380204504942073e+00
-1.356008621558259242e-02 -1.030010410648468877e+00
4.323255758051832154e-01 -9.736262196854624795e-01
6.053870334310348378e-01 -8.557630383948683361e-01
7.121648290017220662e-01 -7.734882504805307146e-01
6.671675689318917746e-01 -7.969855091696594895e-01
8.680022241224486512e-01 -6.820133077684116252e-01
8.642626352524802602e-01 -5.899629922606018928e-01
9.824867401449152160e-01 -4.623047865943016310e-01
9.843509467192674833e-01 -2.497326652208033126e-01
1.038993000519845999e+00 9.503495776452516863e-02
1.014358521077923347e+00 2.657269479370037990e-01
9.414954946257344526e-01 4.143803459977992709e-01
8.524162174075832210e-01 5.912028922904484229e-01
7.799316416998693935e-01 7.234635903205763885e-01
6.992328022931116882e-01 8.214312087431732134e-01
6.104514644675819168e-01 8.785230880047546487e-01
5.089115776120688439e-01 9.132536287286449062e-01
3.228940653068729238e-01 9.814258287423022198e-01
3.075618635946422708e-01 1.045697092403453210e+00
1.113679098629643816e-01 1.031964402811843318e+00
7.361004246545280703e-03 1.049454867214127285e+00
-2.226590109521371097e-01 1.006659315000759447e+00
-3.174957272587676793e-01 1.037166641902071085e+00
-4.805110168873573673e-01 9.173232700460415279e-01
-6.222603738355297898e-01 8.429163870971103645e-01
-7.659064509374133856e-01 6.943635861221415517e-01
-8.896600003469132822e-01 5.581524337010785874e-01
-9.674979380016399677e-01 3.880730983363820386e-01
-1.021733532248822129e+00 1.960141665528081500e-01
-1.037887607067340623e+00 -1.681764005054920113e-03
-1.026332397348677761e+00 -1.961050185547711100e-01
-9.769862112958047629e-01 -3.871573435893513326e-01
-8.735882067860709643e-01 -5.595857732874570667e-01
-7.689614464351991474e-01 -7.243631815311015743e-01
-6.207565548641716946e-01 -8.442966655218001604e-01
-4.866708965473192094e-01 -9.216170653315309824e-01
-3.280369186135974613e-01 -1.010198480320197989e+00
-1.675321852722871097e-01 -1.029025734893308952e+00
-7.255341462306794109e-02 -1.017854253787025876e+00
1.514931893807502650e-01 -1.068049303265287131e+00
2.052834189649704599e-01 -1.014171872103998950e+00
3.530243583192319567e-01 -9.949208528189160683e-01
4.790720985128859577e-01 -9.461668268018338379e-01
6.097497443531509909e-01 -8.655034280212968723e-01
6.838326723630949733e-01 -7.815091063378348801e-01
7.964377461222652554e-01 -6.888527782572398950e-01
8.721922332343809980e-01 -5.764488113617167730e-01
9.825304737183906401e-01 -4.336540219416233910e-01
9.870627112533874037e-01 -2.883333498330307720e-01
1.038595217638438317e+00 -9.381141021033022331e-02
9.434530607761509868e-01 4.129703052163996579e-01
8.524166168763791518e-01 6.032336150903664374e-01
8.473067155818275742e-01 5.828091257869285613e-01
8.646844997916846021e-01 6.275157335959118399e-01
7.455177962682790760e-01 6.925674488055495459e-01
8.130163047698046874e-01 7.410071494198047226e-01
6.975274065517519384e-01 8.040068557916755232e-01
5.783370076835225859e-01 8.648589563644087930e-01
3.345061877375630766e-01 9.944315650986431665e-01
-2.961313712205951854e-01 1.051715532461422020e+00
-4.858039020180476841e-01 9.018473974960188322e-01
-4.693038422223279604e-01 9.306554229168033654e-01
-4.446632837559233997e-01 9.696688181821548902e-01
-7.824416025064884206e-01 6.526861832478514369e-01
-7.689178287199800454e-01 6.578239742073854757e-01
-8.978604031938353103e-01 5.855330055063331374e-01
-8.804028120443772032e-01 -5.332621577579041983e-01
-7.410904046992660144e-01 -7.604119062597091139e-01
-4.494331547093307622e-01 -9.841134672329502342e-01
-4.929721156071944499e-01 -9.146027106164077436e-01
-5.189867201999135427e-01 -8.781258072246631574e-01
-3.748426778405410942e-01 -9.713492909809704479e-01
-1.425494209024304459e-01 -1.005049015081810770e+00
1.944000859857529240e-01 -1.067508344512137386e+00
2.016842626354496681e-01 -1.014484357740916831e+00
2.611246819435328881e-01 -9.893440960777741822e-01
6.411636064961049319e-01 -8.695022335883588749e-01
7.549141704875658165e-01 -8.063380204139884988e-01
7.035595304715814846e-01 -7.673972893582289290e-01
7.919064571844673939e-01 -6.809420915611243963e-01
8.346968353545073382e-01 -5.929149612419234439e-01
9.886965829162865926e-01 -4.490012679264491213e-01
9.830032370892759497e-01 -2.904536331809454142e-01
1.040178455968697513e+00 8.754160415256138916e-02
1.017611641883517049e+00 2.534062542649727079e-01
9.554438136575086338e-01 4.060677713490351559e-01
8.746209554953481291e-01 5.658328909866203738e-01
7.906256671888780563e-01 7.010593012157387838e-01
6.998136488312244330e-01 8.027153613775940277e-01
5.911156704172502163e-01 8.730793021800241638e-01
4.478478034410648401e-01 9.332568033533606977e-01
3.411884626583785995e-01 1.009668154883023750e+00
1.911337291668991911e-01 1.029806711731260815e+00
6.239951471135812139e-02 1.055383726051849491e+00
-1.181072122472092562e-01 1.029224245708430852e+00
-2.765099092448897733e-01 1.017221545050985609e+00
-4.171083911534919642e-01 9.682553054939515569e-01
-5.557653883042722454e-01 8.720736527793316872e-01
-7.014156255245511673e-01 7.806903078000112517e-01
-8.167341599231541238e-01 6.549593488554443788e-01
-9.081823288796129212e-01 5.095207831795939279e-01
-9.884068291040476462e-01 3.480865041955968353e-01
-1.029298768051475355e+00 1.771702753486437132e-01
-1.041538683231476137e+00 -9.209708035446477177e-04
-1.030817204133802178e+00 -1.770144201139282336e-01
-9.880566101641790056e-01 -3.459373175435100922e-01
-9.054566021573007273e-01 -5.088766699346357614e-01
-8.154164506543788438e-01 -6.561171615144939517e-01
-6.912371479530603491e-01 -7.761993860519316168e-01
-5.560582335745023475e-01 -8.747977122918271231e-01
-4.154074504619370001e-01 -9.708419315829198704e-01
-2.798949539790189789e-01 -1.016710316146963500e+00
-1.016864756673681591e-01 -1.040245568965499023e+00
3.969812484212837528e-02 -1.053526703338088844e+00
1.813772032269846401e-01 -1.032914729308389568e+00
3.199031444900992671e-01 -1.001545529235360554e+00
4.508192717419830520e-01 -9.528085229641488629e-01
5.846358681478803776e-01 -8.692205230439182806e-01
6.899253927216253413e-01 -7.815165067392538800e-01
8.027175821229637354e-01 -6.817606310334836106e-01
8.848210583123643502e-01 -5.591540217178528893e-01
9.725729272202793263e-01 -4.165910490744362815e-01
1.004140476115397806e+00 -2.639806994084318292e-01
1.040383663272782089e+00 -8.739773088929719824e-02
9.649387587774490571e-01 3.732018334168515916e-01
8.654732722117293164e-01 5.488311077631212731e-01
8.877222407461506926e-01 5.585979460124349538e-01
7.994243890237766603e-01 6.868261759087475049e-01
6.605905931629004746e-01 7.543126709646870154e-01
3.566058100819053944e-01 1.027405302621186678e+00
1.732622537380328065e-01 1.000942015265090301e+00
-3.791316673494655176e-01 1.004573566064196344e+00
-3.895878784394515848e-01 1.005310780437517426e+00
-4.296903346429021275e-01 9.114676814764716140e-01
-6.059951035791454332e-01 8.085981160045901950e-01
-8.319454277211357773e-01 6.637867963012278327e-01
-8.094768235134238710e-01 6.472637405343183437e-01
-9.013801432270031055e-01 4.589595166259738401e-01
-8.993275531924108668e-01 4.484488199790801488e-01
-9.154245095101061214e-01 -5.020258491484010932e-01
-8.075511116601343797e-01 -5.992813153048959229e-01
-8.300606729954872476e-01 -6.398856302598663337e-01
-6.166679731188786651e-01 -8.146683609659456371e-01
-5.282897678048137369e-01 -9.287522397369150085e-01
-5.653400288848718924e-01 -8.509764252363116732e-01
-4.595890847408068414e-01 -9.165308077606036941e-01
-4.487750648764167183e-01 -9.286604246238281402e-01
4.576466921885791878e-02 -1.049526948323778575e+00
1.852996969644155612e-01 -1.028369495897037966e+00
3.337230652460679847e-01 -1.033117170324440615e+00
4.501977389579648325e-01 -9.557012055040512433e-01
5.462829678287867141e-01 -8.701018367902475514e-01
7.233454079344435739e-01 -7.920861401346438457e-01
8.709728066849007355e-01 -5.966257273201760469e-01
9.509264564789675633e-01 -4.228984518587762809e-01
1.009081441239119359e+00 -2.426589468985563547e-01
1.042729988175921330e+00 8.005509908203677083e-02
1.018289281030033244e+00 2.382888735751829690e-01
9.699807361987742294e-01 3.909373588360106622e-01
8.989366650285646188e-01 5.344226037488626346e-01
8.068222803334720306e-01 6.653814357854357375e-01
6.957966652182171474e-01 7.807442909183518465e-01
5.684621660001537569e-01 8.778071616003172428e-01
4.278033954172364983e-01 9.542949764092207854e-01
2.771172758350832210e-01 1.008414925794007821e+00
1.199357621810672042e-01 1.038898484011040457e+00
-4.005694408563485742e-02 1.045031142292377924e+00
-1.991107495336611188e-01 1.026669156325705545e+00
-3.534975677710639475e-01 9.842429154991839679e-01
-4.995987026305581113e-01 9.187468549389733452e-01
-6.339896673406167915e-01 8.317161467927182139e-01
-7.535204515929354585e-01 7.251907170955584903e-01
-8.553893551142350837e-01 6.016674316328287642e-01
-9.372086571460551685e-01 4.640415715222934168e-01
-9.970605825955947132e-01 3.155389702786732253e-01
-1.033542253058455485e+00 1.596404030101505889e-01
-1.045798569099418707e+00 1.288213174475112960e-15
-1.033542253058456151e+00 -1.596404030101480631e-01
-9.970605825955952684e-01 -3.155389702786707273e-01
-9.372086571460562787e-01 -4.640415715222910853e-01
-8.553893551142366380e-01 -6.016674316328267658e-01
-7.535204515929371238e-01 -7.251907170955566029e-01
-6.339896673406184568e-01 -8.317161467927165486e-01
-4.995987026305597767e-01 -9.187468549389724570e-01
-3.534975677710653352e-01 -9.842429154991834128e-01
-1.991107495336620348e-01 -1.026669156325705101e+00
-4.005694408563534314e-02 -1.045031142292377924e+00
1.199357621810671903e-01 -1.038898484011040457e+00
2.771172758350837206e-01 -1.008414925794007599e+00
4.278033954172373310e-01 -9.542949764092205633e-01
5.684621660001548671e-01 -8.778071616003165767e-01
6.957966652182182576e-01 -7.807442909183508473e-01
8.068222803334732518e-01 -6.653814357854342942e-01
8.989366650285658400e-01 -5.344226037488606362e-01
9.699807361987752286e-01 -3.909373588360082197e-01
1.018289281030033910e+00 -2.382888735751800546e-01
1.042729988175921774e+00 -8.005509908203524427e-02
9.425980209397688547e-01 4.443489331077888349e-01
8.749282946335275035e-01 5.565966933626896873e-01
8.819225211489030158e-01 5.335453406186790870e-01
9.030545923137771602e-01 5.577125572862792202e-01
8.165474636706951950e-01 6.883908753618300791e-01
5.798310013958568598e-01 8.997536761754774126e-01
4.231059935910518321e-01 9.458753482096324827e-01
1.240118111528489275e-01 1.032663459471748979e+00
1.255574136304124233e-01 1.030002961889597834e+00
-5.155547885693255727e-01 9.158318306478464566e-01
-5.044265427236305221e-01 9.587164385022628466e-01
-5.268749430548160806e-01 8.889218276089549953e-01
-4.981245927792414818e-01 9.211483438691461245e-01
-8.635415222999410778e-01 5.899319900307208320e-01
-8.380270600551562588e-01 5.800458325686834726e-01
-9.554257888419308564e-01 4.449582495945478833e-01
-9.348577069225300074e-01 4.374655925080882524e-01
-9.776363467823311337e-01 -4.925079775901908818e-01
-8.935805268562557746e-01 -6.049882031522481052e-01
-8.627275632875461842e-01 -5.686518020905014792e-01
-6.436401719577765634e-01 -8.600002209176208501e-01
-4.736482716075564592e-01 -9.555482052507410229e-01
-5.264549922422347983e-01 -9.472219324201427426e-01
-3.143841525419591165e-03 -1.044248308353872057e+00
2.698854926760816397e-01 -9.832584468048993775e-01
7.805112495459889388e-01 -6.606348218647121184e-01
9.093086660635686380e-01 -5.689167474567309313e-01
8.986934090047882240e-01 -5.521860247181226145e-01
9.857735343127197458e-01 -4.022586173026841405e-01
9.735989766947149571e-01 -3.920388794083671802e-01
1.031587300719108313e+00 -2.705457063187052813e-01
