1.006410971677822452e+00 -1.540406606371069742e-01
9.895140050262551945e-01 -1.691131745733387426e-01
9.673685728305092546e-01 -1.831142938500973649e-01
9.393026834557716143e-01 -1.943883935419710163e-01
9.051225035978394118e-01 -2.006708700074510965e-01
8.655193532674521073e-01 -1.991806118182570806e-01
8.225201509725477145e-01 -1.869796627725284210e-01
7.797987883103907336e-01 -1.616998474193032109e-01
7.425269972061654400e-01 -1.225954668320594632e-01
7.164436005779339922e-01 -7.155505420807201089e-02
7.061981994263910600e-01 -1.339543533825275287e-02
7.136619670884081224e-01 4.507429339406954227e-02
7.371782639140844751e-01 9.698648645385055111e-02
7.722405828186862387e-01 1.373852264982511340e-01
8.131683895042818300e-01 1.642235665556723845e-01
8.547824089277655801e-01 1.781079569639199001e-01
8.933632468925578607e-01 1.813058031105385659e-01
9.268285609549553605e-01 1.766919440715430945e-01
9.544356181983748577e-01 1.670087273000442352e-01
9.763321092401056056e-01 1.544960140569462403e-01
1.024195050978631283e+00 -1.682982378499842113e-01
1.007477514857739731e+00 -1.887237925779583492e-01
9.841181216923411412e-01 -2.091901229359294234e-01
9.526947567611587786e-01 -2.277890254754377786e-01
9.121829161693240096e-01 -2.415739160589613910e-01
8.625926656215732180e-01 -2.464866769728191187e-01
8.058342164119958184e-01 -2.376608099387900186e-01
7.466138181305836952e-01 -2.104039900436438515e-01
6.927571765499052070e-01 -1.620908595811570985e-01
6.539732501809614185e-01 -9.449995508662795141e-02
6.386954149011114801e-01 -1.500638745668145604e-02
6.504295899305034823e-01 6.495393397530968560e-02
6.860507541197424786e-01 1.338096389046283807e-01
7.373171388182786501e-01 1.839157375809163941e-01
7.945612137544788567e-01 2.132393053257375382e-01
8.498999083930547371e-01 2.241993825443788779e-01
8.985184502213461322e-01 2.213662680803318850e-01
9.384111182261944961e-01 2.095538075654546084e-01
9.694990264441560868e-01 1.927933587476671207e-01
9.927499652569715671e-01 1.740125473473486117e-01
1.047218631257711419e+00 -1.812011557381332238e-01
1.032183034983804593e+00 -2.079841340241195269e-01
1.009157960149051902e+00 -2.367086307154075975e-01
9.756092437913710391e-01 -2.654627178682922306e-01
9.290605614852820437e-01 -2.907259383786064966e-01
8.679714758892109749e-01 -3.069183138132292044e-01
7.931684967901753147e-01 -3.063463362192020423e-01
7.098719935168440465e-01 -2.801062495046280354e-01
6.296342856471781602e-01 -2.211451596968971867e-01
5.694179619363315403e-01 -1.296570089726029051e-01
5.454337112040219537e-01 -1.712395584256334521e-02
5.646832075614649504e-01 9.619731672473597062e-02
6.209536227186651658e-01 1.896348679770853973e-01
6.981690020752906456e-01 2.511439456464714670e-01
7.793679225936034349e-01 2.801858445787475116e-01
8.528402965249082257e-01 2.834704053832282078e-01
9.131098217818700569e-01 2.697827314255030196e-01
9.592075917339504265e-01 2.468260929524679348e-01
9.926067716612507752e-01 2.201805237389664605e-01
1.015722652027943873e+00 1.933496356188046938e-01
1.076048069146131603e+00 -1.910431391149369773e-01
1.064938018108831930e+00 -2.248594760747812948e-01
1.044936531162290461e+00 -2.635241111819164317e-01
1.012038539750157451e+00 -3.056713918657538720e-01
9.614877244140229706e-01 -3.476930230448371795e-01
8.888284199513063477e-01 -3.825936446473954256e-01
7.918399638047102229e-01 -3.991843411315409984e-01
6.738704410093454555e-01 -3.816099643399573083e-01
5.505044014539017816e-01 -3.126274357252323277e-01
4.521575985371262263e-01 -1.860545977266822582e-01
4.123013730998259518e-01 -2.007574438806270997e-02
4.452985686924804121e-01 1.475414153386964133e-01
5.389449423465042521e-01 2.772988848449625676e-01
6.587130850619260514e-01 3.498490424118505526e-01
7.746642417679083792e-01 3.713909279603266889e-01
8.707068774134163469e-01 3.581859258411013158e-01
9.428354327430010784e-01 3.262023501417465887e-01
9.931730544212302725e-01 2.868355610139072809e-01
1.026182164819982034e+00 2.470933844228895282e-01
1.046553101124525487e+00 2.105370653358762389e-01
1.110710724350014722e+00 -1.955490629819678361e-01
1.106549206059139756e+00 -2.362873489131378513e-01
1.093726352770612031e+00 -2.858327121871950816e-01
1.066628066936732289e+00 -3.443700006674910163e-01
1.017255093716333825e+00 -4.093850852351343939e-01
9.363104884097750436e-01 -4.731072166574623594e-01
8.161170433724707074e-01 -5.210739526899099694e-01
6.509458775873655512e-01 -5.295652866656741509e-01
4.559440042292450812e-01 -4.567651856027721280e-01
2.856526975488482556e-01 -2.778412550721001684e-01
2.182676171960795664e-01 -2.382238142107469953e-02
2.733386363457235291e-01 2.340136798467798429e-01
4.414781591842786845e-01 4.173249103084741840e-01
6.299966334538287249e-01 4.945666156773387279e-01
7.945755199484083597e-01 4.923717474157607299e-01
9.147382978999352154e-01 4.481273259511886486e-01
9.954866047678589958e-01 3.875636654430514305e-01
1.044880976469813039e+00 3.255992276938801666e-01
1.072462534805436185e+00 2.698310061318798247e-01
1.086058318357452368e+00 2.226024867903686477e-01
1.150283041656969818e+00 -1.920256829472499760e-01
1.156618035369257891e+00 -2.381673044726895228e-01
1.156616957687152114e+00 -2.976802802998990138e-01
1.143716160011902794e+00 -3.738151783397070105e-01
1.105916519088526728e+00 -4.678118965248723171e-01
1.025178211519368610e+00 -5.724430952320758159e-01
8.846749103586004637e-01 -6.651430139107672446e-01
6.717300034621476179e-01 -7.264083734621862298e-01
3.075389338472112044e-01 -5.524542018125128129e-01
4.509924611938775918e-02 -1.497165899105387665e-01
1.836202775340134430e-02 -2.560869584902570467e-02
8.933115182184758751e-03 1.440328983009467323e-01
3.099359844412241660e-01 5.005240908633107333e-01
6.343413971318967448e-01 6.922372679889221558e-01
8.597749244869823393e-01 6.358922289967550157e-01
1.000211687851955134e+00 5.475108685005802833e-01
1.080519609022572158e+00 4.455550509336880793e-01
1.118410289958945425e+00 3.555081059924392051e-01
1.132508141887481612e+00 2.826499817362360112e-01
1.133899188218016052e+00 2.255714875896974725e-01
1.192489915992911431e+00 -1.778219335854824834e-01
1.212610768371176206e+00 -2.258777592709604320e-01
1.231624440575027624e+00 -2.910633359908043616e-01
1.244579892522703624e+00 -3.808032928677307360e-01
1.238052147931184566e+00 -5.054785924390370333e-01
1.171822021652443313e+00 -6.654666603654968426e-01
9.752982935025744649e-01 -7.938046168282864024e-01
2.320610584545079735e-01 -1.024418047805863985e-01
-1.481916441155806119e-02 -2.090573171587506440e-02
-2.785412060112402166e-02 8.877488563496793716e-04
-3.263415659363944066e-02 4.350058711312450202e-04
-3.108234647024810116e-02 -1.379791052104895055e-03
-1.413066617756086885e-02 1.638345242435335081e-02
7.779938988322632198e-03 7.065101270187224003e-03
9.154240115904610509e-01 7.757318446777761167e-01
1.151951033128688628e+00 6.362813859673077665e-01
1.205715747732847287e+00 4.816804404585695032e-01
1.214528235548437696e+00 3.643534743510867813e-01
1.204547508466328187e+00 2.779604760379217332e-01
1.187726607500556586e+00 2.149352967831696937e-01
1.233589413454591499e+00 -1.511358549674834961e-01
1.269203819492440877e+00 -1.956926432933081550e-01
1.311271440789404830e+00 -2.581134141186747222e-01
1.359980844315380466e+00 -3.476333765168293510e-01
1.412490475202729412e+00 -4.800332409754992646e-01
1.423103896181343586e+00 -6.842432403408982289e-01
2.592025575317347119e-01 -1.574292536052801506e-01
1.553981938384407790e-02 -9.246174727552958217e-03
-2.052817762382419531e-02 4.641393774691970897e-03
-2.839129653810168463e-02 2.273600661163166503e-03
-3.077339171219439784e-02 2.987372348236475971e-05
-2.971430415826481486e-02 -2.548284776959230946e-03
-2.362003179119831486e-02 -4.491259027243899027e-03
1.001743121403997350e-02 8.973446335502899274e-03
9.523257368615700713e-02 9.188187301855887945e-02
1.334895435576666678e+00 6.274221656296030680e-01
1.364920181683743072e+00 4.694173675911805788e-01
1.326452531556006065e+00 3.368021327805714726e-01
1.282038741199942766e+00 2.479282085777256839e-01
1.242500055056250385e+00 1.868654274246295266e-01
1.268855562155632999e+00 -1.118994678509732665e-01
1.318935876635619620e+00 -1.467609098293087833e-01
1.382864412727692782e+00 -1.961229420686549929e-01
1.465251450517155440e+00 -2.662232864600877491e-01
1.566578985761857501e+00 -3.643041845257499745e-01
1.179966577885100953e+00 -3.616254603820912017e-01
3.489667023216402875e-02 -3.597964355256610958e-02
-8.848117270406352652e-03 -9.297662051263033689e-03
-2.157956764162249907e-02 -1.832910296500900316e-04
-2.702740925906776948e-02 8.400488655047055886e-04
-2.861074922210660176e-02 -3.760347300218449748e-04
-2.776458271990578375e-02 -2.050605980549458085e-03
-2.391968801402688527e-02 -2.514163666478275161e-03
-1.448521222996712599e-02 2.019054772037787160e-03
4.806415375107286891e-02 1.207907321500445441e-02
1.222196560484346550e+00 5.635023667494198918e-01
1.542045483643154080e+00 3.639429361355528414e-01
1.434205638742314104e+00 2.587283318097699514e-01
1.352617430345729455e+00 1.883055822552592851e-01
1.290732157954073145e+00 1.401605329086019758e-01
1.293603512366833241e+00 -6.220539494320220797e-02
1.354386593279964135e+00 -8.203805505521355457e-02
1.434202267082361093e+00 -1.103322705317033581e-01
1.537383105229640723e+00 -1.499082193321465972e-01
1.647673572201866055e+00 -1.915769237811781878e-01
2.359409649630919703e-01 -1.525289877206681410e-02
-4.184889316203033172e-03 -2.475538344202221630e-02
-2.176715733321343826e-02 -8.364126680470151953e-03
-2.548177932294504178e-02 -1.734108507609466443e-03
-2.707202445006773317e-02 9.049600201760377161e-05
-2.734228958927720221e-02 -3.678664969505550928e-04
-2.656024620246444368e-02 -1.561284477707980400e-03
-2.487152518912433274e-02 -2.192879258798297037e-03
-2.228853518849022164e-02 4.128011758353089533e-04
-1.245733885070682279e-02 2.111164438988510916e-02
3.269408878964058518e-01 1.834762589789651344e-03
1.620864196563926996e+00 1.764686896885581113e-01
1.505002444354270885e+00 1.387681227649117943e-01
1.401764631054492005e+00 1.039261000869218243e-01
1.324533051949789320e+00 7.789000272884871734e-02
1.304212035003823988e+00 -6.059200129415742708e-03
1.369999029150757330e+00 -7.318425851638998836e-03
1.458154598963647075e+00 -9.329426723512224129e-03
1.575479780402853081e+00 -1.547646174335115532e-02
1.695564856825988898e+00 -4.442458637679669309e-02
6.802347269361040671e-02 -1.216915721189337773e-01
-2.134870018224765270e-02 -1.050628148456689281e-02
-2.898084366375794016e-02 -2.276119949050636748e-03
-2.825865507595319570e-02 4.779464955673162763e-04
-2.724225256838038942e-02 1.147780251145869013e-03
-2.623604688125818346e-02 3.142922626133407742e-04
-2.512720084560402314e-02 -1.264736974333768860e-03
-2.369261385222692223e-02 -3.321901722768694221e-03
-2.190323671101606501e-02 -7.763624747794128922e-03
-1.898238812009937770e-02 -2.714834368567453637e-02
3.124239519200342485e-01 -1.197785386311323030e-01
1.638432261865858663e+00 -1.368277372382209478e-02
1.529847912333969662e+00 5.471217790846694129e-03
1.421509773275928756e+00 7.012539129884753919e-03
1.338534837200654692e+00 6.700104065053835711e-03
1.298845894751334828e+00 5.117280794619150086e-02
1.362452419330130171e+00 6.957461484699667409e-02
1.448334549931943771e+00 9.745741271091290514e-02
1.568589889706285989e+00 1.410685411664536204e-01
1.731242036313587640e+00 2.115334301644300474e-01
1.721824323348117303e-01 -6.232165667193534375e-02
-1.970679929239993466e-02 1.430960585982687938e-02
-2.941825532381647790e-02 5.334812396029509074e-03
-2.877754429743306641e-02 4.708945891168658804e-03
-2.637674691031766105e-02 3.687036877205451813e-03
-2.448219512707322520e-02 1.671930470828231511e-03
-2.303412590128312010e-02 -6.911830167097288147e-04
-2.082557521380201671e-02 -3.058275997322446038e-03
-1.288587317840650392e-02 -6.407022940122519827e-03
2.733965476801741845e-02 -1.919976368831566305e-02
2.508621536153851639e-01 -3.208739921892189706e-02
1.627007187194435822e+00 -1.315248599722917966e-01
1.518396710505491187e+00 -1.259940459104447186e-01
1.410916317049708546e+00 -9.140791779140400308e-02
1.330790915463244017e+00 -6.562699963511553491e-02
1.278117125667721954e+00 1.035836868038719771e-01
1.332136769993994996e+00 1.390061113589635688e-01
1.402122497388670785e+00 1.926911176513357304e-01
1.491847300502650464e+00 2.796089823758873827e-01
1.573519820373501688e+00 4.282607283804584775e-01
6.267055997009890467e-01 1.781703864846939656e-01
1.829107847731048508e-02 1.217285371395426807e-03
-2.996328649949586698e-02 9.998271419305870822e-03
-2.765888429459295583e-02 1.071463246536508152e-02
-2.368861303835900767e-02 7.383647537795301474e-03
-2.140994985972588527e-02 3.348264640545761499e-03
-2.029640462199444606e-02 -3.515555432700989691e-04
-1.904198255550826335e-02 -2.908315497565094887e-03
-1.544636312254044075e-02 -1.758526700925688857e-03
2.925020718243798168e-02 1.863015056647432388e-02
4.300172954641895418e-01 -4.662762302832135219e-02
1.590481677460435117e+00 -4.140581943891996630e-01
1.461676462841531743e+00 -2.610823605527001767e-01
1.369174770753641024e+00 -1.815045331711018228e-01
1.302040412873038289e+00 -1.311243241170867435e-01
1.245275477822825883e+00 1.461788900904670285e-01
1.284757697805446464e+00 1.926551381677010788e-01
1.331191536986207069e+00 2.603818727421347567e-01
1.381629011364515769e+00 3.617218047986514584e-01
1.423409027248568881e+00 5.122794162132815465e-01
1.278172685579209711e+00 6.790262737964569695e-01
-1.020890662748352717e-01 1.991137276330379180e-02
-2.576719664341475813e-02 2.252314239866493040e-02
-2.241754215008495699e-02 2.196944737849204632e-02
-1.783887866876110451e-02 1.148470951963687092e-02
-1.620501714671762628e-02 4.962115852971254841e-03
-1.607609661390729805e-02 -1.522737895437165090e-03
-1.616712769583417142e-02 -5.175194423098217200e-03
-2.277189315791350310e-03 -2.098110394562757719e-02
-2.137791582713099992e-02 -1.982917781532589352e-01
1.082022164152720567e+00 -6.205907043626113229e-01
1.369284813084353791e+00 -5.195462750995227807e-01
1.349453818876816813e+00 -3.503616704873069310e-01
1.300868537674588765e+00 -2.477235998546856166e-01
1.256625618739511951e+00 -1.820177229791553053e-01
1.205209079722201482e+00 1.762306771103161473e-01
1.228869750972555464e+00 2.269770309119145679e-01
1.251756733721646198e+00 2.973377667254761825e-01
1.267840252926305533e+00 3.957571573973472923e-01
1.261409237944691730e+00 5.321800862127412657e-01
1.170811840596280851e+00 6.796505242614769848e-01
7.511091142712278401e-01 2.063130998141593508e-01
-2.593414497761292736e-01 -3.000972305722271471e-02
1.166786865484104041e-02 2.934290896978053453e-02
-1.230759953892657244e-02 1.038724711790839361e-02
-7.662852897142302666e-03 9.243920535191928189e-03
-6.275071785558639093e-03 -5.006078856948370515e-03
-1.141369476220122081e-02 -1.640344224581591348e-03
-6.796280145447086696e-02 1.072267405244198279e-01
4.767522459905437771e-01 -3.587550291291852211e-01
1.191629613357908513e+00 -6.343963691392562332e-01
1.221019930585049984e+00 -5.041367267378205064e-01
1.234534659783387278e+00 -3.776974878593342133e-01
1.222957196142617775e+00 -2.819339911198359694e-01
1.202692827908290463e+00 -2.139399224792759568e-01
1.162885293637647699e+00 1.935019813451921422e-01
1.172264996996605912e+00 2.429211088663874030e-01
1.175724356453231589e+00 3.079521557294206957e-01
1.166693375337024552e+00 3.930158080023948841e-01
1.134424139221812400e+00 5.011804860597668387e-01
1.071751751936655950e+00 6.329702519323887611e-01
8.962856902769522627e-01 8.845601205289610469e-01
3.533680882393941403e-01 4.546116043709869103e-01
-1.954108094364992443e-01 -1.425334024728591720e-01
-1.125251694184981055e-02 -1.341680119235480473e-01
3.872042200019354397e-03 -3.444001771656960559e-02
-5.795148304310160370e-02 2.271911987132024802e-01
1.600960410130203293e-01 2.163662594740800582e-01
4.518400678161227368e-01 -3.449082404120973333e-01
7.458469546121593297e-01 -7.158921377455362833e-01
1.018384661719564654e+00 -6.079860528830138833e-01
1.101930356514708720e+00 -4.725928630768860828e-01
1.137847616645364379e+00 -3.701441825159568211e-01
1.149787566544715478e+00 -2.895705778101897998e-01
1.148458567861454505e+00 -2.277317850047011483e-01
1.122266985262978523e+00 1.995561948052126944e-01
1.120371794822352385e+00 2.439550683513425078e-01
1.109910171870474027e+00 2.993392053239163353e-01
1.084968023880388266e+00 3.673176805673494805e-01
1.036678279679401626e+00 4.485901347009324525e-01
9.497275506718638738e-01 5.439718641259372323e-01
7.811324010230924486e-01 6.399638413355535072e-01
5.360842365361140338e-01 6.410342916673084090e-01
2.812735107933961309e-01 4.898755445776697970e-01
7.430842029053641440e-02 3.527009645222828338e-01
-3.878871725541799265e-02 3.135294348776584278e-02
-4.262869550548220587e-02 -2.222777910947215663e-01
2.378717225487680942e-01 -5.918349158132096832e-01
6.820553688202801723e-01 -5.702708889005159154e-01
7.936351443401412631e-01 -5.382613075415698667e-01
9.239222876935482276e-01 -4.914742587696985243e-01
1.011800473352268970e+00 -4.151746621814589311e-01
1.061567562155483202e+00 -3.419652953926122230e-01
1.087736361922981843e+00 -2.790484954415850538e-01
1.099360741295174471e+00 -2.272238920742153390e-01
1.085932064053904966e+00 1.968588443171404023e-01
1.076149546209135277e+00 2.343635449957814920e-01
1.057080284932199188e+00 2.785741498710048170e-01
1.023956598904776083e+00 3.290968024216467391e-01
9.700732221258223653e-01 3.837523824228794567e-01
8.859602848721936930e-01 4.362475533944187855e-01
7.619905182218866813e-01 4.690239944190399690e-01
6.063932326522603056e-01 4.519672877693337032e-01
4.526234743172374841e-01 3.681098349956501981e-01
3.243766210752241363e-01 2.280318298016451029e-01
2.539594245311627141e-01 2.417721058175859722e-02
2.841906878260602731e-01 -2.031626570414740707e-01
4.464144529871449940e-01 -3.920366927787055644e-01
6.454113330949473593e-01 -4.343915946342880030e-01
7.767893314572504870e-01 -4.225644604064593413e-01
8.782696843502280082e-01 -3.945896009198579524e-01
9.545013322680828693e-01 -3.515937849300798668e-01
1.006168486186880262e+00 -3.036032018856338333e-01
1.038808292421657953e+00 -2.576939327043326067e-01
1.058046288636644849e+00 -2.168790232942119367e-01
1.055158236107687220e+00 1.880582404271757824e-01
1.040586815848303370e+00 2.182092546429981184e-01
1.017311561060592062e+00 2.516367346587622400e-01
9.820112489050480953e-01 2.868039666979438351e-01
9.307558846155994381e-01 3.203073992987670593e-01
8.598220001134437851e-01 3.455110278795547885e-01
7.686344048914484084e-01 3.512352752289160662e-01
6.648593502300559344e-01 3.241703735561285438e-01
5.650385820794046055e-01 2.565147726793298721e-01
4.880233867042393925e-01 1.495498458579208600e-01
4.541022435846131522e-01 1.223672258711283774e-02
4.803929864266498484e-01 -1.318495570065336686e-01
5.654342534389433794e-01 -2.465332215360493961e-01
6.749698767850587089e-01 -3.057999118867238408e-01
7.741347390208930257e-01 -3.222348270550601246e-01
8.559615306998091810e-01 -3.146537918538216960e-01
9.205419983310791920e-01 -2.925515172139370179e-01
9.685883581319632007e-01 -2.629646019326581374e-01
1.002441825629376559e+00 -2.312551970355136710e-01
1.025172732937018605e+00 -2.006840254927322320e-01
1.030219075096057146e+00 1.755301729495295504e-01
1.013325400009774668e+00 1.987982477941452331e-01
9.889951604853042255e-01 2.229319138443441872e-01
9.552281012819707762e-01 2.460358023883357781e-01
9.101931104625760049e-01 2.648425872105186762e-01
8.530993052519253439e-01 2.742967775638294192e-01
7.857665890762377536e-01 2.677448082587097211e-01
7.142250213028766836e-01 2.386656363685801807e-01
6.485752094143593105e-01 1.836616588398265471e-01
6.007981000238649116e-01 1.045984257347815083e-01
5.821973303748828599e-01 9.547850725749353062e-03
5.994107800230930039e-01 -8.684005172696851460e-02
6.489790109960247300e-01 -1.669327143935356306e-01
7.165257910778022321e-01 -2.192522926271667227e-01
7.862387235963064214e-01 -2.444919386433475061e-01
8.493112697035343217e-01 -2.495472421791322670e-01
9.023850686174506031e-01 -2.410571638829361873e-01
9.446418956989166560e-01 -2.243714265314378231e-01
9.767487953629849784e-01 -2.036291911189369586e-01
1.000185967018298872e+00 -1.817177948500270368e-01
