-1.000000000000000000e+01 0.000000000000000000e+00
1.030055953318262496e+00 9.146274053728957465e-02
1.081307773679405670e+00 1.450062010901908005e-01
9.620350711280756251e-01 3.653198841907958627e-01
8.692430541743325634e-01 5.326702837363022081e-01
7.650314729560356852e-01 7.811797367064400310e-01
8.116576791401592939e-01 6.525489285523539129e-01
8.303188642008466624e-01 7.007790660428174778e-01
9.254650450782301307e-01 6.064715665367899078e-01
7.792492493171844226e-01 8.320142668495308369e-01
6.678978939735414899e-01 8.371649118350016350e-01
9.667759268677855733e-01 5.090468383166611988e-01
1.014774713844153853e+00 8.196042346361659403e-01
9.762826837991357420e-01 7.811081380046615008e-01
-9.437027915781372178e-02 1.002299229441041106e+00
6.191810475834972349e-01 9.469854618674945490e-01
4.428289668412691005e-01 9.387486975632454156e-01
1.574945487446295367e-01 1.014009214444488993e+00
-2.068363055840491127e-01 1.007251525906056155e+00
-5.499857992280960950e-01 8.732830201389867320e-01
-9.343303366644244434e-01 4.329722405031007360e-01
-1.008651043821249038e+00 -4.641676527295583027e-03
-9.191955381675075420e-01 -4.788192412081509475e-01
-4.576196564338539940e-01 -9.088755027531698616e-01
7.032762666872356683e-02 -1.034970941020314283e+00
-1.150137108607448277e-01 -1.054790311321094354e+00
2.359804719541570284e-01 -9.978003571445142050e-01
6.729516136895917766e-01 -9.194508177390312564e-01
3.441545459196584944e-01 -9.759930567112579114e-01
6.299514905069434345e-01 -8.918327699928301211e-01
7.577204805251863684e-01 -8.488537088014296295e-01
9.553448618933216840e-01 -6.788705188212948993e-01
1.154488133536648364e+00 -3.183230550719539642e-01
1.146699434631423431e+00 -3.604304812063341967e-01
9.235039589088067657e-01 -5.527992196086871646e-01
6.737052210068960045e-01 -7.479120132188973313e-01
1.020303025999081736e+00 -4.182054293281828872e-01
1.134572371931381829e+00 -2.378711838572235282e-01
8.757861583738909550e-01 -4.958526704963396314e-01
9.292079591460954413e-01 -3.758465453482704999e-01
1.038859854504722957e+00 -1.643629572542031070e-01
1.033465213772563285e+00 -7.317282597582040748e-02
1.066072516160499584e+00 1.229899558585874075e-01
1.063982879232217016e+00 1.353934726973005098e-01
9.563986417748447932e-01 3.536169862318390700e-01
9.565545201397750441e-01 3.757102772898766596e-01
9.008390147325950892e-01 4.389398401464284505e-01
1.052240225546903662e+00 2.605168624937671540e-01
7.529366242092184747e-01 7.040681907946080287e-01
1.164504650974168332e+00 8.643722712519570639e-02
8.539730605842671407e-01 5.288140400563192678e-01
1.078024446338908593e+00 2.869878613990745619e-01
8.626455116954631075e-01 5.194436310618467667e-01
8.751299364849396412e-01 4.980294284376915459e-01
8.597246288878364062e-01 5.150463736203746423e-01
7.670905692086436023e-01 7.022302482023237147e-01
9.193354918783963603e-01 7.278958795645441571e-01
1.080105115042716779e+00 2.562502789134509240e-01
1.076948245356762479e+00 2.509610982430101056e-01
9.262151252005771385e-01 7.168773756884461168e-01
1.051390556735732673e+00 2.971078795198170419e-01
1.075165505806577437e+00 2.694056830299515481e-01
8.645097924563631686e-01 7.377712476782721795e-01
7.299510960567946460e-01 7.042225490576680125e-01
8.703033572525862294e-01 7.543229267708553287e-01
8.697495663553633793e-01 7.286371782840000977e-01
8.782041217752762918e-01 7.615009484274903873e-01
7.575956024035550573e-01 6.592451937528777117e-01
7.803585035868479958e-01 7.889114314706028308e-01
7.705502631335434671e-01 6.562366745408784174e-01
6.831610985412722714e-01 7.812250081876648267e-01
8.370739610699488020e-01 8.140341497866470100e-01
8.152481861933115193e-01 6.878082324352199350e-01
8.259594569031024625e-01 8.143250968127391243e-01
8.144705655181636583e-01 7.822508289563888662e-01
7.881083324913236154e-01 7.717917720793818770e-01
7.805251266619342987e-01 6.647764992753733004e-01
7.722403428232478273e-01 7.070172880223857259e-01
7.840486548476760520e-01 7.847435442153564145e-01
1.103323862772487063e+00 2.186686256097162551e-01
8.865200088989284577e-01 5.847471146182704471e-01
8.484761642050464570e-01 7.440856116098123474e-01
8.530589990280055268e-01 7.903236382148763894e-01
8.432527694164571042e-01 7.833708240490647734e-01
8.366822684770829355e-01 7.243943787937553447e-01
9.358007855081432735e-01 5.897850985069448271e-01
8.416625692723187502e-01 6.918467883171842692e-01
7.873375307632755060e-01 7.280803578466783499e-01
9.085117616318625355e-01 4.645041522804962963e-01
8.440510452154060816e-01 7.423645450050119221e-01
9.823073414068741460e-01 4.145429852984506836e-01
9.968804394766694887e-01 3.844435409156907180e-01
8.523290644957171036e-01 7.877388644948013496e-01
8.712721915330250422e-01 8.774630317560011550e-01
8.459840247470887808e-01 7.757078511982263835e-01
8.996872088342494633e-01 7.080565305315514868e-01
1.146705717012984183e+00 2.018851783938956646e-01
9.432834248107201391e-01 6.844518401179275902e-01
1.154554418201249266e+00 2.128078720652284705e-01
9.471488943392133431e-01 6.437193974185330125e-01
4.027967320790788452e-01 9.153262666906021305e-01
8.770862978826297063e-01 7.005876677710972666e-01
9.227850452743607823e-01 6.344932217970734589e-01
8.377510841001539754e-01 7.594997737709839880e-01
1.065908419186472056e+00 3.645845696298702920e-01
8.420571771794261862e-01 8.643062909836436436e-01
9.211610911721896944e-01 6.126027664108584236e-01
9.242574837218512362e-01 6.464445321148882817e-01
9.434157629198890449e-01 6.376775597631753056e-01
9.049779907196502382e-01 5.195968192050233192e-01
8.003056788507330044e-01 8.384565559835207571e-01
7.429102952237424118e-01 7.766899558574706930e-01
7.420253339697856498e-01 7.744832084890357349e-01
1.037132982325860375e+00 3.927176848455272706e-01
7.775954323077285402e-01 8.368284776741666819e-01
7.625476919831233324e-01 8.247585811192806871e-01
4.195350334522560121e-01 9.315990043218117522e-01
8.657134672177155821e-01 7.106389560227107660e-01
1.022937709679701213e+00 4.019082461465874889e-01
1.038545389307333977e+00 3.862884027418159727e-01
8.650249660303681587e-01 7.002017823335148217e-01
7.338274599238369111e-01 8.816094316986606838e-01
7.418429652692107856e-01 7.833175429180596616e-01
1.030413601281275016e+00 4.059515527929493661e-01
8.725735212384114758e-01 9.153178153687854257e-01
7.415924575935247676e-01 7.917292294244319129e-01
7.691298079969018930e-01 8.241608234885339224e-01
7.066956544672363671e-01 7.706473423272589551e-01
9.024084469595755609e-01 5.036885876574174192e-01
8.738464290061812578e-01 8.874751740435375957e-01
7.248156597385357891e-01 8.775644574769724260e-01
5.910309724838724854e-01 8.703435510462220748e-01
6.544208792824433019e-01 8.461261193167788353e-01
9.192246097547285277e-01 6.938359267527898222e-01
1.043902824360080750e+00 8.436734391274764988e-01
7.183790017206237444e-01 8.271478310570659076e-01
4.971400240801052695e-01 8.966114295763727426e-01
4.151319983891111898e-01 9.206253988689547807e-01
9.258240295513344709e-01 6.715182297663513378e-01
1.029767597560803827e+00 3.503373321598862167e-01
1.017987418811034050e+00 7.101795317446383260e-01
5.210906558699954783e-01 8.828873586090403291e-01
6.680929489114773023e-01 8.320649878981002390e-01
1.003154553288435835e+00 7.358859500926551167e-01
6.694935080641505332e-01 8.434860381530986384e-01
5.030650557690979907e-01 8.918897901076033863e-01
7.720199738286347424e-01 8.860380291065607095e-01
7.358938169212663194e-01 8.734087714990138585e-01
9.487888659843644046e-01 5.730607418820068411e-01
1.046801601593199127e+00 4.010547786769934619e-01
9.743504257210463537e-01 7.073053015274600730e-01
8.979100673472552030e-01 6.450289406265128367e-01
6.621700042517132401e-01 8.276137160010247351e-01
6.521061956180020935e-01 8.352730577958606961e-01
9.970457076536206609e-01 6.635503742107171643e-01
9.588050117644486559e-01 5.976000923040178936e-01
9.738967800691040733e-01 5.044934686926163536e-01
8.989849818618667054e-01 6.361784596754804788e-01
9.386137495196988922e-01 5.367210980402283838e-01
9.369351772257779043e-01 7.217911938246341919e-01
8.715787080315970936e-01 6.685699272861564957e-01
9.145052626327253575e-01 5.730748125551278216e-01
7.226492230321817090e-01 8.680672325144681567e-01
4.763357431869188474e-01 9.041994048658983374e-01
1.032936164587950900e+00 6.896489223935119428e-01
6.248405545064541489e-01 8.501353425186636281e-01
1.060459756104591644e+00 7.630530402748245677e-01
9.567292089690196955e-01 7.639443767533429241e-01
9.140483103240191198e-01 8.379745444132482568e-01
1.039668789040407715e+00 7.133037471298571131e-01
9.057312922902505115e-01 8.050287747361313251e-01
9.040771696834376536e-01 8.327978356777183677e-01
1.010445157590955878e+00 8.131696731936176592e-01
1.044669272093230239e+00 6.949797475594338136e-01
9.619578079796037295e-01 7.471204966448625751e-01
1.066867813943895182e+00 6.930313623328594463e-01
9.563335725520974995e-01 5.981881778024412677e-01
9.415987755094699097e-01 8.050331093786794456e-01
9.918817012682153988e-01 8.036532833253239305e-01
9.672301157819691575e-01 7.388749931151336048e-01
9.460568366857837752e-01 8.174446361700051789e-01
9.521845048057077099e-01 5.551645579393684748e-01
1.042041588575197908e+00 6.912485793090182851e-01
9.360197913467800390e-01 8.316485248213014714e-01
1.003191684983427923e+00 8.044383561492236545e-01
1.028527499024646463e+00 7.654789082785785626e-01
1.026125824110659890e+00 8.416606265194125358e-01
1.062835992681634423e+00 7.903892051704221045e-01
9.523872302816656088e-01 8.652072058543500699e-01
9.959753558392819839e-01 7.856367634003705858e-01
8.377549506401235080e-01 9.041883148441457463e-01
1.059308136154906599e+00 7.151641237064945145e-01
6.635174707928708226e-01 8.617485479734589005e-01
9.964546512744886231e-01 7.655289365821549286e-01
1.051973115726996033e+00 7.400408117112168283e-01
9.582650483599841618e-01 5.015256261067098098e-01
1.327233734869169915e-02 1.003855338377898310e+00
9.428286765328576235e-01 8.595558604366958511e-01
1.014059770388223036e+00 7.800650269221466315e-01
9.105558513615920058e-01 7.690624418423936959e-01
7.877996830345859181e-01 8.905719544123751330e-01
7.685182149028417786e-01 8.792609112978099217e-01
1.026953913808964503e+00 8.307698590254904980e-01
5.830828083820649432e-01 9.926899149683642287e-01
6.333956348649879553e-01 9.592130544686483518e-01
6.147771904931789155e-01 9.384898706044909611e-01
-1.162967515408827590e-01 9.933861287209840851e-01
-1.554350605878311031e-01 9.901854600687851615e-01
4.055860591016908351e-02 1.001406142522636600e+00
-1.003001630403883571e-01 1.001205442229371911e+00
1.127903519244886216e-01 1.003337887836612152e+00
1.050579210001748365e+00 7.906185326534076463e-01
1.473397927943044527e-01 9.954088487805741181e-01
1.791679926870617945e-02 1.000509747642941649e+00
5.971736393913957414e-02 1.000082633923331299e+00
-1.674257505809089441e-01 9.883857486904243927e-01
3.618487317016076676e-02 1.001156119766476227e+00
-1.519075783652408529e-01 9.907757280159823488e-01
-1.650336457844782667e-01 9.891513823610562639e-01
-6.517502784756178114e-02 1.004386046053759252e+00
2.784866428393366622e-01 9.649537078412148139e-01
4.962616675504509800e-01 9.843154714521277215e-01
6.110780776010662496e-01 9.587420370225249178e-01
3.323938650144069862e-01 1.060828474958544820e+00
5.296796029228403313e-01 9.749424045514722970e-01
3.148012589595348687e-01 9.665320691791315921e-01
6.193831376912370956e-01 9.742532561302316152e-01
-1.533200899544663875e-01 9.913586897499149231e-01
5.347400048012426188e-01 9.632826799772216120e-01
6.140056664123785257e-01 9.577634181005236780e-01
2.867441274368228710e-01 9.628213553794380264e-01
6.291657909793842984e-01 9.413679723648344932e-01
9.970314077911803796e-01 6.277171813893372976e-01
1.005035176511828388e+00 6.195802747827577894e-01
9.729310169722625856e-01 6.777784479388165861e-01
3.436270782548515590e-01 9.494565329204350812e-01
5.498692965137556010e-01 9.193890493064187375e-01
3.513834451803989900e-01 9.533629657377711286e-01
4.922237647304886221e-01 9.585966465785384916e-01
5.511137203332561185e-01 9.388572005083726246e-01
3.839956223856539341e-01 1.016934499508104439e+00
4.488510536727414180e-01 9.644767471671984449e-01
2.839396691003757134e-01 1.022787224799811767e+00
6.030402277608228889e-01 9.093857567042156198e-01
4.697248736693711013e-01 9.771091729078658084e-01
6.736409028482776007e-01 9.311915369442167467e-01
4.461473565522897089e-01 9.611889374395599095e-01
3.116922046337395891e-01 1.012394661482268088e+00
3.711181440767564177e-01 9.515981631385622697e-01
4.221613695285445500e-01 9.791583114976081248e-01
3.131560896016400419e-01 1.050266276108959396e+00
2.488617904102115863e-01 1.040838346274360671e+00
2.919538336755225227e-01 1.027983515966279571e+00
-2.195643306646687942e-01 1.027702964976967115e+00
-2.307421796199924102e-01 1.030021662918498837e+00
3.565019143898643939e-01 1.051203783972341155e+00
3.360671357804647097e-01 1.041269034901310953e+00
-1.618363336247043982e-01 1.049996548867108137e+00
-4.869801062232675254e-02 1.062628303750145609e+00
-2.407713940060834112e-01 9.799277668234813721e-01
1.793891055034371740e-01 1.013100234028844193e+00
2.572267415707782945e-01 1.033888126714203493e+00
-2.344251837532131677e-01 9.870822886804749841e-01
-2.306725515391443992e-01 9.959450836819295771e-01
-1.064846907416873018e-01 1.058402635910483891e+00
-1.980481404186982264e-01 1.000228350984880388e+00
-4.619093225138813374e-01 9.074986833574543166e-01
-5.284603508796593685e-01 9.060103569448504368e-01
4.996685055117208729e-01 1.014248694865536926e+00
-1.179719566232658862e-01 1.014072984410463674e+00
-6.028430333415462083e-01 8.176156063645739769e-01
-5.653133037051349952e-01 8.560730119931223570e-01
-6.163838893586304213e-01 8.117739313763618902e-01
-4.912997088153295278e-01 9.044178027939607789e-01
-5.529130575787732926e-01 8.640930575176988260e-01
-6.140522319445904653e-01 8.197159994275852180e-01
-5.017086570539105450e-01 9.107140720933520894e-01
-9.480948487572889993e-01 3.784027428080081190e-01
-9.421735617994096978e-01 4.064222252734760454e-01
-9.285812853993553606e-01 4.450364197579841363e-01
-9.172485602469166999e-01 -4.769666219638494242e-01
-8.989330531848833683e-01 -4.929713948189297645e-01
-9.405736183549934237e-01 -4.472023165132361089e-01
-4.911021493432316531e-01 -9.050219457851492733e-01
-4.896457916435595359e-01 -9.098471551643675381e-01
-6.622529850632622450e-01 -7.906374769578773387e-01
-4.904496765984554529e-01 -9.037477938191391669e-01
-2.244128650432118954e-01 -1.048752289775666924e+00
-4.823174116723052962e-01 -9.180525011577885808e-01
-3.831123814520048104e-02 -1.011648735219659700e+00
-1.513679429721003222e-01 -1.004971179644358781e+00
-3.989088862420647058e-02 -1.082224503659492409e+00
9.881052614868755801e-02 -1.055126491124034782e+00
-1.676105571767332325e-01 -1.002974913947333402e+00
-1.005797560047542727e-01 -1.045016334338031871e+00
-4.514018920163220816e-02 -1.041730564619142152e+00
-6.043394976754527803e-02 -1.002419710342105752e+00
1.897882967244141350e-01 -1.051244206522489399e+00
1.339973736296472540e-01 -1.057864159855647301e+00
-3.032971667991098963e-01 -9.975124590852586515e-01
-8.927407110093195028e-04 -1.029826909103563226e+00
-1.057589212978121140e-01 -1.017019101912853607e+00
-5.410912423283007616e-02 -1.019142313587137805e+00
-3.232528372940861039e-01 -9.641714525531054347e-01
-3.017061900046389411e-01 -9.781154074670717069e-01
5.231816151804298543e-02 -1.047181205634208689e+00
-2.331444319151469713e-01 -1.033459146089036995e+00
1.459031049649848755e-01 -1.057018488250734967e+00
-9.915903796951894278e-02 -9.957697034814266823e-01
-2.972802697679041151e-01 -9.879975426652018999e-01
8.758783832638001865e-01 -8.941194744144830286e-01
3.044956565037920115e-01 -1.028072782567216903e+00
2.827834722055448946e-01 -1.026930751759632665e+00
3.303046317167734891e-01 -1.046278069549034795e+00
3.521277837338586125e-01 -1.043739884422153263e+00
2.573942583066174961e-01 -1.050164637410263335e+00
2.451433112867186792e-01 -9.984890288139883774e-01
5.724627001888816791e-01 -9.926409286658665065e-01
3.678998329332604511e-01 -1.041868300535861103e+00
7.881441210296792343e-01 -8.999988879073886894e-01
2.319634380971573873e-01 -9.988835932540861551e-01
5.765454012591071375e-01 -9.882445351817371604e-01
4.148565946653853809e-01 -9.692593784143628266e-01
3.300170683672353222e-01 -1.024227641851627402e+00
5.668226016364792397e-01 -9.048792455850049876e-01
4.046876247080998246e-01 -1.024640631013385539e+00
4.004042351060169702e-01 -1.021865829046250118e+00
5.499053469113041048e-01 -9.882513103903773910e-01
5.941430292394490609e-01 -9.960900216404308116e-01
5.382345106648392941e-01 -9.905884868523807674e-01
3.825933276864648680e-01 -9.929724051685272501e-01
6.355080009538339736e-01 -9.329858115317281042e-01
3.710183223077279102e-01 -9.953771723551620987e-01
5.528548600952449821e-01 -9.975003627647915927e-01
5.967323723090918186e-01 -9.651303159365326456e-01
6.361886110452580345e-01 -9.289627636377437714e-01
6.715868545639210874e-01 -9.294076714408957551e-01
4.036109965969672531e-01 -1.023339452228455349e+00
1.022557923409966429e+00 -7.297572995484384872e-01
3.786367328405668697e-01 -1.022726628546308358e+00
3.351927199911661770e-01 -9.861596512979245999e-01
3.764441356372326686e-01 -9.612289993523797094e-01
3.746746229194067301e-01 -9.646634063205552501e-01
5.720274151248146977e-01 -9.492532205225072683e-01
3.863156729131740907e-01 -9.462675457132457835e-01
8.014162458345340800e-01 -8.818093875731438658e-01
1.337965108188632901e-01 -9.989454004305128310e-01
5.722055168003362668e-01 -9.546439552638626980e-01
8.733845461006324307e-01 -8.360700965435621246e-01
3.283681011966066432e-01 -1.000727271705769361e+00
8.536145519606124221e-01 -8.648851973131910231e-01
7.775008355217445377e-01 -8.840790887504673679e-01
8.920230565996606353e-01 -8.137460593265990472e-01
5.113157359621266496e-01 -9.587819981864302843e-01
8.890069710802009917e-01 -8.112111345400264684e-01
9.655518814491443891e-01 -5.773075444761369690e-01
1.899591854079525910e-01 -9.928593766404657517e-01
4.257997349840946244e-01 -9.629436888977727094e-01
1.058262959269408388e+00 -6.639239617147806305e-01
7.289883948003362812e-01 -8.827443904000538133e-01
1.914668725025063245e-01 -9.901006784701968932e-01
6.534074844847318486e-01 -8.845008203135162894e-01
5.966032881399665477e-01 -9.484508451078564883e-01
9.455522701966708743e-01 -6.668586794160517028e-01
4.943999816121799618e-01 -9.677245463194458219e-01
5.883613085388758046e-01 -9.307130303869391996e-01
6.369569017693155200e-01 -8.964610252462852369e-01
4.262702113867078424e-01 -9.513782311417006143e-01
3.470422868311044962e-01 -9.878692873115942907e-01
1.061596171999946048e+00 -6.772698330778411657e-01
6.679491282291541987e-01 -8.753516565511991754e-01
4.406044230572612741e-01 -9.566418540203192045e-01
9.694761503976606631e-01 -7.832105040024359699e-01
1.002247529024091977e+00 -7.681231372812059588e-01
6.278959173958577056e-01 -8.917609923654227222e-01
1.038438415591498520e+00 -5.653159995214811495e-01
8.187217903503350991e-01 -8.587153798319883125e-01
7.813291387861489579e-01 -8.567842623488073350e-01
8.137541087227968539e-01 -8.476426333719193629e-01
7.726234326847843947e-01 -8.553770388568275873e-01
9.923864654602397861e-01 -6.189087528874528399e-01
2.609382451086884047e-01 -9.755654627570042869e-01
9.186562072921548028e-01 -7.291905291641426201e-01
2.565835817453469003e-01 -9.793656959181523680e-01
7.455050568603808214e-01 -8.401603698532003062e-01
6.919459447824997111e-01 -7.968718354259280989e-01
9.446199651597028124e-01 -7.099454313196885691e-01
8.778911268865517981e-01 -7.473202570315242710e-01
6.001310763995559849e-01 -9.336478304053243971e-01
7.489436844437518115e-01 -8.460067375399537015e-01
6.874498356342603200e-01 -8.021281368730687200e-01
2.152542077880585381e-01 -1.006841843831129291e+00
7.384165687204771178e-01 -8.469433990789367872e-01
7.562445212501385239e-01 -8.345582894926880657e-01
8.258027361845717840e-01 -7.951362057824729046e-01
5.425747603807101749e-01 -9.388588063216740665e-01
1.085495939096314810e+00 -5.434473445585955576e-01
9.119290625804949979e-01 -7.686414869077281553e-01
8.217239450957474212e-01 -8.004146779505361131e-01
1.017997547203745023e+00 -5.751404083853237648e-01
8.309494669285101276e-01 -7.643920788753819640e-01
1.008023054580156952e+00 -5.621501038899819891e-01
8.279711685190268566e-01 -7.621772390607659542e-01
1.058016942162514296e+00 -5.237378619539556635e-01
5.468930808056027271e-01 -9.140689504014204436e-01
8.114249358818548252e-01 -7.910923164661474161e-01
5.054750131735575858e-01 -9.533621652029118376e-01
1.005795420715521082e+00 -5.507197794242205680e-01
7.898390124469824025e-01 -7.950726884691931007e-01
5.451175846795983659e-01 -9.460120738616814018e-01
9.807588955409162201e-01 -6.767496510298833812e-01
1.017394912222247871e+00 -5.436338535500860880e-01
1.142723586825719062e+00 -3.216020517799847989e-01
5.221322892442268326e-01 -8.682774082017074013e-01
1.099595327443227522e+00 -4.178815061070051962e-01
9.977029208802314919e-01 -5.925742821092477852e-01
6.638957207880119560e-01 -8.028957755971903865e-01
1.164093142246670709e+00 -3.557167191872654399e-01
5.291934185079510966e-01 -8.656446195122807774e-01
9.011301276529455340e-01 -5.292042598291765154e-01
5.227297764615943532e-01 -8.723347905623095588e-01
1.116711113416247292e+00 -3.183789699026278730e-01
6.348051997484149833e-01 -8.506020689278878111e-01
8.805142247437637293e-01 -5.664143555698084587e-01
1.119039176884204068e+00 -3.957938042040320403e-01
1.061695917061581396e+00 -5.763792597398041950e-01
1.003804667002222706e+00 -6.150289025194691783e-01
8.302030977211429796e-01 -8.526448756401799889e-01
5.222980796396554659e-01 -8.681183350206759242e-01
1.080192020515521323e+00 -5.542443677866469853e-01
1.163371191588679521e+00 -3.206814868579193067e-01
8.660221370524887607e-01 -6.978766922768891989e-01
8.346539710782837629e-01 -8.506300380101592395e-01
8.646368937784476572e-01 -7.771028412782121642e-01
5.399120485306692085e-01 -8.663434087910739656e-01
1.109563072466627442e+00 -3.937021282745742923e-01
8.469902468885133207e-01 -8.283537776583584922e-01
9.572304074777930882e-01 -5.097597095818786617e-01
8.462000988407328839e-01 -8.228201393868815883e-01
7.913712908951335834e-01 -7.599715273355523992e-01
9.094624674932044739e-01 -6.947374491628878213e-01
8.795486321111511963e-01 -6.950265445819633348e-01
9.272670176731413472e-01 -6.963545229929534175e-01
1.125947069421481039e+00 -3.681313531466278710e-01
8.883656481595600951e-01 -5.650940994357591673e-01
8.490093172185274595e-01 -8.037012779938323970e-01
8.187151188871349961e-01 -8.392936814106294330e-01
8.646416430898992145e-01 -8.112186486487270587e-01
9.172122653253506064e-01 -6.897808602256036981e-01
9.777626680685287397e-01 -6.675117064854495519e-01
9.216234206463390644e-01 -6.108783182588174432e-01
9.191108810835141307e-01 -6.749428665031205199e-01
1.048194229405239764e+00 -4.690887552191773668e-01
9.081368200345723007e-01 -5.650516608155369269e-01
8.518259816944601104e-01 -6.946343185661023600e-01
9.114933228370296625e-01 -5.655195902948012554e-01
9.874204979604040977e-01 -5.106006368811877305e-01
8.673634682443273070e-01 -8.225638119916230950e-01
9.137299287410167725e-01 -6.497639108834575294e-01
9.038200859600743486e-01 -6.210090791665400234e-01
1.045970557510871757e+00 -2.923542914618644795e-01
7.477533320672915540e-01 -7.874939662009793340e-01
9.224746758220011555e-01 -5.474654641215077611e-01
9.441345589633949320e-01 -5.348409279473363975e-01
8.919500577910850492e-01 -6.469197693277287664e-01
9.917320671299576507e-01 -4.307780032211160348e-01
7.278263419682579061e-01 -6.908334224017381731e-01
7.075188653632373814e-01 -7.571251852395722848e-01
8.130443573626428000e-01 -7.089683558385482254e-01
7.244567264282480989e-01 -7.439561208593985508e-01
7.127497955715883515e-01 -7.032950350822414487e-01
6.394409764778252736e-01 -7.749966138117533321e-01
9.086723205645451662e-01 -6.402313359172647766e-01
7.134760205016219548e-01 -7.030035495563660142e-01
1.001874900571196658e+00 -4.428399772718032423e-01
6.686736117937404078e-01 -7.508121205421441902e-01
7.477988858198147959e-01 -7.499651216168021772e-01
6.723049531520727262e-01 -7.465613639355250797e-01
9.420741004555693854e-01 -5.223631860141405570e-01
7.459034566662302579e-01 -6.993979010642471517e-01
1.064242521748413051e+00 -4.043519576725355114e-01
6.197823731242948497e-01 -8.424348380346771137e-01
7.999476230779103414e-01 -7.048471191600513830e-01
1.087155398369188175e+00 -3.225914540400500186e-01
1.075617153231633871e+00 -3.240847871793791080e-01
8.684713664297583069e-01 -6.403280714051352573e-01
8.251184338513144478e-01 -7.169188330075625393e-01
6.394932134543047653e-01 -8.041511053364429618e-01
8.042566730557999533e-01 -7.082045198619553172e-01
1.067597203971456521e+00 -3.456302028389641734e-01
1.053666530123930523e+00 -3.722335455111829838e-01
9.569087636172156630e-01 -4.634671885396908220e-01
1.010551439294272935e+00 -3.910482349881778674e-01
1.046498153004798537e+00 -4.406074760904504783e-01
8.665116207546113003e-01 -6.054454369102642008e-01
9.483427431444475530e-01 -3.739381395072586267e-01
1.146176055752463618e+00 -2.123675549925993222e-01
1.031332869375673367e+00 -3.563681798601318063e-01
1.077397773827422522e+00 -2.820894559684539171e-01
1.124120962010168867e+00 -2.301170500896999871e-01
1.110851774860070584e+00 -3.401655328872628670e-01
1.075902270177707454e+00 -2.837293331867077884e-01
1.135185282214214553e+00 -2.213820091947182600e-01
1.121321827372045554e+00 -2.313660770101536313e-01
1.091979968524636746e+00 -3.046765577649331869e-01
8.524600944513058831e-01 -5.318911674027100300e-01
1.013081087206431974e+00 -4.737624326854516510e-01
8.440374178752584333e-01 -5.705934162570632795e-01
8.861364503251930591e-01 -4.847897502141455539e-01
1.051445880257906529e+00 -4.386592519778448329e-01
8.591007847467180270e-01 -5.198176991548548731e-01
1.089443704514835742e+00 -3.058024448738930756e-01
7.901276472506656434e-01 -6.221014247631363459e-01
9.849574893536459097e-01 -3.273219860107171031e-01
9.263747852357235857e-01 -4.760558163562104150e-01
1.024690149273144169e+00 -4.722744683909294583e-01
1.062890277214002532e+00 -8.450505349641812547e-02
9.343581508262145396e-01 -3.580025531279360518e-01
1.030353389262274710e+00 1.160532236031626974e-01
1.086411361492980232e+00 1.419948071107854926e-01
9.404726100223580465e-01 3.495991194579025629e-01
9.381152544517267211e-01 4.390587525297724447e-01
7.734559864811754171e-01 7.301653399774812314e-01
6.749934114842628397e-01 7.691426097685765129e-01
8.504769886275362900e-01 8.712048736850740438e-01
1.055888056820474930e+00 3.529476451804071657e-01
9.167064187771853945e-01 8.959978998332182032e-01
8.124430590303646227e-01 8.340938341365514708e-01
9.261747527825161530e-01 7.906276806196758100e-01
9.270310456376495978e-01 8.737960919351778211e-01
-1.173327763704715421e-01 9.933935246298307709e-01
6.438614929546592203e-01 9.678399610235053352e-01
6.726589365394171072e-01 9.495361006487017530e-01
6.576840238948957751e-01 9.292370717269826663e-01
2.582488482261316443e-01 1.047723302373032572e+00
-2.411035281231413974e-01 9.919364957874405864e-01
-5.778812037987347550e-01 8.203852834231515345e-01
-9.465559734149875393e-01 4.024768776519290769e-01
-1.009621102865276621e+00 -1.007593861755045998e-03
-9.304307712866121127e-01 -4.529669626569204355e-01
-6.612547389008254228e-01 -7.631027872836788628e-01
-2.273700550905152773e-02 -1.016246769226596847e+00
-3.051119964997337508e-01 -9.935127145601576615e-01
4.682215056140236475e-01 -9.847369400298486841e-01
4.056054917658318826e-01 -9.975203894477547850e-01
8.610890177101453435e-01 -8.444659537977754482e-01
1.040792206499866257e+00 -7.214695308473071389e-01
4.880526477430642829e-01 -9.690818339732518716e-01
6.649840523387282598e-01 -7.867850879356754756e-01
9.844270539179467150e-01 -6.208892288074662202e-01
5.308775442302979819e-01 -8.503159086606955075e-01
8.296312131952631175e-01 -8.278819027140125186e-01
9.178567382495468330e-01 -5.890336120746696436e-01
6.357453294661229437e-01 -7.981053905893572553e-01
1.044827540039858338e+00 -3.657204773948363741e-01
8.768577440876856866e-01 -4.872333993759893067e-01
9.343327326784578446e-01 -3.632299910139699661e-01
1.046209664827274288e+00 -1.533803969879777296e-01
1.035285159465042959e+00 -9.269126283271698907e-02
1.079691045321134135e+00 1.064532639609728354e-01
1.069841241161909373e+00 1.829245450172715948e-01
9.723854390017629967e-01 3.374164545554969585e-01
8.979107936498815778e-01 4.495417701654177978e-01
8.968948254382109742e-01 4.539769874535605765e-01
8.262169913702033242e-01 7.749606245545360705e-01
8.653573445675660780e-01 7.914653710375019191e-01
6.872441530744745064e-01 7.371407548291154521e-01
6.809923384404920066e-01 7.577297629209177598e-01
1.126041175622260360e+00 2.672545366625256325e-01
8.148104961784312650e-01 7.943639312530273999e-01
9.094905550687200080e-01 7.082041424245351102e-01
9.301440915971532775e-01 6.239611214185998289e-01
5.657318269488148532e-01 8.555274735097400107e-01
8.910378512799080886e-01 8.614268322568056080e-01
1.068667544887043963e+00 7.995761975169625169e-01
9.217089602736183718e-01 9.022744656193147916e-01
1.020217724897811706e+00 4.328110824811693402e-01
8.570772223786419231e-01 8.302172961881970625e-01
9.992697817127113025e-01 4.381805965520682022e-01
9.138400777351679549e-01 5.960654523690658291e-01
9.541140954841003108e-01 5.587692059725173355e-01
9.212010834546070503e-01 7.975673257055911902e-01
4.858688087387867394e-01 1.003887842413202058e+00
9.343678541311797314e-01 8.672172602539167663e-01
2.788131937025514206e-01 9.627219163917211109e-01
6.448302825101014379e-01 9.769519493827433232e-01
6.636690391698024660e-02 9.998070056699918107e-01
1.424384115824250951e-01 1.017907096580950022e+00
6.235203797859053543e-01 9.234309639604674214e-01
8.819587944371892752e-01 8.159172246371924064e-01
-1.112621087092429545e-01 1.003574104340431372e+00
6.603173221734238707e-01 9.156334045890430762e-01
2.986975493092496881e-01 9.562012959972162607e-01
2.658273888094279599e-02 1.000266782857394343e+00
5.982706596185021208e-01 9.261098602104265165e-01
-1.829726362587850985e-02 1.022263020608723316e+00
-5.347565838963073137e-01 8.603572792407156999e-01
8.082023126706486260e-02 -1.050270038347034474e+00
-3.117784982262558624e-01 -9.983381509977413693e-01
2.111248162282067520e-01 -9.805255332446175531e-01
2.917089807307258753e-01 -1.033803629426028214e+00
1.011451503800803176e+00 -6.671359517048999210e-01
4.250743788655808042e-01 -9.877002872029569946e-01
3.276507421612515070e-01 -1.018735110873700389e+00
1.017082976769053460e+00 -7.270011300177503522e-01
2.450337915198088912e-01 -1.017959096064524838e+00
1.028324487331714554e+00 -6.658889974658728228e-01
1.902072785945005673e-01 -9.916131796632835504e-01
1.020027708056760130e+00 -7.088164546088731033e-01
1.891862724252296735e-01 -9.918865970615516892e-01
9.490239735469946369e-01 -6.289971363756848843e-01
6.937159678076193492e-01 -8.373611582305958700e-01
8.453026248351583893e-01 -7.862942123374413450e-01
1.058317550743469670e+00 -5.332925462348997447e-01
1.074923038186579971e+00 -5.274816799904382680e-01
9.820877841463199198e-01 -5.609184514663196897e-01
1.000031252727307418e+00 -5.821941129498592327e-01
1.102066850531425057e+00 -5.280116390879867616e-01
8.684910563901939717e-01 -6.634637108918821635e-01
6.227429688433357979e-01 -8.566706470142924079e-01
3.542186037160690582e-01 -9.486931283628488032e-01
8.657055069856424145e-01 -7.876505170864662730e-01
8.816972910776884609e-01 -7.569929429127421061e-01
1.175385119086279628e+00 -1.785860012511278072e-01
1.127376741704557039e+00 -3.986879826740455379e-01
8.926952651880053491e-01 -7.814654308993235210e-01
1.029506024129841268e+00 -4.236040465327109983e-01
6.379701320386331753e-01 -8.353944764302196901e-01
6.354131448825180994e-01 -8.003706379897663759e-01
1.039645218734455367e+00 -3.524763534638898355e-01
1.075139018535467672e+00 -3.841978736987769483e-01
8.742673108349524602e-01 -4.978676157105646483e-01
9.184259972059464205e-01 -4.724660831486393042e-01
1.097106294822239869e+00 -3.805963624113343768e-01
1.038979424789520989e+00 -1.481720377329605598e-01
1.027768113046443776e+00 1.297719291267857289e-01
1.051024341687705421e+00 2.138543172409741178e-01
9.662427781910819524e-01 3.357595278617162560e-01
9.251924227279464397e-01 4.455433775489615611e-01
8.268230735233526030e-01 7.758338008900018679e-01
8.488821506919039805e-01 6.694131143507329185e-01
9.240803040956705461e-01 6.297281291235842238e-01
9.251772823073609597e-01 6.665515815489928553e-01
8.731767128356425767e-01 9.109834028340555445e-01
8.943068045051718595e-01 6.338601802526635520e-01
9.984671962282508639e-01 8.021863418469484808e-01
1.030627977671612294e+00 7.584044951161895698e-01
-1.647967490193681939e-01 9.881082892412911267e-01
6.244667286225092928e-01 9.474218737953165048e-01
4.875281850631604796e-01 9.658205006160764938e-01
2.673662329290367179e-01 1.021704966121467661e+00
-9.376278413797335676e-02 1.039766526695520055e+00
-5.191973097678765914e-01 8.869785652045957258e-01
-4.324170627394899324e-01 9.246541030395423189e-01
-9.475143824737527476e-01 3.743716304928929595e-01
-1.010951455715160874e+00 3.773466596659223390e-03
-9.022565559174645644e-01 -4.728296442576210845e-01
-5.498734918387708781e-01 -8.650911732366258766e-01
-7.276502338298881933e-02 -1.074722182111287339e+00
-3.656297902586620741e-02 -1.020628506157714721e+00
-2.868186843983392964e-01 -1.000117783724010945e+00
5.871734954189605782e-01 -9.882481432779119945e-01
6.106106794334709154e-01 -9.847870694252234269e-01
3.374713491961788825e-01 -9.901119427059367206e-01
5.982191325487554723e-01 -9.209280391553700262e-01
9.315175723022118826e-01 -6.351792113746306256e-01
9.417505071767857672e-01 -7.028365714102291495e-01
5.256986742509597299e-01 -8.669457152803531352e-01
6.602346935393790250e-01 -8.435067659532835549e-01
9.130461850894527887e-01 -6.500347008140543448e-01
6.785630175465192648e-01 -7.440728477632270188e-01
1.015535380940606691e+00 -3.866743465167987726e-01
1.088810414658102799e+00 -2.690513634864959425e-01
1.079291378162203330e+00 -4.070380841458187127e-01
1.049387326068660586e+00 -1.780832128622095722e-01
1.031311262287825548e+00 -1.065621650823487115e-01
6.711148640327477821e-01 8.443785912982146868e-01
8.771364862567013754e-01 6.719729348027685401e-01
9.714105493065599006e-01 4.962183439831860388e-01
9.897076790246838174e-01 6.537044549501066504e-01
1.054787913136431277e+00 7.384331753133545062e-01
1.038751161417207802e+00 8.065226688239768293e-01
8.234284198095281893e-02 1.003828501576701893e+00
-4.854006959033781154e-02 9.993541557999915392e-01
1.592619272561922317e-01 1.021078831129244247e+00
5.106386599172194618e-01 9.835094812523778041e-01
5.426623924495708184e-01 9.327489990614589166e-01
5.125783064346248197e-02 1.004631930464971790e+00
4.377952714318235627e-01 1.007454598570866944e+00
-3.565047997788938633e-02 1.044981064871896681e+00
1.428434964274917784e-01 9.979155839274425066e-01
1.652632179693937775e-01 1.005920968586076159e+00
-9.763060920531331510e-02 1.033291034812269693e+00
-5.255328432008538400e-03 1.018738987715896771e+00
-5.463717669467668125e-01 8.509342535487550707e-01
-7.653712063530376808e-01 6.733416773489451224e-01
-9.099290096982665110e-01 -4.621196767413567330e-01
-6.227643789221268822e-01 -7.875270524582501652e-01
-4.429450823698247719e-01 -9.287177820084832058e-01
-6.688336000013291871e-01 -7.639837490903902406e-01
-2.004866567911033348e-01 -1.034948691886419248e+00
-1.097972576554839402e-01 -1.004159556123406460e+00
-1.043786917644394796e-01 -1.052787785535773235e+00
4.949582146855150966e-01 -1.015261979708964368e+00
-2.351400052856348066e-01 -9.900467085605462181e-01
2.588046493555484773e-01 -1.000874389820654464e+00
8.807544218465759300e-01 -8.522495975709150073e-01
6.713606488031388375e-01 -9.163921437488585786e-01
1.018908688840600929e+00 -7.365426972874294931e-01
8.172144628949092882e-01 -9.018283597964878995e-01
3.517280740880541212e-01 -9.603572441111952740e-01
9.765051573610106228e-01 -7.357120362358852139e-01
4.760737430064561071e-01 -9.597365691525692188e-01
2.042660276020057120e-01 -9.884732223704008058e-01
9.490950238039895792e-01 -6.275141771365561061e-01
1.364764856844482566e-01 -9.968325955567673979e-01
7.967221198766438750e-01 -7.980199298887408199e-01
1.043938789693998448e+00 -5.777707223574940487e-01
1.024744373863389235e+00 1.368609314510676467e-01
1.017480822773515037e+00 2.962730591044592798e-01
1.040728508401343788e+00 3.149052279666882947e-01
7.982417623234761006e-01 7.368903455880317921e-01
7.674067016011326681e-01 7.444096140961012908e-01
8.585345689032068961e-01 6.692046072797480649e-01
9.094673935069964577e-01 7.046040442036538565e-01
4.072113757589239103e-01 9.171348313243777861e-01
9.399260706548504540e-01 5.296565379166588983e-01
9.358474463477548522e-01 7.776248177103911585e-01
9.296031705733585060e-01 8.715174103420194607e-01
4.989898293837678467e-01 9.937341835594745154e-01
5.393132765827219899e-01 9.673121108792690492e-01
4.827528070935073190e-01 1.011816580877631599e+00
3.346519134480239188e-01 9.548357992343765588e-01
2.186933195707369271e-01 1.034479951359064120e+00
-2.084164455384009962e-01 9.958524922589212514e-01
-4.709431272325617646e-01 9.124778275946960893e-01
-6.723115399200008113e-01 7.596883263286932086e-01
-9.409712899310933576e-01 3.839852391407022059e-01
-1.011984763769854911e+00 2.505750493521512016e-03
-8.755271761516151274e-01 -4.944911178094951176e-01
-6.037836910069462881e-01 -8.212094945301724458e-01
-6.765216129920532673e-01 -7.470764946519994343e-01
2.627048247494064293e-01 -1.069625064437280670e+00
-3.178181028032117106e-01 -9.908323841929418396e-01
9.617153830325188002e-01 -8.052055339371854137e-01
4.049724682120988128e-01 -9.946726227000772802e-01
9.617202597684123555e-01 -7.406976113667372852e-01
9.413225597951477841e-01 -7.867338082969590474e-01
5.844680899148435582e-01 -9.583006545977326152e-01
6.870203619790875571e-01 -7.820454359561729296e-01
4.349666876261744086e-01 -9.384640399625233664e-01
5.833515692314626966e-01 -8.637356507541937845e-01
8.973590602722653076e-01 -5.501082126155827368e-01
6.951066816393944858e-01 -7.474976694054870086e-01
8.712476268565724213e-01 -5.374126895453164021e-01
1.108061445842094761e+00 -2.637139308490175083e-01
1.063162449770879148e+00 -4.363343525763593300e-01
1.010206050190372684e+00 -2.783125606018309606e-01
1.025453112322225246e+00 -1.166535247073707399e-01
8.078554232887832365e-01 6.450766259561919735e-01
6.881501675361885173e-01 7.292204919195435231e-01
7.453687228006042886e-01 8.346674148567472251e-01
9.226771295117930372e-01 5.200321033547159466e-01
1.070169823537030718e+00 7.270231820644079690e-01
6.911840063743998064e-01 8.357704493315279981e-01
8.768085965500753698e-01 8.564466811359582321e-01
5.799150534320756112e-01 9.537460000452596676e-01
1.083575232821327727e+00 7.536077534880247786e-01
6.852182670012976207e-01 9.651624708876892500e-01
5.836395245202982140e-01 9.188494703829697130e-01
5.279155975519689292e-01 9.579743936833674534e-01
2.635117721053416573e-01 1.043374453058418583e+00
-2.590162285543103904e-01 9.953598728045528476e-01
-1.483711001738615143e-01 1.006889295147595842e+00
-6.152406732642112797e-01 8.130473259246316919e-01
-7.411084532610454634e-01 7.267744913997929990e-01
-6.824072352259034080e-01 -7.986333679596382407e-01
-5.004900319624770999e-01 -9.245073074277849745e-01
-1.228400387189048926e-01 -9.962505371729136749e-01
-1.112723534158383543e-01 -1.019906699908667225e+00
1.998042907962439552e-01 -1.075057047569406565e+00
7.718463321286751500e-01 -9.054160297080037223e-01
8.749256342081309645e-01 -8.597667257903347515e-01
3.754048357589430118e-01 -9.899194105318053216e-01
8.478487104995088286e-01 -8.557743522910075118e-01
6.037507539460944539e-01 -9.367018933527296864e-01
5.597945703104281190e-01 -8.863743867859800174e-01
4.707857031902342171e-01 -9.438512559004645919e-01
8.627415901770176809e-01 -6.992401134121073447e-01
7.301345082853292201e-01 -7.839767238884364220e-01
8.723846447589479469e-01 -6.363836958548033662e-01
1.161190868668078524e+00 -2.085222564046756155e-01
8.292461155329069467e-01 -6.364093849280577642e-01
1.022255169094647309e+00 1.415543968517041229e-01
9.768284917129088640e-01 2.939003569950814909e-01
9.171501489606098678e-01 4.399278900997283803e-01
7.458852783427639688e-01 7.543722903250030809e-01
8.422761643672964649e-01 7.136218461344707720e-01
8.466454795353266505e-01 8.765778638799481826e-01
1.039127907027124875e+00 3.682534674968545030e-01
7.821102615240300704e-01 8.975124740006557023e-01
8.244229357823071869e-01 8.407371858714440815e-01
1.011484508216148104e+00 8.150130637929849931e-01
8.930669766664407483e-01 7.959832777257493941e-01
-1.634916961325282581e-01 9.898176282651991453e-01
5.316356985931085521e-01 9.652480790398003663e-01
5.391994705034728330e-01 9.327069027903301945e-01
1.690603842077035013e-01 1.005032867063751167e+00
3.367407774989459313e-01 1.038165125846951087e+00
-2.317998136942440446e-01 9.776776982255491744e-01
-5.423680263805025215e-01 8.713692945086147779e-01
-7.585546651828368736e-01 6.905519755056744868e-01
-9.121762725778924663e-01 4.390867378397729781e-01
-1.013076683789988275e+00 -1.643771422586116525e-03
-8.766878781877823767e-01 -5.285247455561028485e-01
-6.731515167079741291e-01 -8.114246146102309654e-01
-6.406982017838502852e-01 -7.720673964277989798e-01
1.911575500164273966e-01 -1.050286241201008774e+00
-1.509340127498376982e-01 -1.000462406418869188e+00
5.097176313781982548e-01 -1.009480226724361440e+00
5.483306076814579155e-01 -1.004580047670271314e+00
3.442935341574904773e-01 -1.037730674678042142e+00
1.029435623236193198e+00 -7.129445843438730890e-01
5.962571131059430929e-01 -9.217200019107903985e-01
9.764464198209424906e-01 -5.920722960157915882e-01
1.068178822366957714e+00 -5.226528252398660035e-01
8.389378618537798316e-01 -8.393893913263098527e-01
6.913746431516584190e-01 -7.550283051725592554e-01
9.221847607416701065e-01 -6.373736213631641112e-01
8.611811767054668998e-01 -7.149254226106528387e-01
1.108034377711622831e+00 -3.161681225856433075e-01
8.942652205862893222e-01 -4.502787056930165899e-01
9.566250031250111974e-01 -3.448853462930636105e-01
1.020957360029831618e+00 -1.232275667431550203e-01
7.416737945083832217e-01 7.564070564672283892e-01
7.925380363705496478e-01 7.590820078886697519e-01
6.794374214700553694e-01 7.433743486937584022e-01
6.950667092814653003e-01 7.249389886719138643e-01
7.654331939455967238e-01 8.335925096881852125e-01
9.300968561761044917e-01 6.431387104073459371e-01
4.358374028821037083e-01 9.165394198467599063e-01
6.174658707805577018e-01 8.656285835011008345e-01
9.472853359419612929e-01 8.371158911806816372e-01
-7.318377030682321482e-02 9.990232528070149831e-01
6.819332377277357304e-01 9.301297778448288645e-01
2.981329341521821719e-01 1.064720938858713550e+00
-7.932680098273019176e-02 1.060350805657453765e+00
-1.542871143287326448e-02 1.046264673935536127e+00
-1.839223098565040682e-01 1.018351541690879714e+00
-1.547194826631209941e-01 1.044132200963351575e+00
-4.812236725875075338e-01 9.013674176068723343e-01
-4.007421295833813457e-01 9.550877627754685850e-01
-6.390037091714815265e-01 -8.234938722529978605e-01
-6.642555334841339088e-01 -7.904071481837846580e-01
6.991048791658635055e-03 -1.025970222666390264e+00
-4.240993631491011412e-02 -9.993498807534130224e-01
-1.019062922617143957e-01 -1.033935886996045106e+00
-2.843463225604389022e-01 -9.912617425149775618e-01
6.324768687045786431e-01 -9.657517243269170271e-01
-1.475744025026172468e-01 -1.019341661635619678e+00
7.098419007756068266e-01 -9.131287620727656096e-01
6.602185262160018553e-01 -8.646213290278135233e-01
1.019440721116196880e+00 -5.426160241465851630e-01
5.539935999302131320e-01 -8.416426591189835049e-01
1.151627992508748921e+00 -3.569900876144453949e-01
6.608113527386267894e-01 -7.550535923511222380e-01
7.507652343015633889e-01 -7.943830299052802024e-01
7.316135490084101356e-01 -6.849338808335520001e-01
1.140652389330511607e+00 -2.260265723501206081e-01
8.953015623026137071e-01 -4.479195151896464000e-01
1.021238538452493794e+00 1.439933280331536780e-01
9.693500141925539548e-01 2.832079666322351863e-01
9.027783652228068556e-01 4.435983433519690156e-01
7.523424788857494550e-01 7.605736806503304859e-01
8.517723592323134252e-01 7.065769107769400703e-01
8.023418515783622418e-01 8.402613679308499339e-01
9.360317698702246281e-01 5.665167018757274464e-01
8.588599111917885054e-01 9.118666981505038072e-01
1.036435273697926096e+00 6.841397285210480961e-01
9.793094346082521495e-01 8.265239049710839669e-01
1.018484013411323996e+00 6.783382632082664010e-01
6.555336311495670865e-01 9.507246981405753639e-01
1.360106115652329473e-01 1.004832383349363312e+00
3.996005836319164173e-01 9.514874697728940012e-01
1.189908575619463976e-01 1.001525258552081743e+00
-1.224902689824832747e-01 1.033937944790054519e+00
1.555156104129323119e-02 1.075722414277822780e+00
-4.678148039521727863e-01 8.910681555835571199e-01
-6.870858856656717473e-01 7.588109557008386741e-01
-9.051101424768038806e-01 4.783838088396263344e-01
-1.014492790242331743e+00 -5.762232211005334677e-03
-9.196779447203505820e-01 -5.035194156216685757e-01
-6.322258056541131266e-01 -8.409890468008891506e-01
-5.064008026278573604e-01 -9.187466005687896509e-01
5.387609532968178939e-03 -1.035360223354061970e+00
1.598617783277666571e-01 -1.062894073936803352e+00
-3.193620745514806347e-01 -9.564350178689747795e-01
9.053686993833776064e-01 -8.486936286656351358e-01
3.975425268808863155e-01 -9.954373515694220353e-01
1.041049083425793720e+00 -6.473998410987412688e-01
1.013171692134524848e+00 -7.615892264115515786e-01
2.416577571581015882e-01 -9.839530986902556009e-01
9.444082407259732914e-01 -6.970602790873349219e-01
1.046661806364297620e+00 -5.760071653598429764e-01
5.295269901956343173e-01 -8.767036186972001488e-01
9.140601518680353532e-01 -5.690756648088446390e-01
7.280634949602311501e-01 -6.873426337374511919e-01
1.101327213859272680e+00 -3.013969451335245520e-01
8.935699266047265610e-01 -4.569611923715111157e-01
9.444511419150135589e-01 -3.351684555111350550e-01
1.018517504541250229e+00 -1.274881610183704606e-01
9.090491689679276455e-01 6.825466541353655270e-01
1.027251141253147981e+00 7.259928603112828505e-01
1.030989862302361004e+00 8.320317944697449564e-01
9.706826845583618191e-01 6.908187920350166156e-01
9.775995723698956974e-01 5.774462099635421231e-01
-6.482116892870420921e-02 9.999227890528062934e-01
3.808392174719618661e-01 1.002099627619059463e+00
3.258466170864125488e-01 1.025752199846195145e+00
4.303182122242641960e-01 9.717453522339088989e-01
-2.891755000312465004e-02 1.066619331865338749e+00
-1.661200637595589280e-01 1.017469903704529388e+00
-5.925775925256503429e-01 8.187318582227115504e-01
4.927329308505127431e-02 1.054292206316361558e+00
-4.254803145896994820e-01 9.081637309356884735e-01
-7.153918570086886808e-01 7.148849733711301058e-01
-6.606060482944989820e-01 -8.243856257721703384e-01
-5.029726533752963968e-01 -9.171496363184578060e-01
-5.493780309621500851e-02 -1.077176181591455784e+00
-4.088116157269225392e-02 -1.071627422769785731e+00
-1.165903534234709465e-01 -1.000364452993216080e+00
-2.950645355931719727e-01 -9.746735712391328965e-01
-3.023368159144281808e-01 -9.990403150164229862e-01
8.705910218807305645e-01 -8.807409299552759752e-01
2.935771368705432649e-01 -1.055562474225427039e+00
1.013533257352604355e+00 -6.730085849429979783e-01
9.938798776817368008e-01 -7.158028171566661602e-01
3.673487902203783628e-01 -9.553418686656539593e-01
1.473862627030938788e-01 -9.930719657443481951e-01
1.451902897006222271e-01 -9.992303366015987676e-01
1.064738821867810215e+00 -5.694516214721582203e-01
7.777112285135118208e-01 -7.431406869822382300e-01
1.022099485739589531e+00 1.440081223849382364e-01
9.693319706445320261e-01 2.856610268955193654e-01
9.011812982120900317e-01 4.615448894558606963e-01
7.552493097089647556e-01 6.650283130861371905e-01
9.131028231175074561e-01 7.231108031706861006e-01
8.453027939536685853e-01 8.244955451471808194e-01
6.411006914134929069e-01 8.323201527725835325e-01
6.872086181425817175e-01 8.478490933174572808e-01
9.690929797265200873e-01 7.495471380041723863e-01
9.122098110659516701e-01 7.899687550114489198e-01
5.258541974231937255e-01 9.797836125718978328e-01
3.742928040212048502e-01 9.717619999702787892e-01
5.302682638262047332e-01 9.407403145585142568e-01
3.362997330729662337e-01 1.016756743169514809e+00
3.390570382534828786e-01 1.039137857543097176e+00
-2.063256374967060713e-01 9.888771560833389263e-01
-6.156573275791321631e-01 8.200100162164662976e-01
-4.686214061484548776e-01 8.983173016721536230e-01
-7.705834786033033401e-01 7.341494256076175340e-01
-9.430645597868934082e-01 4.576367691979367214e-01
-1.016269133651260592e+00 -6.732172056729681525e-03
-9.602706760597772284e-01 -4.096424104061938132e-01
-7.712060172819308335e-01 -6.810792434416007568e-01
-5.436925202368347865e-01 -8.689157047121202071e-01
-1.813369387515037512e-02 -1.059152292575970877e+00
3.030640756241773648e-01 -1.070368187304620466e+00
-1.292789824223091188e-01 -1.012839360259803589e+00
6.501217878449007115e-01 -9.668969280771643193e-01
6.065982246483428986e-01 -9.599019220359462645e-01
1.873123656252504154e-01 -1.032660902469173747e+00
1.066747405788277314e+00 -6.958340980264902109e-01
1.909193281926665209e-01 -9.908185143550830576e-01
1.048069809599906366e+00 -5.216620212772941079e-01
1.047240098109515793e+00 -5.739260168797951644e-01
6.456570546809364819e-01 -8.478844104605270937e-01
9.119702573500729770e-01 -5.486472808319099448e-01
7.254196267357557737e-01 -6.912228064806811290e-01
8.705073764827363503e-01 -5.280269771102217291e-01
8.965929061786108711e-01 -4.486924049048654495e-01
9.433714791147296275e-01 -3.435245723261648454e-01
1.019220352417003372e+00 -1.272287839434811940e-01
8.454944379402588028e-01 8.650505267017081223e-01
5.153005287609474516e-01 9.867657346728554435e-01
1.013031720072522956e+00 6.809516630827244787e-01
3.242231266470377848e-01 9.687445407773255246e-01
6.771095385602925454e-01 8.732158159176552914e-01
4.617823815659795605e-01 9.814422368363352467e-01
5.149540933479187510e-01 9.319631396344298935e-01
2.441230100699310068e-01 1.031883995511437613e+00
4.198312593077973554e-01 1.015539201016437465e+00
-5.029444513846127729e-02 1.074761573848380225e+00
-2.429229374230748861e-01 9.984479944943590590e-01
-1.828536184170945211e-01 1.033373536606881693e+00
5.498131417652538794e-02 1.023136067460508114e+00
-3.974058104941942671e-01 9.340094689248442661e-01
-7.467910246422855280e-01 7.542320004122436972e-01
-5.562686245485655157e-01 -8.607328290147377992e-01
-6.562239774632263600e-01 -7.574325520852268623e-01
-1.964764181472463123e-01 -1.049580957241424528e+00
3.035453847469385402e-01 -1.070228151850010745e+00
-1.470690295807215719e-01 -1.029756278334496677e+00
6.499708302215133626e-01 -9.594936358797162557e-01
6.614207713996272942e-01 -9.619410966170141020e-01
2.043853515477845606e-01 -1.033029831672603205e+00
3.437782039107115106e-01 -1.039571934312592427e+00
1.815384425114231759e-01 -1.026341051285084793e+00
1.419487454783274483e-01 -9.928711534963432506e-01
1.023956138960612439e+00 1.424559364110613846e-01
9.714333021018092262e-01 2.928287509947387623e-01
9.006300972899042856e-01 4.467167109084637655e-01
7.847381764337517662e-01 6.727635301777070698e-01
9.352751067803296570e-01 6.833080221240601659e-01
8.261452335916287248e-01 8.240064723607835040e-01
6.399038795927877166e-01 8.356442960308868573e-01
6.717143752615341024e-01 8.590974986054437101e-01
9.554509667722176358e-01 7.553307612254088754e-01
1.022435331767153954e+00 6.719639718396522854e-01
6.131361680700651018e-01 9.602001652552449862e-01
6.315627870787481057e-02 1.000118207456573760e+00
6.598286179357688574e-01 9.148708475691671449e-01
2.892862242372183368e-01 1.009811088921207300e+00
-1.403292429650546402e-01 1.042696428707287737e+00
3.178549836751055901e-02 1.032434537538771124e+00
-6.026786328845911145e-01 8.151981130552665711e-01
-4.987980224269241702e-01 9.228863832523040989e-01
-8.190429163097611154e-01 6.806231585170917642e-01
-9.795081503201785722e-01 3.792666940360065464e-01
-1.018055211627988399e+00 -7.820259853672351102e-03
-9.685870794362895220e-01 -3.429407629121474788e-01
-8.410620974119833448e-01 -5.557735566332133725e-01
-3.557296935004167771e-01 -1.011466265921060925e+00
-6.395333452760233461e-01 -7.704634651685803304e-01
-6.489824741265870500e-02 -1.058489130154552260e+00
-6.399927510387874718e-02 -1.017074134362612181e+00
-1.773047551316319637e-01 -9.992132561724705875e-01
7.244069990214460075e-01 -9.233723739196035840e-01
3.024987591559072375e-01 -1.030077642701036078e+00
8.598904741094574034e-01 -8.646625665188563126e-01
3.816152568253632915e-01 -9.534470803568279029e-01
5.582310400817608320e-01 -9.378544347745170207e-01
1.078703477518803799e+00 -5.564241999760783930e-01
6.335126476418220243e-01 -8.514942094798050309e-01
1.040336386064842022e+00 -4.793432906327654286e-01
7.427475604386289953e-01 -7.025356506327180561e-01
8.549676260518941362e-01 -5.472537087064662797e-01
8.913143706513815268e-01 -4.675946896306996114e-01
9.432859277221258276e-01 -3.462953377852939219e-01
1.021369262481861773e+00 -1.245875946454652189e-01
1.092612440363200266e+00 1.583005534845656481e-01
8.660570681793584580e-01 5.057409924197554529e-01
8.976171562694833517e-01 4.727497041791381971e-01
8.203326242380718503e-01 6.507214217242546228e-01
7.671774060626975755e-01 6.481352674156629634e-01
7.890879836723809770e-01 7.434065651318378931e-01
7.864265042443737697e-01 6.787978391426768843e-01
7.814907957790098170e-01 7.631054935715545495e-01
8.851468197817679018e-01 7.312359765465655803e-01
8.768618464304881455e-01 7.321444938527364998e-01
7.346928903462872640e-01 7.105918228266708825e-01
7.279461171968715227e-01 7.114518622440971773e-01
8.961670614815514524e-01 6.992444611746087002e-01
8.836510163790108896e-01 7.879050464088592776e-01
8.506057294762078280e-01 8.756971339739336724e-01
9.427449824841329651e-01 6.105611933948075221e-01
5.194403774736163770e-01 8.703454450469546577e-01
6.399502855050418493e-01 8.400811338014133600e-01
6.745606110085299312e-01 8.171646110119634709e-01
5.461365043920515250e-01 8.535498392962761471e-01
7.381407590964155219e-01 8.709248550329005134e-01
8.075441174724548032e-01 8.783791716418610784e-01
6.924096662645206068e-01 8.489281120264233760e-01
9.134641017515027217e-01 8.950404501259544565e-01
8.126978251722002389e-01 9.094965118658979719e-01
3.366351950475534593e-01 9.473445053674320881e-01
9.778419513851057676e-01 7.381378860758169846e-01
9.803143226952761857e-01 7.128191931366572032e-01
6.432211853025103787e-01 9.569644359105309306e-01
6.573776749578368328e-01 9.306653677884123566e-01
-1.565177826033526676e-01 9.891983760571757545e-01
1.485738726238376994e-01 1.012839359336104028e+00
-2.066657907082795342e-01 1.039039088581054537e+00
6.952983767116548489e-03 1.031412130292172602e+00
6.474901304969209181e-02 1.034160261968015027e+00
-5.199476092951575978e-01 8.689505578892797732e-01
-7.768968394973546632e-01 6.989650519902540493e-01
-7.388026671790536293e-01 7.590852681610419372e-01
-9.003974109876854426e-01 -4.650397327971088623e-01
-4.102954903832317646e-01 -9.273378729831832645e-01
-6.703249311562684554e-01 -7.610078506548925148e-01
-6.441198340636478115e-01 -7.651244478359982004e-01
3.329538034057681894e-01 -1.081174135617993137e+00
2.818209007765954399e-01 -1.090013067011011083e+00
6.105149537263989679e-01 -1.000565177294270081e+00
-2.066902253483153817e-01 -1.009332624777223852e+00
-1.134898511092032464e-01 -1.020053545702233277e+00
3.396814761349498668e-01 -1.011224665280675783e+00
1.086630033595288314e+00 -7.020885443904998358e-01
7.913887351817839866e-01 -8.856539622949781698e-01
5.819254188110241088e-01 -9.393184613799084870e-01
4.373592065468081547e-01 -9.480288654851792840e-01
3.442440867482710054e-01 -9.586916676141996607e-01
1.037439102830033377e+00 -5.901827733767350814e-01
1.038384486214017688e+00 -5.757445705803542202e-01
8.745440692569380614e-01 -8.150157767986618840e-01
1.049719213738368406e+00 -5.611578400583490112e-01
8.203295567127644183e-01 -8.642681138221908199e-01
5.289974848717261535e-01 -8.655175779942182457e-01
5.629059081550793486e-01 -8.436741093830102400e-01
7.244920572629394151e-01 -8.421426592867586880e-01
7.181591374479837642e-01 -8.494870764270876506e-01
9.031237692747335899e-01 -7.166881891524564674e-01
6.286892176498928286e-01 -8.398611498872344816e-01
1.109213430030322911e+00 -4.147064168389645311e-01
1.127630225887082283e+00 -3.974634941779809916e-01
7.219202809330306225e-01 -6.969765342205865855e-01
7.932794266119707061e-01 -7.526517574484807849e-01
7.959070565918875406e-01 -7.526201161360532854e-01
8.118773304054772710e-01 -6.990914225003586058e-01
8.606988010316317661e-01 -5.269027975756496174e-01
8.935452928191447430e-01 -5.194458194001433382e-01
8.973145842978585973e-01 -4.480082520989793204e-01
8.934306141942185420e-01 -4.569907980925914104e-01
1.101609834647425012e+00 -3.791800575598694989e-01
9.656309861606381384e-01 -4.996714967643736682e-01
9.501949943789521624e-01 -3.165279047677251878e-01
9.419684488605569728e-01 -3.484162836826685261e-01
1.025260617924048434e+00 1.396420376283197262e-01
9.698896715269982316e-01 2.939653399167071468e-01
8.979974342886846150e-01 4.546805130361911695e-01
7.923684008847515781e-01 7.148817493258077249e-01
7.751069559565454403e-01 7.920447263396939164e-01
7.612979538211573916e-01 7.985607493692818970e-01
6.396179010616285243e-01 8.410495426451677359e-01
6.924369750476013774e-01 8.633083618558734518e-01
1.014806983345956315e+00 7.356492941560530685e-01
3.279660183097338755e-01 9.530018348032747166e-01
5.776214730410489384e-01 9.505086257955890350e-01
6.812030615540781708e-01 9.608328242163906019e-01
3.114311573050764781e-01 1.024779264023898406e+00
3.471920282275604563e-01 1.040472570804166663e+00
-1.275338365563864484e-01 1.010146520191419928e+00
3.019760900569870218e-02 1.064694526718132028e+00
-5.662096569636124732e-01 8.278692844140703722e-01
-7.568820310015261787e-01 6.890868343332362533e-01
-8.731362512647364849e-01 4.945159270471873314e-01
-9.776135843557781646e-01 3.135466076980363281e-01
-1.020042398642948545e+00 -7.737236076232232099e-03
-9.759436794779501323e-01 -3.056180155557978728e-01
-8.782042806275970337e-01 -4.895410998854406448e-01
-6.425778819624129445e-01 -8.062558838374535020e-01
-5.570305215843016633e-01 -8.687228274500542469e-01
-5.236806348679667183e-02 -1.063695113073324983e+00
1.450434976685023303e-01 -1.049521584103498606e+00
-1.348599822140304771e-01 -9.965500843556213129e-01
6.624818442578777056e-01 -9.669344877802202864e-01
4.125722447493142542e-01 -9.743639738537757111e-01
2.066131736710856981e-01 -9.787353342163916947e-01
5.546000899861942557e-01 -9.700623251480834375e-01
3.768805558446350346e-01 -9.438781305127629251e-01
9.015114955512880668e-01 -7.632621658219239658e-01
8.320873190681367104e-01 -8.434985568196540218e-01
7.236298838283523605e-01 -7.811543984535693763e-01
7.610627060402059829e-01 -7.315600586818972184e-01
8.511201672875421398e-01 -6.524928715985185423e-01
9.011653691984266024e-01 -4.956642538477341042e-01
9.426413137268030429e-01 -3.370532323481260084e-01
1.020124662288091733e+00 -1.264817264150303877e-01
9.554928022732220860e-01 2.967731241181869595e-01
9.538866729797362831e-01 4.282605178555849434e-01
8.376696809913648512e-01 7.853070033200537647e-01
7.856074285031121596e-01 6.767822944636675553e-01
7.231504303748393925e-01 7.415601761948676929e-01
7.385765015635796793e-01 7.160206955473523704e-01
7.340047952274131315e-01 7.150796134180747998e-01
7.716330065701071383e-01 8.000562364345088495e-01
5.753617407270625872e-01 8.487873611342942048e-01
1.043906826582911229e+00 7.765726623864928069e-01
1.016107730998708547e+00 8.510033903657365784e-01
7.110691469463717995e-01 8.526868971282827170e-01
1.053244815665625556e+00 8.220578288167740277e-01
9.980013012585665644e-01 6.996986340035000751e-01
5.382784869387572391e-01 9.743195821326589012e-01
9.225344438824089055e-01 9.067485016403340481e-01
6.369845349591329864e-01 9.170016660729107816e-01
-2.626599965146894089e-01 9.929993727024334360e-01
-7.258656354524956056e-02 1.015144979485941512e+00
9.964374868303367550e-02 1.043250881651540007e+00
-6.202024566821746632e-01 8.107749584081092031e-01
-7.180181632117237367e-01 7.094576135385405324e-01
-7.508329923420069552e-01 7.093627758379449366e-01
-9.362541746285668598e-01 3.955261639950967689e-01
-7.490760567209041598e-01 -7.308116063394695106e-01
-6.468835722418361245e-01 -8.007861313700960215e-01
-6.753562298179146550e-01 -7.498148674451570184e-01
-5.142083496427617834e-02 -1.044040309640568154e+00
2.672911757983265635e-01 -1.104990045276876387e+00
-5.927527081167167922e-02 -1.044100445268851374e+00
3.450812872988375246e-01 -1.056753411575940493e+00
7.767882121083667935e-01 -9.303439036773039073e-01
2.524702563136088096e-01 -9.976299338526204430e-01
1.451520911523115909e-01 -9.944636935195962923e-01
3.719945039136033915e-01 -9.700852885717088370e-01
1.082107801730272323e+00 -5.630728367057209471e-01
7.866522453786194413e-01 -8.434741906521008303e-01
7.822426084439509930e-01 -8.458174497670620795e-01
7.160543754982107156e-01 -8.526193120384282231e-01
7.537259852342119704e-01 -8.056439497525961224e-01
7.249060839617801344e-01 -6.899179699524516929e-01
7.220556560601175677e-01 -6.938123626345321648e-01
8.846026117131071675e-01 -4.667444020610006516e-01
1.026648478283488375e+00 1.357278066527814187e-01
9.691542312034889806e-01 2.957530761276831455e-01
8.954527470096460551e-01 4.618486635455880118e-01
7.954453269520254111e-01 7.798852147166321913e-01
7.891221275504430865e-01 8.030822169847355863e-01
8.505072174048808886e-01 8.696360099707565183e-01
6.391316841849002950e-01 8.471688376315592572e-01
1.010066180776726386e+00 8.610156610885708606e-01
1.071849772327483352e+00 8.107784405473300593e-01
3.513990509478779334e-01 9.712273077667773480e-01
5.901974685398535536e-01 9.186626507757817972e-01
1.479358030816062264e-01 9.975030689216977109e-01
3.382838841620047776e-01 1.008984881580779591e+00
-1.898456149030632312e-01 1.027075728991674985e+00
5.650304916272645694e-02 1.038350948245506000e+00
-5.072016394350290502e-01 8.645742926811691431e-01
-4.517864888465834006e-01 9.109337779903639021e-01
-6.678728791266157483e-01 7.835946754621914145e-01
-9.077537861954301235e-01 4.346821635024509800e-01
-9.757089749338258011e-01 2.784749003700183190e-01
-1.022322380758576177e+00 -6.255056820641639002e-03
-9.858644429525852404e-01 -2.853258889012950106e-01
-8.827946720301558248e-01 -4.803509899419333151e-01
-6.237366358161936519e-01 -8.286796409764060067e-01
-4.482272021008594787e-01 -9.095682911938104409e-01
-9.950897740843195338e-02 -1.078879572685290666e+00
2.761401262520021480e-02 -1.042188446221564257e+00
1.089521494793409123e-01 -1.059983645874931435e+00
4.233585369901637363e-01 -1.029597955037019341e+00
3.548029718664115761e-01 -1.006588245069904852e+00
3.421469915045775023e-01 -1.003979183301304090e+00
5.358072300640367436e-01 -9.750740304727705254e-01
5.328599221646391770e-01 -9.671285231237241042e-01
5.605863093826161103e-01 -8.856274090074186534e-01
7.959879131850459144e-01 -8.453623715817506490e-01
6.513299585209568754e-01 -7.693160217705293791e-01
7.782136743338639029e-01 -7.506344205588368901e-01
8.289243953655153208e-01 -6.450732613312784025e-01
9.536677544620221214e-01 -5.010492275099788229e-01
9.431142694532047566e-01 -3.402357921114464445e-01
1.019777463445418864e+00 -1.263982672465580603e-01
1.080590282041854699e+00 2.913540140740801254e-01
8.346172732976555597e-01 7.787103963015781227e-01
7.857323696266383939e-01 7.518755870854644252e-01
7.228414303013412923e-01 7.194535272180323515e-01
8.407434401304891836e-01 8.161104517667934211e-01
9.343890992968100218e-01 5.786557928258579953e-01
4.645499467598942500e-01 9.163758491196769551e-01
6.720262697453599499e-01 8.596168178205833010e-01
1.015417965941354028e+00 7.550647089329787232e-01
4.095117137509860505e-01 9.805757457427813906e-01
1.566417587784562082e-01 9.909577208090539768e-01
4.265397322482611941e-01 1.019085073966701227e+00
-2.063285893910448976e-01 1.039050767076543424e+00
-1.217681063778176115e-01 1.024946708525139805e+00
5.624671346351855367e-02 1.032991881722900906e+00
-5.160173726532280014e-01 8.591736435515823223e-01
-6.151799127244109711e-01 8.184786762315610087e-01
-5.525760522539345798e-01 8.368797456688746861e-01
-6.409490305734991678e-01 8.161515920643200861e-01
-6.840729328878414339e-01 7.537474575795447551e-01
-6.304045948884060557e-01 -8.272406899524390456e-01
-6.290062233259264834e-01 -8.379068949414720802e-01
-2.552057288515285211e-02 -1.087665359675645815e+00
-5.968824893302254742e-01 -8.098694729880654419e-01
-1.002573301983137981e-02 -1.072013858553434673e+00
-2.522997298921081932e-01 -9.966868936069624985e-01
5.886665649719811100e-01 -1.019626530718193091e+00
-1.720296354692038565e-01 -9.961101082078109847e-01
3.152321643980957599e-01 -1.006816890584917301e+00
9.693337637932433193e-01 -7.803172791344669124e-01
8.286341243722404881e-01 -8.562456169515516580e-01
1.040987340028081354e+00 -5.732415195861196855e-01
8.464450043743794172e-01 -8.075542652099929608e-01
7.293060733184855149e-01 -8.504579529174707275e-01
7.425708157357101546e-01 -6.980026635231346699e-01
9.084921570515200884e-01 -4.873615288905928100e-01
9.371681401348596063e-01 -3.493081735855141923e-01
1.028122994166747795e+00 1.311473373843223822e-01
9.715150123322248144e-01 2.990109063279301482e-01
9.006037432497868700e-01 4.517767983484144989e-01
8.258227164992554270e-01 7.735079276781738900e-01
7.955169116720094413e-01 8.057745059054647330e-01
8.129302007419251241e-01 8.674676102555579638e-01
6.685770293605277637e-01 8.422659149012481361e-01
9.025283191928065163e-01 9.058511542539715578e-01
4.620934922554085222e-01 9.269615074114269104e-01
5.027775919099888302e-01 9.738463066132525547e-01
6.707919102560826463e-01 9.724337270516347775e-01
2.498311870340009233e-01 1.037602798468546750e+00
3.450303942437860649e-01 1.069350512191697522e+00
-1.492750277253669655e-01 1.020047525372609565e+00
2.112945686572014620e-02 1.070756241609231552e+00
-5.285281375332042675e-01 8.548414434381076399e-01
-4.529765710630425102e-01 9.377592526731827194e-01
-7.071646853947357592e-01 7.618011805142730353e-01
-9.220170388578589060e-01 4.209590411331779469e-01
-9.810563108795951059e-01 2.587945971784952337e-01
-1.024988356930176092e+00 -3.828941165483584503e-03
-9.966963886986979215e-01 -2.716207789243512694e-01
-8.758649088559296025e-01 -5.110416836569210419e-01
-7.210595484236402841e-01 -7.587115839235097914e-01
-4.311820869243073173e-01 -9.459795385555158642e-01
-5.103054342159567547e-01 -8.815790501125549961e-01
-5.108818050311363101e-02 -1.041445037398854856e+00
1.805283181606408827e-01 -1.077471611638106452e+00
-7.953096568547247947e-02 -1.000983951819060636e+00
4.720764613684116928e-01 -1.007642148998456388e+00
2.582972723366793177e-01 -1.010227694824290534e+00
2.412064349150817300e-01 -9.789042921936477182e-01
4.057521548012344992e-01 -9.440642721246003122e-01
5.553319778793462946e-01 -9.161515236357451464e-01
8.575407281382140257e-01 -8.192000633095306572e-01
6.552381149975363694e-01 -7.755643127862841268e-01
7.750216861221421727e-01 -7.460982752536947649e-01
8.250261888851015968e-01 -6.443665847972850358e-01
1.012518459149177374e+00 -4.793799147881081524e-01
9.381651062078453229e-01 -3.494949399667834355e-01
1.020927823234427212e+00 -1.237770129650925532e-01
9.834693034476619244e-01 3.692810445936527408e-01
7.832433934531167763e-01 7.567655102517601984e-01
8.114044749886352159e-01 7.377991450484928659e-01
7.841408818128766667e-01 7.956434467767299346e-01
7.579424372873241333e-01 7.184164146148306340e-01
9.741670385400039711e-01 8.465956589076114591e-01
1.069783625860458054e+00 7.142766419561121793e-01
1.060682133235484548e+00 7.315980331078043575e-01
2.261553813440089489e-01 1.005354038949914264e+00
1.233665840652708873e-01 1.004750798943131462e+00
-1.369851946288421496e-01 9.939123006422342366e-01
2.812348678217625741e-02 1.008424844065300974e+00
3.527724364714743266e-01 1.047294272335381082e+00
1.042024937444992611e-01 1.060845438569159693e+00
2.851815859338655348e-02 1.085621738294720862e+00
-2.960607286507768166e-01 1.005438075877123305e+00
-6.547061480084309659e-01 8.201593803630274904e-01
-9.960374893914478722e-01 -3.654359301294484719e-01
-7.136385003965153295e-01 -7.740901963030077937e-01
-7.373735187484570242e-01 -7.293682844802763521e-01
-1.222057998856713040e-01 -1.079407773028822959e+00
-4.632810029850809030e-01 -8.948198818362289586e-01
-7.252931845609272843e-02 -1.029127986656706240e+00
-4.688622792442935505e-02 -1.001634397589135528e+00
-1.197352363914326034e-01 -1.000314935544972084e+00
5.867729045577741998e-01 -1.022724878390028680e+00
4.616209953303504476e-01 -9.737834963866536242e-01
4.340070135580737509e-01 -9.473374425781933006e-01
6.823900684390342697e-01 -8.696200314837538858e-01
9.182009758509045438e-01 -7.355006516132187588e-01
7.294893918813712963e-01 -8.642329217030655375e-01
6.789448803524571474e-01 -7.574107996938733711e-01
7.069853097313300028e-01 -7.649731580918632812e-01
7.600173640162113387e-01 -7.349346211329838008e-01
9.394832183392268776e-01 -4.972137210409114383e-01
9.370264312507412541e-01 -3.503925300066038639e-01
1.029879945393252338e+00 1.245050446117110521e-01
9.799419245645557552e-01 3.006516787222924258e-01
8.983737302456841212e-01 4.577790008615708062e-01
8.280931644726645668e-01 7.178822917308963492e-01
7.748820853677624854e-01 7.842835428695281719e-01
7.809615084335314039e-01 8.519050025419918626e-01
6.846968785749401043e-01 8.411046593328810328e-01
6.416306657488076715e-01 8.666340623124275666e-01
3.056913420130858428e-01 9.577249100594260600e-01
6.245129886601040736e-01 9.379947111931622450e-01
1.535232063361306465e-01 9.937864459588169330e-01
3.178848863577549699e-01 1.041566496798059127e+00
-2.215002166286591523e-01 9.885376659200847405e-01
-5.667101285843839653e-02 1.043774743225826196e+00
-2.492686363464034216e-01 1.033130421768977625e+00
-5.398190394671155135e-01 8.458528765332244959e-01
-6.934304685210864738e-01 7.326404341433951917e-01
-7.445797452813305295e-01 7.609174456193966707e-01
-9.075268710783779280e-01 4.575782907116664466e-01
-9.905972485377921855e-01 2.449563388440671174e-01
-1.027847165202038004e+00 -2.306055573332369425e-03
-1.005263200443575977e+00 -2.552242931569827511e-01
-8.940678801269649201e-01 -5.208728866186430606e-01
-7.555564664308215272e-01 -7.289862700474736279e-01
-6.103188259654550585e-01 -8.181426999473585537e-01
-4.910458146694582915e-01 -9.041779271829030185e-01
-1.492041108761317514e-01 -1.055758594850263021e+00
-1.196011524859057484e-01 -1.054739364411813485e+00
1.132716883701615218e-01 -1.061452424540776152e+00
2.962429307541664669e-01 -1.062893752668753855e+00
3.635285320654043084e-01 -1.015179065927132696e+00
2.802219410756417450e-01 -1.004253513194993452e+00
4.156618951381719773e-01 -9.535066275423067506e-01
5.650206359958450664e-01 -9.217317653458987348e-01
7.319785585146116880e-01 -8.648400367094704055e-01
6.704018414141718063e-01 -7.744634813251736194e-01
7.689078053945145319e-01 -7.353025547666204309e-01
8.279082744600252397e-01 -6.518122359983095082e-01
9.778129398024164587e-01 -4.914964320830499944e-01
9.384615487306953163e-01 -3.465099269758372680e-01
1.023301158117557730e+00 -1.197178253716311563e-01
9.003625751850468095e-01 4.469125562011190267e-01
8.301325787760459596e-01 7.509825706265258471e-01
8.339945486652347029e-01 7.411596000281402974e-01
8.484582607015042077e-01 7.378806920576703732e-01
8.975803724061173217e-01 7.509244113703503753e-01
7.664688913126953551e-01 7.199290588262249324e-01
7.589115344748577074e-01 8.448915716402283227e-01
7.332043735723472455e-01 8.621152460913606985e-01
7.242933162884516163e-01 8.495974378234066871e-01
-8.612905068628515237e-02 1.017195396387506445e+00
-3.162572800708153276e-01 9.856809741586352036e-01
-4.205497741936997658e-01 9.129233337922925129e-01
-3.756345542329025955e-02 1.108822582148274893e+00
-4.153610180817111641e-01 9.132129440762845052e-01
-4.865369999199029016e-01 9.483250218760087558e-01
-6.995891773170754835e-01 7.695543405728226816e-01
-9.962847869031101755e-01 -2.725388043805121452e-01
-8.263560007836452392e-01 -5.810256796498604048e-01
-5.474316379239866359e-01 -8.649367727957979479e-01
-1.765746441209665729e-01 -1.050840933880439865e+00
-4.555417560635789398e-01 -8.933696328932058117e-01
1.370040389983447626e-01 -1.056713619618184330e+00
9.510481084692760934e-02 -1.035024563458129654e+00
5.188384515005186604e-01 -9.713192810403867838e-01
6.274161809492105890e-01 -8.515365673384837075e-01
7.127704728020404223e-01 -7.868521575976803462e-01
6.650348879280325587e-01 -7.896436090329385094e-01
8.932933305459903606e-01 -7.136115795443990217e-01
8.252815340837762470e-01 -6.625101191639560794e-01
9.277244203174530579e-01 -5.018776018733914768e-01
9.715485276701044670e-01 -2.906852384520788868e-01
1.031392994288802933e+00 1.163313123661404436e-01
9.920306583896881802e-01 2.974063650972719186e-01
8.919885789676829102e-01 4.562807832044974421e-01
8.170530641318894949e-01 6.659246320621711179e-01
7.676451799455792369e-01 7.635631134478643167e-01
7.756285871273920218e-01 8.448737623239380712e-01
6.717099260132307625e-01 8.400548924850745891e-01
5.146763280752563174e-01 8.945458310270063551e-01
3.838012659572525576e-01 9.719329161830414510e-01
5.559600621695067746e-01 9.961386825053540894e-01
2.603857203700317147e-01 1.035210088562115827e+00
2.262124343437305063e-01 1.052941888717576102e+00
-1.385357202387783315e-01 1.020263778368881935e+00
-2.943072806259990071e-02 1.093326094909549573e+00
-3.357377753407378984e-01 9.828155190670269103e-01
-4.655573926276756480e-01 9.203557694325873451e-01
-6.845272076738524447e-01 7.583435158743841997e-01
-8.232155286813915840e-01 6.854067021791745429e-01
-9.216195293881154216e-01 4.684811950237208755e-01
-1.002744379865979640e+00 2.317324709771200475e-01
-1.030822455563781492e+00 -1.353820827789200404e-03
-1.013098368455994658e+00 -2.337591351620907920e-01
-9.369556502547982113e-01 -4.842984553867715758e-01
-8.061608971924215661e-01 -6.451680700345571173e-01
-6.250121553163714427e-01 -8.407556148187503853e-01
-4.552206002399344920e-01 -9.397618736307974396e-01
-3.120680757062377353e-01 -1.024154225680394381e+00
-9.102449665201992057e-02 -1.073486940297456504e+00
-6.360840485307890646e-02 -1.016094857066874635e+00
-1.440884022436552184e-02 -1.011388964617992103e+00
3.809196146817712680e-01 -1.038967510369387393e+00
2.290757288002967518e-01 -9.925358401114668938e-01
4.321950707269002767e-01 -9.649427861160327913e-01
5.576926696718671472e-01 -9.544088413438447382e-01
6.383226744166623501e-01 -8.522471643635081140e-01
6.794910299553502675e-01 -7.764372459793998926e-01
7.718034181543451666e-01 -7.350135656726183297e-01
8.385750124943964767e-01 -6.574906637779384111e-01
9.570840914409901590e-01 -4.850267510371805701e-01
9.564682055623384693e-01 -3.435994422738646858e-01
1.026733569290479098e+00 -1.139715534184280871e-01
8.947947050848841233e-01 4.550053582822500275e-01
8.244624201311282485e-01 6.913633792183716542e-01
8.129307369274191286e-01 6.439336027953294073e-01
8.544038237532984859e-01 7.265653912126772696e-01
7.704829421033413395e-01 6.937587177850189635e-01
8.336691575817489763e-01 8.123513884352646652e-01
7.531800495998605127e-01 8.197118332980531941e-01
6.045107392537394375e-01 8.493520704031338742e-01
4.509561482831094814e-01 9.854852433612667495e-01
3.068967070208065626e-04 1.089167913235671969e+00
-3.671220536143236512e-01 9.474950660229115584e-01
-3.058772340741461870e-01 1.005849823275536403e+00
-2.028415640688280563e-01 1.068192728531921931e+00
-7.446342120814219978e-01 7.052068039871234317e-01
-7.447972630346332279e-01 6.957486918458617442e-01
-7.957429336343416759e-01 7.348060566975964658e-01
-8.268872970786432797e-01 -6.039755053911113336e-01
-5.905431014475792662e-01 -8.609271361863052308e-01
-1.784070895565708914e-01 -1.075257781683258917e+00
-3.336763578880214687e-01 -1.014526605882597243e+00
-4.278589455277598264e-01 -9.094802237708775605e-01
-2.367032566395375071e-01 -1.014777673528257207e+00
-1.334981413388160176e-01 -1.001532168744369677e+00
3.927985235022932731e-01 -1.018970689189697687e+00
2.271641207895680192e-01 -9.929312770854398229e-01
2.534219792132449411e-01 -9.821118551275722641e-01
6.961854880743284513e-01 -8.454310104618990573e-01
8.144215235763593297e-01 -8.269427328120482201e-01
7.052552458803015289e-01 -7.759486610723631550e-01
7.705857470286789912e-01 -7.254294676560760768e-01
8.026358908251169932e-01 -6.409182264078145952e-01
9.505480161819690466e-01 -4.942450741990176422e-01
9.535196658093971767e-01 -3.421807340628580385e-01
1.032752890335566720e+00 1.069840257875848272e-01
1.003306301860382055e+00 2.884655127499149430e-01
9.103997042487965707e-01 4.483389215240136116e-01
8.314563758086981338e-01 6.499716401536773658e-01
7.825296667243180071e-01 7.599092884014251315e-01
7.548560257719935107e-01 8.200980862431992424e-01
6.342051990748147627e-01 8.495826367104434285e-01
4.445621857189872572e-01 9.333279143150496893e-01
5.088480979917617830e-01 9.850532130162009681e-01
3.106336537617976346e-01 1.004532893758196765e+00
3.109188895176414613e-01 1.061329430367644155e+00
-7.727186648849814626e-03 1.024676268397272327e+00
-7.545998843840545645e-02 1.060615408438009277e+00
-1.942192788067602649e-01 1.061115257003141243e+00
-4.229390470595199014e-01 9.318968394578196479e-01
-5.338786294604480620e-01 9.107427762286012252e-01
-7.159115927286906489e-01 7.530027763071508451e-01
-8.429684569456331600e-01 5.998261738080525873e-01
-9.568700285393438865e-01 4.377015132350343674e-01
-1.014905142623221179e+00 2.156081020892141875e-01
-1.033755334616944355e+00 -5.538358325094744697e-04
-1.020975491302951843e+00 -2.131962548560624726e-01
-9.618951903738255371e-01 -4.199331753566487024e-01
-8.473793457420610853e-01 -5.853280061542699420e-01
-7.239910383083622003e-01 -7.568168821747366382e-01
-5.897686110044619845e-01 -8.398269938864378892e-01
-4.275686204349148922e-01 -9.223521175167322950e-01
-2.077621295544743729e-01 -1.043940410118342488e+00
-6.431751751980657739e-02 -1.064865951860843429e+00
5.719274669889505558e-02 -1.043699422243391517e+00
2.199305878705423711e-01 -1.050487826958179882e+00
2.693669284236127059e-01 -1.026974709365785721e+00
3.811571510673476548e-01 -9.698403866969962372e-01
5.238512636864015581e-01 -9.620712868281292574e-01
5.980960163554335240e-01 -8.687033587037560345e-01
6.858702835187947544e-01 -7.785173568432007807e-01
7.809181792280288636e-01 -7.362491562206934237e-01
8.581409900768356414e-01 -6.452707376584091437e-01
9.577313944241717669e-01 -4.720733979702866900e-01
9.762363828581291925e-01 -3.253215037590742043e-01
1.030844316932000293e+00 -1.063938382176131126e-01
9.462771288213968068e-01 4.160079418653845895e-01
8.339074934554555618e-01 6.258914803771240543e-01
8.429933861503479120e-01 6.538655814345767370e-01
7.945662449734710586e-01 7.630826445268109604e-01
6.828412855684313776e-01 7.328442636122866061e-01
5.651329592568216098e-01 9.711329754203640308e-01
2.325474155640132046e-01 9.969715412636624974e-01
-1.104933108282724064e-01 1.086673892603833957e+00
-1.134396851147364271e-01 1.091914315323159190e+00
-3.474800844384474119e-01 9.407401426025646662e-01
-5.605891354704757301e-01 8.321786084164456421e-01
-6.982687677634787926e-01 7.846598973698101220e-01
-7.314424625126516588e-01 7.343322562980895141e-01
-8.649991129798583200e-01 5.080466088334376629e-01
-8.742872231681662054e-01 4.900671111219278009e-01
-8.531486603148027426e-01 -5.835637062943012099e-01
-7.647883784462519152e-01 -6.479602877817070006e-01
-7.394685118043968775e-01 -7.421028600547091569e-01
-5.327601554669459949e-01 -8.833700913809399147e-01
-3.037391139235395277e-01 -1.045278775143849037e+00
-4.872670906897832444e-01 -8.990322690708126840e-01
-3.221571297444256743e-01 -1.010768327101495112e+00
-2.873006095956800454e-01 -1.019387957238642839e+00
2.146816853564718908e-01 -1.045960465165400866e+00
2.573608839453020436e-01 -1.017838415988763012e+00
5.011703255296368065e-01 -1.001334558293776711e+00
5.271626130121541687e-01 -9.638871055839115520e-01
5.443718173895698564e-01 -8.687809074633598971e-01
7.319926281890061226e-01 -8.119455784303807322e-01
8.294355964884250199e-01 -6.728812535187596033e-01
9.281368441100018574e-01 -4.680037711338907447e-01
9.875229003072535372e-01 -2.978039363773732906e-01
1.034925554602622810e+00 9.748824739388481375e-02
1.010701421490048713e+00 2.747717027496647257e-01
9.369785681268902877e-01 4.346799018281874982e-01
8.618137967995064264e-01 6.323039436723922879e-01
8.085999052669501364e-01 7.548307843725711175e-01
7.157463175425673452e-01 7.799231187783663977e-01
5.927882120547515177e-01 8.568069525881882864e-01
4.432186210041619279e-01 9.473552231769565291e-01
4.057423154835703150e-01 9.911176397535180760e-01
2.828692072365776022e-01 1.034284761089438565e+00
1.399153664126398799e-01 1.029413289533535947e+00
-7.715219371707156271e-02 1.028381727849973171e+00
-1.502647017227340676e-01 1.053485476757574757e+00
-3.258660604742993905e-01 1.001096461734210630e+00
-4.815978029697596807e-01 9.131152150092634034e-01
-6.273702804656026144e-01 8.340950640936763971e-01
-7.751337376556761694e-01 7.258166676274380169e-01
-8.633042708331905013e-01 5.418599155052565841e-01
-9.788586696969426848e-01 3.900357068408573102e-01
-1.024121994557363413e+00 1.975384313994073271e-01
-1.037169184129524524e+00 4.469913472266161020e-04
-1.027184056709976812e+00 -1.936821505028749335e-01
-9.722403770164771419e-01 -3.752948249615533638e-01
-8.757854921609570242e-01 -5.402612858653749184e-01
-7.723862884121411865e-01 -7.039554781934954653e-01
-6.349848332296469389e-01 -8.225331713848460513e-01
-4.716397091403917718e-01 -9.375612993272318674e-01
-3.223583734142688728e-01 -1.023526840967458273e+00
-1.982539581538571849e-01 -1.027363340406584946e+00
-9.880206831561280656e-02 -1.010866933597845518e+00
1.206727886616547202e-01 -1.050752302350290934e+00
2.476135632856633906e-01 -1.034431701731288289e+00
3.218444658534248548e-01 -1.011445551849259994e+00
4.755838346529763783e-01 -9.545631148619121431e-01
5.764393401961654950e-01 -8.736621696558589667e-01
6.923391572279458117e-01 -7.805829181476182654e-01
7.894614195247109389e-01 -7.268042141911110754e-01
8.703468616266599733e-01 -6.112659643972487844e-01
9.634202229140120810e-01 -4.536971195165444004e-01
9.946050800838911465e-01 -2.956839698984018994e-01
1.035194002642178424e+00 -9.752673933763217340e-02
8.761533020042088227e-01 4.898847997709585567e-01
8.357864093074499623e-01 6.415364427518387425e-01
8.505819075426760412e-01 6.250213684812848669e-01
8.568961225491498190e-01 6.587194521733259478e-01
8.132903155015729357e-01 7.811154414369831933e-01
6.396867340696217319e-01 8.616352467685702843e-01
4.236508323532521270e-01 9.436165944643319925e-01
2.657348742782257300e-01 1.031470510880436509e+00
2.585205283865961157e-01 1.029966735637322328e+00
-3.270646538759060529e-01 1.006796640036462076e+00
-2.494612868352446555e-01 1.068832804333183617e+00
-3.850896720788838934e-01 9.475011317231533114e-01
-3.206888777578842942e-01 1.004990649422000004e+00
-7.888374405898104236e-01 7.155166931723127011e-01
-8.050065618533228662e-01 6.648592333955567479e-01
-8.804648698426128517e-01 5.339043233892567519e-01
-8.834826161549927948e-01 5.018723331836344448e-01
-8.804068187133825552e-01 -6.193083563500673128e-01
-7.759044296477104474e-01 -7.436089235752278981e-01
-7.979370488517267823e-01 -6.494091112893844997e-01
-4.278764412513770821e-01 -9.753464149740204148e-01
-2.347541538328821731e-01 -1.058575249483834746e+00
-2.732913090743633311e-01 -1.064578626457961752e+00
1.462427368549790441e-01 -1.042136921363853164e+00
2.629063196735811347e-01 -9.840911643171138534e-01
7.651262270646215224e-01 -6.965456533245144577e-01
8.804310878982575250e-01 -6.500639717401571760e-01
8.715425268068647258e-01 -6.365836434357569074e-01
9.818509814599456487e-01 -4.662135696234845916e-01
9.678372264918041479e-01 -4.561925954058561605e-01
9.922405248106178632e-01 -3.429882565469590805e-01
1.038296130656863436e+00 8.772763738805954004e-02
1.015384175109806053e+00 2.565992866061447275e-01
9.602573662230691198e-01 4.125525156568901619e-01
8.777328509590246464e-01 5.778154108712740822e-01
8.126793701017505089e-01 7.077583736621606558e-01
7.029995959522973292e-01 7.693824484160920463e-01
5.713316925556549686e-01 8.678639613389945717e-01
4.433049628507823026e-01 9.535328482890528257e-01
3.265950446621206371e-01 9.948329800425106395e-01
2.138272106554490182e-01 1.038264893511757103e+00
4.296724045228574040e-02 1.035535188391084604e+00
-1.143152511264913240e-01 1.041989108124737440e+00
-2.643591866958010517e-01 1.024660053039651464e+00
-4.109538689884943974e-01 9.549226858143670116e-01
-5.525467015165342888e-01 8.884460745119751035e-01
-6.961823148995236465e-01 7.677419895790295046e-01
-8.278973178608314276e-01 6.620654528580383058e-01
-9.022113970632030799e-01 5.100301336756225545e-01
-9.885523892794166878e-01 3.485373552256675334e-01
-1.030065587494016111e+00 1.779991592171686621e-01
-1.041077217377833319e+00 2.892454222454312598e-04
-1.030923370181885845e+00 -1.760138304180506597e-01
-9.843113901164929347e-01 -3.452724045388423368e-01
-9.066676288532682371e-01 -5.074259841098281987e-01
-8.154209396620633044e-01 -6.502383695157679666e-01
-7.025880048694921332e-01 -7.791542574982325275e-01
-5.636107207467976332e-01 -8.790617516762884165e-01
-4.156806887121650695e-01 -9.454438804657683271e-01
-2.665624532428387816e-01 -1.014869652465333782e+00
-1.127253760926908849e-01 -1.042942945123862986e+00
3.445450282354697163e-02 -1.039522879636878505e+00
1.883143998411143105e-01 -1.032129667182744237e+00
2.990685897032924201e-01 -1.016423226072069141e+00
4.473064313962996641e-01 -9.487755287707125840e-01
5.694540164859007714e-01 -8.789180371161794403e-01
6.953659312415442217e-01 -7.795252586218890389e-01
7.929489723595890549e-01 -6.978526278503683900e-01
8.759393371962458374e-01 -5.720513840216955304e-01
9.641189795783557948e-01 -4.272861965889420133e-01
1.008102327353163519e+00 -2.657444677270379141e-01
1.039018260203511623e+00 -8.877970637891657857e-02
9.723094369438506357e-01 4.215148511394992137e-01
9.268704058436584292e-01 4.440901971128896619e-01
8.488842337227612278e-01 5.766008074731595601e-01
8.891208872951531506e-01 5.644004417442969324e-01
8.572632837441468423e-01 6.272006159208951548e-01
6.821876964898127005e-01 7.767761360986830121e-01
4.667716529266938696e-01 9.442963989898252031e-01
4.668399753005775255e-01 9.607060916505918424e-01
1.966160919564884091e-01 1.021095165599593013e+00
-1.295410687042176934e-01 1.039044674070185303e+00
-2.788863659779105553e-01 1.019639277039070535e+00
-4.129895594413479643e-01 9.580895257393876596e-01
-3.893650584012223748e-01 9.505828750873476229e-01
-4.202427187640385142e-01 9.660967435468917897e-01
-7.070895152084135660e-01 7.526444031444275984e-01
-8.004885838483749572e-01 6.907595734561925438e-01
-8.133822052931373170e-01 6.827366803162909781e-01
-8.679357730598153964e-01 5.388129144421284211e-01
-8.206574171458292932e-01 -6.663026721494675897e-01
-8.130751496463641814e-01 -6.532933203632553809e-01
-7.117435441023273190e-01 -7.733117989891465927e-01
-4.411869924008077204e-01 -9.467584876985718489e-01
-4.258047967695279268e-01 -9.685543473637301393e-01
-2.910424174456595625e-01 -9.861810730203287578e-01
2.553902616937855363e-01 -1.003512676523641067e+00
2.841528419518442039e-01 -1.013425435314247558e+00
4.184270657937568805e-01 -9.413714968553678064e-01
5.718221592182763935e-01 -9.036552844591955180e-01
7.940008795091333393e-01 -6.654440696464651861e-01
8.620900453173361289e-01 -5.777046929695717203e-01
8.916117567725665438e-01 -5.814787333642129630e-01
8.960552599257693984e-01 -5.527933491770655738e-01
9.554000371622994869e-01 -4.009213745941093143e-01
1.009943752930331451e+00 -2.589105329485341112e-01
1.042729988175921330e+00 8.005509908203677083e-02
1.018289281030033244e+00 2.382888735751829690e-01
9.699807361987742294e-01 3.909373588360106622e-01
8.989366650285646188e-01 5.344226037488626346e-01
8.068222803334720306e-01 6.653814357854357375e-01
6.957966652182171474e-01 7.807442909183518465e-01
5.684621660001537569e-01 8.778071616003172428e-01
4.278033954172364983e-01 9.542949764092207854e-01
2.771172758350832210e-01 1.008414925794007821e+00
1.199357621810672042e-01 1.038898484011040457e+00
-4.005694408563485742e-02 1.045031142292377924e+00
-1.991107495336611188e-01 1.026669156325705545e+00
-3.534975677710639475e-01 9.842429154991839679e-01
-4.995987026305581113e-01 9.187468549389733452e-01
-6.339896673406167915e-01 8.317161467927182139e-01
-7.535204515929354585e-01 7.251907170955584903e-01
-8.553893551142350837e-01 6.016674316328287642e-01
-9.372086571460551685e-01 4.640415715222934168e-01
-9.970605825955947132e-01 3.155389702786732253e-01
-1.033542253058455485e+00 1.596404030101505889e-01
-1.045798569099418707e+00 1.288213174475112960e-15
-1.033542253058456151e+00 -1.596404030101480631e-01
-9.970605825955952684e-01 -3.155389702786707273e-01
-9.372086571460562787e-01 -4.640415715222910853e-01
-8.553893551142366380e-01 -6.016674316328267658e-01
-7.535204515929371238e-01 -7.251907170955566029e-01
-6.339896673406184568e-01 -8.317161467927165486e-01
-4.995987026305597767e-01 -9.187468549389724570e-01
-3.534975677710653352e-01 -9.842429154991834128e-01
-1.991107495336620348e-01 -1.026669156325705101e+00
-4.005694408563534314e-02 -1.045031142292377924e+00
1.199357621810671903e-01 -1.038898484011040457e+00
2.771172758350837206e-01 -1.008414925794007599e+00
4.278033954172373310e-01 -9.542949764092205633e-01
5.684621660001548671e-01 -8.778071616003165767e-01
6.957966652182182576e-01 -7.807442909183508473e-01
8.068222803334732518e-01 -6.653814357854342942e-01
8.989366650285658400e-01 -5.344226037488606362e-01
9.699807361987752286e-01 -3.909373588360082197e-01
1.018289281030033910e+00 -2.382888735751800546e-01
1.042729988175921774e+00 -8.005509908203524427e-02
9.718736494592921105e-01 3.969928142288043360e-01
8.799440133772058470e-01 5.260513638366132172e-01
8.964886853019390367e-01 5.407040366170277057e-01
8.943654557314564268e-01 5.064286851956811830e-01
9.046495972974202271e-01 5.324960173390215212e-01
7.138066749367180108e-01 7.728831310758621509e-01
6.859846789525507749e-01 7.844847528093716882e-01
5.700614787106792480e-01 8.869660580892037016e-01
4.289824298397221791e-01 9.676455119363510660e-01
4.128938086954372366e-01 9.304641845479629803e-01
1.057724875166088790e-01 1.027429976198937167e+00
-1.911239097583833646e-01 1.031356776644810402e+00
-3.554949299830901799e-01 1.000434852007339614e+00
-3.602890475163374462e-01 9.579211900581916517e-01
-5.145466789121633244e-01 8.978957900140021042e-01
-7.545988999224090277e-01 7.003150877834931620e-01
-9.236816038302799736e-01 5.988875878705637312e-01
-8.513637852809166073e-01 6.314351736280777727e-01
-9.542027296144647286e-01 4.509135766114512056e-01
-1.034373136425305706e+00 -3.257701210939744074e-01
-8.715831342929146741e-01 -5.930652976881831684e-01
-7.903618009741375516e-01 -7.301852609882436562e-01
-5.216191510580996393e-01 -8.988093761870733500e-01
-4.850567955039884471e-01 -8.905320385489511326e-01
-3.487705238148859910e-01 -9.914553053915307057e-01
-3.589719961421893313e-01 -9.881999531413374616e-01
-1.912489549354124407e-01 -1.019367994379470010e+00
2.523631168417218018e-01 -9.946750533531607541e-01
4.240403260180355960e-01 -9.431363549088603859e-01
5.610780749597641393e-01 -9.082844946935003660e-01
8.191369198520945805e-01 -6.638866249255145346e-01
8.793368284815891167e-01 -5.378515638053618098e-01
9.024681513776768860e-01 -5.667402622248598476e-01
8.868639715504593735e-01 -5.159377139683779534e-01
9.991654997692094309e-01 -4.020165498736201215e-01
1.002553578564315373e+00 -2.507448017203809387e-01
