-1.000000000000000000e+01 0.000000000000000000e+00
1.025974045665141388e+00 9.910830900397525622e-02
1.074630524206913629e+00 1.476013397538846472e-01
9.525673281568494133e-01 3.791026533656055020e-01
8.531505373490100297e-01 5.738563059297340230e-01
7.814346457181792216e-01 7.666299763326371863e-01
8.225781126241367147e-01 6.816756389081262135e-01
8.489686307702025703e-01 7.551033332501166928e-01
9.139779820644811092e-01 6.475330952187141609e-01
8.191530518721246157e-01 8.367173638437422900e-01
6.875197114184184999e-01 8.102716984846071169e-01
9.331012815462034204e-01 5.218019709818685348e-01
1.111214360051721917e+00 7.322460901577398928e-01
1.042866308193671099e+00 7.316462485036197005e-01
-1.060076785758565371e-01 1.000487006721797911e+00
6.868917748809334478e-01 9.039262459656922655e-01
4.614453454590965453e-01 9.428059932148145084e-01
2.105378438476456782e-01 1.001119757125116028e+00
-1.478228782922716422e-01 1.020784793594710971e+00
-4.843210628647390270e-01 9.111600461942191975e-01
-9.168906201594739791e-01 4.679371592538722480e-01
-1.007499761897953539e+00 -3.876461068325971499e-03
-8.933598473147207342e-01 -5.140550011199374048e-01
-4.225927837961259148e-01 -9.167623105632851654e-01
1.354028854523172121e-01 -1.032688825100134933e+00
-7.301506749449486987e-03 -1.059853023101739344e+00
2.429115952017720514e-01 -9.859477743451569021e-01
7.118473288821171030e-01 -8.870096270148322137e-01
3.557716325332051510e-01 -9.903168498720567037e-01
6.486417433464225502e-01 -8.900661832718705924e-01
7.993210677775304251e-01 -8.522097646067593457e-01
9.824052806281433625e-01 -6.645410763711211422e-01
1.149213792550701774e+00 -2.834765221514142230e-01
1.155189507542597971e+00 -3.172305432303397232e-01
8.902028679299582858e-01 -5.990124011159773110e-01
6.772864004594247866e-01 -7.431545889504240776e-01
1.013863510295512471e+00 -4.510922292522130395e-01
1.119089655886386314e+00 -2.263888406987220325e-01
8.581470147083951616e-01 -5.204408504988435880e-01
9.223048829630122736e-01 -3.960606938477232442e-01
1.025359613119719127e+00 -1.813481483598159694e-01
1.030124222054973115e+00 -8.184515292086808058e-02
1.058543355263963148e+00 1.313433976361796374e-01
1.057154939740469812e+00 1.444853129538632430e-01
9.432763103863346377e-01 3.659448128351449059e-01
9.508619045553891036e-01 3.910159768572796235e-01
8.953280878438626411e-01 4.471258419660531502e-01
1.049228931307948809e+00 2.733172341100853497e-01
7.732806601424971893e-01 6.978691526882155882e-01
1.160927555356453311e+00 7.702953554133866454e-02
8.403779178560615293e-01 5.695365117247918052e-01
1.081996452882434623e+00 2.793272972827745004e-01
8.455032853832853412e-01 5.574432288537016777e-01
8.533959085368730824e-01 5.296335097255593372e-01
8.425334327287182790e-01 5.521394150116029076e-01
7.854464612414350233e-01 7.062414603236693011e-01
9.656549671870512386e-01 7.402245983504930349e-01
1.079993507407464692e+00 2.537222075783185371e-01
1.075394615124613207e+00 2.514866837090073970e-01
9.669108694796846315e-01 7.256331809600455873e-01
1.046431097115950726e+00 3.030404190018355925e-01
1.077023436951553892e+00 2.670779788021829249e-01
9.037044528847690827e-01 7.803352128505576246e-01
7.540217958672189580e-01 6.834116318217734465e-01
9.170424809807121713e-01 7.875403954077312418e-01
9.073397990325354767e-01 7.713210971637747271e-01
9.298128572464046115e-01 7.879463485039831516e-01
7.717666156649457543e-01 6.505730137413594516e-01
7.989261464900581089e-01 7.923635348743583995e-01
7.850855091957280596e-01 6.553315680591523806e-01
6.918745784179857194e-01 7.617181561539098089e-01
9.118233972633026374e-01 8.325639052145250574e-01
8.277976428237544537e-01 7.287458307220254783e-01
8.925767999784229856e-01 8.332688401610721662e-01
8.461071056905909993e-01 8.139665223110996717e-01
8.045668441031487150e-01 7.827215836191210308e-01
7.976369163344617652e-01 6.719270096020018013e-01
7.898149346108265245e-01 7.153028725271963761e-01
8.019290240553841320e-01 7.916040679522802215e-01
1.098850287589271169e+00 2.111659055167640076e-01
8.789289444570989041e-01 6.449860223385829316e-01
8.851181191863817244e-01 7.915414383778783813e-01
9.180774088136149924e-01 8.161153790365306415e-01
8.983265967668191410e-01 8.151046755673917454e-01
8.644719085236566292e-01 7.788350749408371465e-01
9.162104951296444755e-01 6.232963746455542076e-01
8.571678676874396885e-01 7.501357768076872823e-01
8.086282957554157269e-01 7.490909772031987268e-01
8.848170004014860313e-01 4.884994625964384496e-01
8.785806010495735840e-01 7.914333885986017947e-01
9.724194479670432711e-01 4.332732100971684042e-01
9.870097511873133778e-01 3.988390854467523949e-01
9.151260569112518173e-01 8.148921586754593882e-01
9.923449767340750682e-01 8.658040530168679139e-01
8.971129205043666399e-01 8.104920767187301367e-01
9.374816674872061828e-01 7.416731491084510575e-01
1.144913451751970790e+00 1.827321926522858520e-01
9.658725176338447405e-01 6.859281599353036496e-01
1.156136506780257145e+00 1.894066744230800958e-01
9.479553737965880078e-01 6.529482260024150886e-01
3.935061174665825390e-01 9.212821005621801840e-01
9.051106567481871368e-01 7.503819117328702770e-01
9.253815672288239202e-01 6.726395363231800761e-01
8.752783795820823221e-01 8.030527070325167438e-01
1.059030328546249011e+00 3.466138168057429914e-01
9.475501467036345771e-01 8.675219967327771897e-01
9.139572917359096715e-01 6.573030145361208332e-01
9.321001257494255787e-01 6.793205043226819839e-01
9.418827336320101384e-01 6.521333298172669046e-01
8.788211920685182754e-01 5.593968825172227488e-01
8.637897055881870179e-01 8.466477320201529766e-01
7.527485375201548035e-01 7.491774834872905187e-01
7.505455797305164989e-01 7.468004692298326752e-01
1.028941955920354534e+00 3.833823470320474325e-01
8.196253642866616618e-01 8.398103862513178752e-01
7.906110842673557126e-01 8.181555080448824624e-01
4.248675555188910491e-01 9.319343779343146617e-01
8.954455381647237200e-01 7.623034376372253007e-01
1.016887434306881000e+00 4.007666416515980323e-01
1.028319647516252822e+00 3.778666389663826175e-01
8.894433455907206909e-01 7.562629513908870615e-01
7.768700357531056477e-01 8.529079477159758893e-01
7.551723008312771768e-01 7.553144369693045590e-01
1.026129964904238800e+00 3.978607369538249006e-01
1.007781228686646324e+00 8.860761507266832204e-01
7.595806911438154341e-01 7.639039567262326802e-01
7.988942418047509930e-01 8.226895200884714043e-01
7.103440906414874023e-01 7.421131264740001843e-01
8.747069820277586505e-01 5.391330634968587443e-01
9.998104981074491526e-01 8.690966967507547380e-01
7.616143646267963252e-01 8.448226488481702656e-01
5.914980785942640651e-01 8.649865778391585547e-01
6.739351443129828478e-01 8.266672638502808867e-01
9.501720272598540573e-01 7.162560001269613341e-01
1.147813537717462529e+00 7.454952025104871760e-01
7.450167511414993449e-01 7.932080765455324922e-01
4.980148119023524722e-01 9.075362307491772196e-01
4.124836257778392024e-01 9.223417219883270901e-01
9.450380972901435417e-01 6.944614968235758301e-01
1.011227427202765261e+00 3.543405626399787067e-01
1.046482219073253228e+00 6.520299831188354212e-01
5.122025276216974898e-01 8.884365816870305466e-01
6.866018413426685507e-01 8.066536154313395102e-01
1.044345169591795353e+00 6.828599606324644578e-01
6.908432828584127883e-01 8.136139997570575044e-01
5.002194454315398442e-01 9.017981568981411344e-01
8.448904595383702754e-01 8.721373954622890778e-01
7.740545906586387970e-01 8.460109657476757583e-01
9.229539961233060863e-01 5.966025672925335810e-01
1.042571305079494692e+00 3.822042411736166767e-01
1.004941690775245977e+00 6.779375981617573599e-01
9.075549720423637945e-01 7.048373232495254159e-01
6.784169337217222928e-01 8.083205949564135073e-01
6.682278096864052719e-01 8.212311417272347702e-01
9.990140082845334613e-01 6.299224394125908510e-01
9.388703977744039531e-01 6.060272697925428442e-01
9.414206925201255016e-01 5.124556729058099558e-01
9.055861137968161945e-01 6.974473548436720405e-01
9.073958841523298569e-01 5.703079003997146845e-01
9.776774195359209108e-01 7.193029412172348147e-01
8.829173295006012001e-01 7.332002222316942319e-01
8.942332706294378042e-01 6.229051529624972661e-01
7.541137922807686911e-01 8.346923891981321564e-01
4.818461537980053833e-01 9.173232821760289868e-01
1.042390857056110232e+00 6.242382672559000367e-01
6.354951507084771745e-01 8.441771340529716783e-01
1.108719653667579408e+00 6.649972887175839009e-01
1.013101067880538997e+00 7.350421452648365772e-01
1.017494656206778814e+00 8.112864171508225031e-01
1.063762141045604181e+00 6.351859629984492051e-01
9.861832551889649912e-01 8.026427027703748607e-01
1.003943554666145044e+00 8.175637808482093538e-01
1.102591104283385359e+00 7.291553229723293228e-01
1.055156523835494964e+00 6.183523886051265350e-01
1.009510271348887489e+00 7.186514619192235775e-01
1.076969752837924510e+00 6.044391493828134010e-01
9.370649225210055944e-01 6.090995467725369705e-01
1.020849693243491396e+00 7.705510281116370042e-01
1.077682202656889521e+00 7.334162483977731961e-01
1.010422441847546482e+00 7.082683148852511046e-01
1.033589185228071416e+00 7.716294834763433030e-01
9.212686334843405156e-01 5.770591160352358528e-01
1.050303981693300415e+00 6.179888975359120185e-01
1.033398292073055558e+00 7.876816778115574014e-01
1.088964533029227688e+00 7.270732625914485547e-01
1.082162438978262697e+00 6.853864545281569409e-01
1.134189496129735852e+00 7.490755887701127103e-01
1.129664709844779402e+00 6.866806532834958121e-01
1.068093109546794484e+00 7.922697071685369519e-01
1.065976151654433490e+00 7.211306668318333557e-01
9.561783844003459709e-01 8.943667553073089138e-01
1.081190242668533141e+00 6.234969332378331730e-01
6.885368417356435566e-01 8.310484840378273841e-01
1.051670136422214963e+00 7.087487185972440873e-01
1.087729406105995666e+00 6.490554622360600323e-01
9.236684555760422688e-01 5.214767877893657921e-01
1.940702210852846693e-02 1.011730418200474269e+00
1.056587072978527830e+00 7.958346764204590196e-01
1.077968070705046744e+00 7.051455978067360242e-01
9.702162787432966340e-01 7.773571056717857308e-01
8.758355249162915745e-01 8.761759556550683392e-01
8.327307162439504529e-01 8.670297344959462249e-01
1.128273868739746000e+00 7.372071531838718661e-01
6.930901293188153067e-01 9.435241063449190113e-01
7.151647361394355418e-01 9.081147473672475101e-01
6.722953953720988141e-01 9.001647018077767459e-01
-1.008844668729518002e-01 1.002253664286041124e+00
-1.276426203658071745e-01 9.956344791585863829e-01
4.158716178607812369e-02 1.005218186619543763e+00
-1.147177867621637509e-01 9.986853769932103608e-01
1.383696340810874337e-01 9.985754819549274020e-01
1.118625588976861485e+00 6.915873755842224524e-01
1.715908492145634678e-01 9.903210263648586364e-01
1.761963931947085546e-02 1.008378415178420084e+00
6.391983811082255218e-02 9.993667890401388698e-01
-1.725477065607335381e-01 9.872149818846225333e-01
3.440783279511335641e-02 1.004651224091112072e+00
-1.248074989931737128e-01 9.965103996035941103e-01
-1.708223979772418299e-01 9.879918878482599753e-01
-7.220651149318293993e-02 1.000590947621624593e+00
2.855503642824107069e-01 9.630093503693846202e-01
5.893704710450889950e-01 9.654725359186041578e-01
6.922774333867860452e-01 9.140136713811503055e-01
4.642638617876905238e-01 1.033528184668005556e+00
6.125323941437768038e-01 9.408523381308452338e-01
3.174690591925035665e-01 9.583872494738640002e-01
7.170893140176807234e-01 9.231201702022863165e-01
-1.237680611122957408e-01 9.958703582542319799e-01
6.017287937002407938e-01 9.345218807289973340e-01
6.942029785965103672e-01 9.124856173510703661e-01
2.892943758043400870e-01 9.598579731950575011e-01
6.909339195336001715e-01 8.970138069978351725e-01
9.803139454512787010e-01 5.990529757523320731e-01
9.844847091036891262e-01 5.858200202199643769e-01
9.886263723968609085e-01 6.573192807411014638e-01
3.550234089186301567e-01 9.350580676099423671e-01
5.656191731884361307e-01 9.093997717283985871e-01
3.431225147918476881e-01 9.476629029261594006e-01
5.509326506630307652e-01 9.548204534372374264e-01
5.881745983490885843e-01 9.174472413310877927e-01
4.588092395266111234e-01 9.942930974920476395e-01
4.932467892063351900e-01 9.609219676212426009e-01
3.668251551382806230e-01 1.015829583882473131e+00
6.269444823728442806e-01 8.864983738355913800e-01
5.420388401458435812e-01 9.687206953681057886e-01
7.337683618172979871e-01 8.821988000712140954e-01
4.854897675431518178e-01 9.587272601531742211e-01
3.736944993900376821e-01 9.991448604087220797e-01
3.702041607349764729e-01 9.436825099627970115e-01
4.674454132861059485e-01 9.698646608470499197e-01
4.339329016520433457e-01 1.030197352461217131e+00
3.614837305522188293e-01 1.038039221723547456e+00
3.819832937955448537e-01 1.015976068962031187e+00
-1.153191038885080927e-01 1.052162300135225825e+00
-1.173151594404143877e-01 1.058144381392281730e+00
4.736336968643058976e-01 1.019935890723954630e+00
4.403385837889348675e-01 1.017992137666053898e+00
-4.932791148774375717e-02 1.060082106599458340e+00
5.808601305923583730e-02 1.061997581826988890e+00
-2.091052672313684357e-01 1.000142839529100325e+00
2.363562108908861537e-01 9.988514668901465887e-01
3.600516956167710281e-01 1.031560559678599942e+00
-1.960030056452560787e-01 1.007095290073051652e+00
-1.776111437457029985e-01 1.015168178554531231e+00
3.989893137876177054e-03 1.066472186165279279e+00
-1.591658934109906887e-01 1.008548198021014475e+00
-4.182739008191218577e-01 9.279451924632248216e-01
-4.338464553887000363e-01 9.555474723126936576e-01
6.233192196474790503e-01 9.759253388956907749e-01
-9.753736429877267466e-02 1.012991054831872129e+00
-5.746929741300885741e-01 8.355803803484715964e-01
-5.095077024641453400e-01 8.849661414014382554e-01
-5.815317898586961354e-01 8.397539439259963379e-01
-4.309771842622112104e-01 9.356259874889636396e-01
-4.969249003515547880e-01 8.940094711407867711e-01
-5.686993926025976087e-01 8.480611175508381283e-01
-4.207535511021882613e-01 9.487223658597040421e-01
-9.462961350257041993e-01 4.085726936607816384e-01
-9.320325612593465259e-01 4.403871924350678535e-01
-9.083337217198528268e-01 4.779062713777380011e-01
-8.934137470746893461e-01 -5.101450555975859391e-01
-8.771666801591128104e-01 -5.121364885580850235e-01
-9.203181265183246751e-01 -4.900254155809196099e-01
-4.265963766603521057e-01 -9.376792144585445188e-01
-4.192713269490347394e-01 -9.421424573138720282e-01
-6.123063661350116593e-01 -8.311662812572384595e-01
-4.286343349520433943e-01 -9.355938562578216544e-01
-1.063110544088410603e-01 -1.065073437673096146e+00
-4.072743212275979907e-01 -9.463357300496841873e-01
-2.819805517681679002e-02 -1.007023607105437701e+00
-1.321327057197586030e-01 -1.010878440685426094e+00
8.511626758211332522e-02 -1.074809770941110187e+00
1.976768594101754872e-01 -1.053490446944629344e+00
-1.454947302402201104e-01 -1.011804040956359341e+00
-1.443420908841186977e-02 -1.046977956129119702e+00
1.735970985513497419e-02 -1.033083696951831554e+00
-6.938846415702921988e-02 -1.001264195336065477e+00
2.733808663996379895e-01 -1.041186975092298184e+00
2.347043013117233456e-01 -1.051629556450611291e+00
-2.304460057731913813e-01 -1.026353119729394248e+00
4.273457219860322259e-02 -1.018530341051916643e+00
-8.237958022535796232e-02 -1.016274936362353554e+00
-3.116722761518742404e-02 -1.014885970879040533e+00
-2.836191804109231551e-01 -9.901995428144610978e-01
-2.616345511767212972e-01 -1.001359437071871250e+00
1.323167082366962788e-01 -1.042115057783307819e+00
-1.364897195413606878e-01 -1.050047239624653628e+00
2.430897074778061440e-01 -1.048392058984423780e+00
-1.200032723129934448e-01 -9.936945478833753009e-01
-2.470805862671622000e-01 -1.011220944546322720e+00
9.946205617215286843e-01 -8.259300720833339104e-01
3.784166624423184189e-01 -1.037100212188088788e+00
3.459912381671323423e-01 -1.036566590332856697e+00
4.309020970391430061e-01 -1.030321472354087442e+00
4.488335360916296257e-01 -1.016134628850241528e+00
3.452492632258135075e-01 -1.052500846116440458e+00
2.565413786472264257e-01 -9.887312274268325041e-01
6.819335482000253856e-01 -9.746266223601570688e-01
4.618371130932143465e-01 -1.007421049412062342e+00
8.889301535324527492e-01 -8.723236728880091606e-01
2.388613068398793282e-01 -9.863095388424389931e-01
6.818368707568899234e-01 -9.701388001661479521e-01
4.204987375597944999e-01 -9.539753534548376379e-01
4.019082691856320499e-01 -1.023664388371446465e+00
5.873828900623614402e-01 -9.102842328213375245e-01
4.736153130187923943e-01 -9.867364430490467297e-01
4.644395229554204030e-01 -9.860048273433641430e-01
6.505486598859077096e-01 -9.834195168327111158e-01
7.057660579523580280e-01 -9.621780148812855149e-01
6.368513000051750916e-01 -9.865332343169463947e-01
4.045173786864300070e-01 -9.788744334268988379e-01
6.849803700417500529e-01 -9.074816929680630251e-01
3.973971716469009152e-01 -9.861407436087776812e-01
6.635664905463953822e-01 -9.870491297776674555e-01
6.784542757836995452e-01 -9.462877008794090550e-01
6.819390941736714895e-01 -9.049822951163346563e-01
7.205054883182141490e-01 -8.948018792442984370e-01
4.703110257003885186e-01 -9.861026819976225211e-01
1.089363274218729360e+00 -6.510860735779825381e-01
4.437386718268821473e-01 -9.949065209291879652e-01
3.595108095684829141e-01 -1.001966875933089751e+00
3.708027075153942365e-01 -9.613895852687404098e-01
3.712785559150781345e-01 -9.647398600757191023e-01
6.380463175877112425e-01 -9.525248341562770893e-01
3.744968654881341008e-01 -9.459638896104125561e-01
8.968906126617115504e-01 -8.582234048075749744e-01
1.460764973899277841e-01 -9.990222120876729450e-01
6.438392366835273828e-01 -9.563363274176266415e-01
9.526325341693220317e-01 -7.918937346200780603e-01
3.708932915817639842e-01 -1.014582697441213321e+00
9.569718995598426314e-01 -8.202640899258354379e-01
8.607996121809309287e-01 -8.686509923304226444e-01
9.574774056863734062e-01 -7.683008521342247210e-01
5.714272063618818231e-01 -9.520662473721450691e-01
9.517032626903744186e-01 -7.700586198819885375e-01
9.426340613232283561e-01 -6.018833683243884902e-01
1.809169341377926676e-01 -9.838569278946758256e-01
4.328123171557461957e-01 -9.487555372170349832e-01
1.088334518390890349e+00 -5.901730702961917041e-01
7.698616781010860777e-01 -8.708606021879236048e-01
2.146767358667186765e-01 -9.767526735353114775e-01
6.673599405899586223e-01 -8.676832096738698041e-01
6.616101582696753969e-01 -9.400385320525581623e-01
9.628845820494524865e-01 -6.665372467313323002e-01
5.533997630396110257e-01 -9.567326874417226845e-01
6.352775360897831014e-01 -9.350181965958388464e-01
6.582608444109726564e-01 -8.875007927678801867e-01
4.288229511528447446e-01 -9.415600226132161410e-01
3.702254529042190434e-01 -9.967206727111137532e-01
1.099304048921156962e+00 -5.974475474899130223e-01
6.777219863845880266e-01 -8.522135411580260556e-01
4.533433256369243103e-01 -9.439803034970066786e-01
1.054600454228846074e+00 -7.146531646294280726e-01
1.089007056855340494e+00 -6.912657614894608393e-01
6.465706687553672838e-01 -8.914563987062048556e-01
1.041405888212551645e+00 -5.383737416783398455e-01
9.077094393276238238e-01 -8.398133274460504172e-01
8.465034638132431510e-01 -8.535192376322096042e-01
8.918813403167167309e-01 -8.384962535264151029e-01
8.308485629247414073e-01 -8.539238331939422721e-01
9.942815282010623035e-01 -6.054174520147905803e-01
2.575699300201609865e-01 -9.733695998212742451e-01
9.591017284374185881e-01 -7.158010656339630629e-01
2.543955713418409315e-01 -9.752956717547560661e-01
7.703056250692723594e-01 -8.474534279960836969e-01
6.882954003995268577e-01 -7.843009701578650406e-01
9.888522092685294584e-01 -6.862356023046002340e-01
8.949059542124978561e-01 -7.583627103848996631e-01
6.499831184921230909e-01 -9.313924755999078986e-01
7.809834351190667601e-01 -8.512487725895152568e-01
6.832531636036296430e-01 -7.886810044930184782e-01
2.300622454259549643e-01 -9.926984229889882494e-01
7.627537926214560393e-01 -8.505469935514884394e-01
7.846852246047458790e-01 -8.447605316249608975e-01
8.616734976694406800e-01 -8.093603276862042506e-01
5.936997303541419191e-01 -9.402398260824782472e-01
1.101960925007932079e+00 -4.910165451860382668e-01
9.610022754545105572e-01 -7.372446695284631257e-01
8.620969138609930749e-01 -8.135410085422308812e-01
1.010534250420179969e+00 -5.587612609174082978e-01
8.402089301887507578e-01 -7.921371408108314194e-01
9.907949179444861532e-01 -5.627502971704639867e-01
8.351939561685898239e-01 -7.920692715302110054e-01
1.062285758136135794e+00 -4.994859761213213956e-01
5.736755947383197496e-01 -9.168614666082958164e-01
8.388449579183223648e-01 -8.134691375059933671e-01
5.579363332917550711e-01 -9.474844756102719368e-01
9.838457335136727711e-01 -5.596748065638342817e-01
8.111808427627430484e-01 -8.205971823830078282e-01
6.043170874439430795e-01 -9.477458007397306927e-01
1.011493648994741479e+00 -6.464902794769861183e-01
1.000972365502641459e+00 -5.452899998318883057e-01
1.136524848444204316e+00 -2.915256759450889912e-01
5.244709149155341033e-01 -8.724434095363310382e-01
1.115128467928493183e+00 -3.837318128935562900e-01
9.890355351469851675e-01 -5.866803196505102624e-01
6.563267507008491153e-01 -7.950114618804556832e-01
1.173781762543724128e+00 -3.085348271706592205e-01
5.296988745753788974e-01 -8.681751890766912227e-01
8.691592313139918646e-01 -5.710259053812339891e-01
5.272376900275910216e-01 -8.760111603097242572e-01
1.103978159123670144e+00 -3.033944856081466357e-01
6.378889925516642023e-01 -8.545350930829020974e-01
8.565118359262543501e-01 -6.135687018922180158e-01
1.133186996520154421e+00 -3.561874228461006653e-01
1.077190120090959713e+00 -5.288018699698802116e-01
1.005404728033824746e+00 -5.926083988502232058e-01
9.194442696345550559e-01 -8.307039580121297062e-01
5.245380944791248057e-01 -8.722510412500766863e-01
1.097707872915750338e+00 -5.014725199016851764e-01
1.160601155856888056e+00 -2.813481251133220229e-01
8.631356843174206039e-01 -7.385812248837676508e-01
9.236806628652264317e-01 -8.271340602052661417e-01
8.930831059791576321e-01 -7.797265299191166177e-01
5.406453911210123975e-01 -8.671383550598285028e-01
1.121821644385365024e+00 -3.597264374204413584e-01
9.184910054096135923e-01 -8.102116763690303536e-01
9.177332516592934253e-01 -5.488094938020311453e-01
9.124917086043237147e-01 -8.087900117714588166e-01
7.901703700675639652e-01 -7.935259674104366834e-01
9.327933265262797757e-01 -7.095711456755047220e-01
8.841890437203552278e-01 -7.312075108019211456e-01
9.582556373725052978e-01 -6.941528872514596271e-01
1.133054381841568592e+00 -3.319020264309044399e-01
8.627975267513871005e-01 -6.134807016436666371e-01
8.975710810857238098e-01 -7.998950895631004032e-01
8.925807849314767450e-01 -8.325074958696493388e-01
9.219031606077104923e-01 -7.903002571057018422e-01
9.412698349054050562e-01 -7.007399008001986562e-01
1.002012891369827408e+00 -6.438106022132520367e-01
9.094790360809015262e-01 -6.519047554812533729e-01
9.355845261135276036e-01 -6.929767243073776672e-01
1.050385330215471757e+00 -4.647545641859012200e-01
8.801601178489771860e-01 -6.144412753403943883e-01
8.408948170905250485e-01 -7.383958911583193840e-01
8.833333854421721032e-01 -6.145008997298966325e-01
9.545672046029800573e-01 -5.457654358146108997e-01
9.347539398769643126e-01 -7.919782005813075232e-01
9.171703642937542034e-01 -6.845433014233545110e-01
8.960109527556084918e-01 -6.708921058456948083e-01
1.025713124820688771e+00 -3.323489371064402564e-01
7.519931062115605691e-01 -8.028894463090990863e-01
8.878650795462902368e-01 -5.936897741222703084e-01
9.047186874169022008e-01 -5.752901696296689460e-01
8.898938915786925863e-01 -6.971781016781251061e-01
9.804839707184999087e-01 -4.762801370912121413e-01
7.269536170774526518e-01 -6.908726441463428625e-01
7.114493369228986897e-01 -7.531012910944947514e-01
7.998586859700701490e-01 -7.454305707151146487e-01
7.273924279816298410e-01 -7.432642719268528486e-01
7.130297586954676969e-01 -7.046524338758127781e-01
6.307761998526515423e-01 -7.799843456099277983e-01
9.077482353801706871e-01 -6.823916636283090531e-01
7.133862939147539439e-01 -7.040846684072561423e-01
9.923576966086213869e-01 -4.822143154829982570e-01
6.708463511698472548e-01 -7.467467735655695105e-01
7.472343739338001001e-01 -7.596966178143471637e-01
6.760027365907061991e-01 -7.421646366324547994e-01
9.016048978286556048e-01 -5.625343084337821598e-01
7.456605367438463583e-01 -6.967338787539764100e-01
1.069495932051990783e+00 -4.005702190361206116e-01
6.217977064944448795e-01 -8.536280355783328888e-01
7.875849256053540914e-01 -7.358116058472764509e-01
1.073541663481839326e+00 -3.272279763052711177e-01
1.061947462763299432e+00 -3.388677405790078145e-01
8.613064253576562246e-01 -6.971584763803325702e-01
8.139728849951901601e-01 -7.555781430765372564e-01
6.322118363268075525e-01 -8.084710932398525562e-01
7.919011482408029323e-01 -7.418356566665533780e-01
1.058825440911531190e+00 -3.603372296328773983e-01
1.049339566566701354e+00 -3.897670903661962227e-01
9.374073467324330888e-01 -5.057936447892261711e-01
1.000300855394861133e+00 -4.352579549159131256e-01
1.048611924388240579e+00 -4.430436715034195561e-01
8.580232307351578491e-01 -6.595478233453910821e-01
9.383284693387824449e-01 -4.029066991388763896e-01
1.130577096481983457e+00 -1.986485802247739685e-01
1.019154670602156365e+00 -3.966873500207023229e-01
1.053398218845119194e+00 -3.026037681750260444e-01
1.107613161985930406e+00 -2.252954999329567776e-01
1.106033002726827918e+00 -3.213627240812939601e-01
1.052171549075079593e+00 -3.054003339073615431e-01
1.118587139689401599e+00 -2.112997116521651841e-01
1.104808736780790168e+00 -2.280673797733390185e-01
1.071972701901312330e+00 -3.103395394622346926e-01
8.330193193559036757e-01 -5.660651838724511942e-01
1.003014952393181725e+00 -5.001087515419112561e-01
8.265949275318570377e-01 -6.096539842185834113e-01
8.680449761258741681e-01 -5.073073238072116631e-01
1.054849323564402752e+00 -4.366151048123386169e-01
8.409893330262022682e-01 -5.511954705243954367e-01
1.069810817048931328e+00 -3.133189455231940590e-01
7.859523920699282851e-01 -6.384966096361890386e-01
9.708386268525158735e-01 -3.698005129904599064e-01
9.041266261215061828e-01 -5.091521243379313333e-01
1.019732024646200053e+00 -4.892412017622977394e-01
1.055495124651391503e+00 -9.319292062282177880e-02
9.271514852798005135e-01 -3.758976000291664454e-01
1.025512651972923850e+00 1.272694152350160313e-01
1.079699713989574983e+00 1.428205313600497683e-01
9.372217860155955815e-01 3.601121962500919427e-01
9.192508378399620872e-01 4.605478251826536917e-01
7.909440804588799834e-01 7.357871249291886295e-01
6.800768900767184544e-01 7.566340598103267201e-01
9.620893101304559547e-01 8.714457848375534166e-01
1.044564828542623447e+00 3.437611378179648014e-01
1.050914955122300487e+00 8.445796125455780068e-01
8.835866991338584553e-01 8.442720648815059681e-01
9.966414424135849881e-01 7.775076341272656455e-01
1.051073239793567371e+00 8.198267494146144196e-01
-1.009702772939618243e-01 1.002213937135486788e+00
7.349913568419803589e-01 9.135965798983721742e-01
7.496920891312093271e-01 8.972547896682068203e-01
7.128444973271561569e-01 8.820496491397954442e-01
3.800112017940066034e-01 1.039650346862932118e+00
-1.888150444183228083e-01 1.015118532434857057e+00
-5.713238148871015998e-01 8.216520826948970901e-01
-9.359199386069333437e-01 4.388033148336107914e-01
-1.008392005588663487e+00 1.669725416026967592e-04
-9.123079418682809028e-01 -4.911680687869002249e-01
-6.457613070202948835e-01 -7.884266139050806199e-01
-2.398693093623439649e-03 -1.009344334413908362e+00
-2.374316938800269117e-01 -1.023318541166367890e+00
5.225540143386295799e-01 -9.643525213472856628e-01
4.347618977205585100e-01 -9.722967050341425610e-01
9.475786656517267703e-01 -8.053691501158888322e-01
1.101866153152762706e+00 -6.362460043237337937e-01
5.441145414329054963e-01 -9.570455704012537090e-01
6.572709839643042784e-01 -7.802722943283109114e-01
9.859161092207618937e-01 -6.134673859845185540e-01
5.252449055050062432e-01 -8.538041417621455853e-01
8.975762467804699885e-01 -8.216266903301553404e-01
8.976014933104839999e-01 -6.355112754607277203e-01
6.275322954526365571e-01 -8.047677551269473151e-01
1.037058857623287755e+00 -3.933464175318484024e-01
8.605858125342034093e-01 -5.096761112018417528e-01
9.257818137794433522e-01 -3.821308423165989399e-01
1.030766708736018833e+00 -1.684260714297456385e-01
1.029572223090536864e+00 -1.037302237017546508e-01
1.070758959478763872e+00 1.103253776913617340e-01
1.062055808978157989e+00 1.902741571023805756e-01
9.519119981411378051e-01 3.474160650224486502e-01
8.856777098908313883e-01 4.658969069348038450e-01
8.824898222873365228e-01 4.718189272660401334e-01
8.633203416592205581e-01 8.120535769425666350e-01
9.339740749425183841e-01 8.126921445827518520e-01
7.014830162643806988e-01 7.173420104442007617e-01
6.840529193781238471e-01 7.413589208059125912e-01
1.133774036334493251e+00 2.428787814628723396e-01
8.546417799611225607e-01 8.221815417084065158e-01
9.481827297290313927e-01 7.346666427875924166e-01
9.253100235574163168e-01 6.563368504002033976e-01
5.576365567354454322e-01 8.581723727377362776e-01
1.007727444556548058e+00 8.420394298340733163e-01
1.141611340172268951e+00 6.932607547325795316e-01
1.057558323239521814e+00 8.458398350053878412e-01
1.018100604005663046e+00 4.263500379539143514e-01
9.502255374657060383e-01 8.421957285571313179e-01
9.896801068496281495e-01 4.457648134950106256e-01
9.018666187509103427e-01 6.484017916543082238e-01
9.235840797530348034e-01 5.783816216023279777e-01
9.961564728826792781e-01 7.856075706030054562e-01
5.984047833423620233e-01 9.776053201268658510e-01
1.053831371640945980e+00 8.086072553060061896e-01
2.825092960798494257e-01 9.609547236323042751e-01
7.445310268599630854e-01 9.218195158493734942e-01
7.180872271990738909e-02 9.980301831491547038e-01
1.987594315170776171e-01 1.006053801844951634e+00
6.665307856627177285e-01 8.883939760897473503e-01
9.691782609905470469e-01 8.238395819955136590e-01
-1.202451391569606537e-01 9.996041085326961007e-01
7.060345885107618402e-01 8.719071603200391207e-01
3.154240997578029448e-01 9.527630962335823517e-01
2.466339946398598756e-02 1.006250571108004310e+00
6.376918548573801138e-01 8.967989635289724815e-01
1.798738628277117904e-02 1.027986403827904294e+00
-5.027763162760332527e-01 8.748294262382990683e-01
1.713692286869057113e-01 -1.047698545862341346e+00
-2.291611027004873957e-01 -1.032994486650302024e+00
2.275764092069469113e-01 -9.841895475401917226e-01
3.687446581806902435e-01 -1.042317337880852790e+00
1.037748910777235078e+00 -6.198485151335266785e-01
4.506573805582950176e-01 -9.624776291952473750e-01
3.927136086092239409e-01 -1.023264725123567809e+00
1.082418979229528455e+00 -6.526795441668993281e-01
2.800035222387909362e-01 -1.009777225808909273e+00
1.054480439587714535e+00 -6.075620671248641580e-01
2.160583919763070515e-01 -9.778129883867343608e-01
1.072751449342192798e+00 -6.392701824185733628e-01
2.155658001972317328e-01 -9.782182310756434296e-01
9.467224017530831981e-01 -6.441189684381436464e-01
6.976039650384334712e-01 -8.179213306046561049e-01
8.763155309680681349e-01 -7.956479951837615028e-01
1.064599667380005998e+00 -5.050756918402461437e-01
1.084622036379779830e+00 -4.876587822407444928e-01
9.549758696803433144e-01 -5.827330563475321412e-01
9.875234496268870954e-01 -5.794869092506311770e-01
1.118908248997305011e+00 -4.718777825594965281e-01
8.603900633191222669e-01 -7.158682181480456874e-01
6.277441826140368608e-01 -8.659672217863617627e-01
3.432145427521310355e-01 -9.636913123907243639e-01
9.029931064274739905e-01 -7.821077486062794071e-01
9.052744951023199427e-01 -7.591320721826733120e-01
1.165692894290653703e+00 -1.633478434810630153e-01
1.143190183296121765e+00 -3.547152251647033849e-01
9.368826611593448206e-01 -7.581460951750569333e-01
1.025903490952530639e+00 -4.473403651214934995e-01
6.377511896087350030e-01 -8.386831797817805301e-01
6.276183572289828483e-01 -8.071032924166208211e-01
1.027606116189061058e+00 -3.883003837673521530e-01
1.078427651224432848e+00 -3.778612080243415328e-01
8.566839270931023709e-01 -5.230144295764534990e-01
8.984994966234399749e-01 -5.031111673756225589e-01
1.103434151140571640e+00 -3.583888329842805365e-01
1.023544073698121393e+00 -1.641842749756336206e-01
1.022547149544597245e+00 1.420690460742962402e-01
1.045484340022730496e+00 2.280777089711344685e-01
9.460390008762781244e-01 3.453669285715117998e-01
9.059467301484727120e-01 4.665695399908071361e-01
8.648823758919547133e-01 8.126329086242383148e-01
8.559051070123876448e-01 7.295128983003098533e-01
9.240341030774661402e-01 6.676417744103062546e-01
9.421798958133577040e-01 6.918645609200617663e-01
1.007291520483653224e+00 8.829378347276251038e-01
9.001671804086731621e-01 6.986244117587110392e-01
1.082747492214511276e+00 7.285802975253605762e-01
1.080249957945583095e+00 6.787870659721901845e-01
-1.727628854431699501e-01 9.887636229529901399e-01
6.927979628761137265e-01 9.023764780975755961e-01
5.537824882500336221e-01 9.596947158830158031e-01
3.508517345109603003e-01 1.020537053396377347e+00
-2.121049508678354498e-02 1.043457323141274262e+00
-4.631372066575509816e-01 9.203353919787390369e-01
-3.755576097306582151e-01 9.447896177115545635e-01
-9.471735217303250964e-01 4.028088000462216600e-01
-1.009607924689824188e+00 5.486953862494744170e-03
-8.883631774454676666e-01 -4.915059619520933953e-01
-4.942263216566057937e-01 -9.007436495117584485e-01
5.228285283794155414e-02 -1.074480787743652188e+00
-1.154309299609005725e-02 -1.013846934389082799e+00
-2.259915332076914418e-01 -1.018634891003245002e+00
6.920307294282039834e-01 -9.628326696764836212e-01
7.113523578608067499e-01 -9.467133071125692911e-01
3.657809348143445383e-01 -1.003670269164828044e+00
6.359439960206525466e-01 -9.251631247680940362e-01
9.303000630780576818e-01 -6.613269432223684019e-01
9.809314578098891069e-01 -6.850286572622811265e-01
5.270663139611356796e-01 -8.702459621847091764e-01
6.606234512957768201e-01 -8.316219220291340974e-01
9.165075184546686016e-01 -6.852577352092648066e-01
6.834424280466075974e-01 -7.389111051307625244e-01
1.005672768096179004e+00 -4.293177017955822072e-01
1.065122396048946651e+00 -2.812836025040953980e-01
1.088975985458880524e+00 -3.895237109064200731e-01
1.036746735119961960e+00 -1.940881245789351506e-01
1.022887537723988105e+00 -1.189700685973633376e-01
6.929164458312857544e-01 8.132322871583094193e-01
8.913874671269168548e-01 7.339199397922111512e-01
9.385299160117586137e-01 5.074952291795684634e-01
9.874090788655102147e-01 6.273266380663826691e-01
1.089119345101600356e+00 6.460669005914484453e-01
1.119852390878546267e+00 7.094312703835102818e-01
9.822745487987441515e-02 9.997396198598329509e-01
-6.362125695289810867e-02 9.996820986771646211e-01
2.245653334973850834e-01 1.005469609294853850e+00
6.048873637766496447e-01 9.566267484832366996e-01
5.717245418006769997e-01 9.197081700309337471e-01
6.091438250170963520e-02 1.003825626743519717e+00
5.294888105563633207e-01 9.875433349342916944e-01
4.029357214750434180e-02 1.045969885013254164e+00
1.692662978519089145e-01 9.926353891259652729e-01
2.070694237337344923e-01 9.949167294333902678e-01
-3.748734074757091583e-02 1.034220168770108472e+00
2.697916771543240957e-02 1.024492618067150751e+00
-5.192953231899489763e-01 8.625635521791122917e-01
-7.429939733905384092e-01 7.196017086323336365e-01
-8.974014347887924181e-01 -4.861869135152638299e-01
-6.090179824571662071e-01 -7.987468526365081312e-01
-3.886623512579642226e-01 -9.385330525721464756e-01
-6.450653887128044994e-01 -7.947982874843554368e-01
-1.112267903090686655e-01 -1.047800275851558105e+00
-1.158003469975303901e-01 -1.001431040990242938e+00
-2.967027331784175773e-03 -1.055797932554644047e+00
5.931572742086848038e-01 -9.961572586465927692e-01
-2.204328465992836938e-01 -9.925412008330484204e-01
2.789973244249929207e-01 -9.965792665724672039e-01
9.730383493133095696e-01 -7.928876346678943587e-01
7.070419151302816951e-01 -8.845363878115914957e-01
1.090428827317688754e+00 -6.580208955814803584e-01
9.317724169934379352e-01 -8.603391922550018833e-01
3.485229920596243369e-01 -9.743864090190156313e-01
1.044370324597481581e+00 -6.818338478049760232e-01
5.161144986469431428e-01 -9.489348654948609463e-01
2.272655243946646586e-01 -9.774035880866738246e-01
9.460574613480770001e-01 -6.432288379918985610e-01
1.448878116977296848e-01 -9.966552848697701750e-01
8.246555300010658396e-01 -8.208087435089858053e-01
1.052136673680237777e+00 -5.417668136481865737e-01
1.019212521612420375e+00 1.492393370202815817e-01
1.002269713015494723e+00 3.112530267276434892e-01
1.028118029486948304e+00 3.217067438890265918e-01
8.205893636402517011e-01 7.683291162699462662e-01
7.808423821508689855e-01 7.384027410211705389e-01
8.670022530912360192e-01 7.332283388197019525e-01
9.464871483571255517e-01 7.323247205392073855e-01
3.993873829761970251e-01 9.191992284022070248e-01
9.076033149622337870e-01 5.618040577316840700e-01
9.993031207889085943e-01 7.614742276223681605e-01
1.052124388189131121e+00 8.159195257535949430e-01
6.038170829942315354e-01 9.670225119301175676e-01
6.117380626023045664e-01 9.325529639647570646e-01
6.018812203269853223e-01 9.824532540173877004e-01
3.492514926579339818e-01 9.392790141840824392e-01
3.162775160893447346e-01 1.031167964891092970e+00
-1.713759933235887711e-01 1.006859689731722129e+00
-4.118198365020971918e-01 9.370230776715569032e-01
-6.487011216340439201e-01 7.660419277242221936e-01
-9.404251620452465099e-01 4.102663449091341619e-01
-1.010527172118203199e+00 4.056040891273537952e-03
-8.657263715071058519e-01 -5.081226773033880040e-01
-5.662026901846611837e-01 -8.396531872387060780e-01
-6.685848867918244842e-01 -7.732870730747056776e-01
3.809082167589720180e-01 -1.067002481124211810e+00
-2.426646417766830655e-01 -1.028500447409492757e+00
1.050925519857784041e+00 -7.322009388885462045e-01
4.305226222984992468e-01 -9.710312301899752807e-01
1.027823642134761739e+00 -6.923668974381278485e-01
1.015974195941162117e+00 -7.269512317970273640e-01
6.600984005790587750e-01 -9.524547098434734682e-01
6.836000401774841029e-01 -7.721084790388313968e-01
4.389881182752281008e-01 -9.329706067195258079e-01
5.886445879894801614e-01 -8.745037715293364489e-01
8.666448135795863372e-01 -5.969780064015686172e-01
7.002249055528729782e-01 -7.417798420815954197e-01
8.464508281975366977e-01 -5.750827047650752810e-01
1.088214486306986251e+00 -2.651832437711960644e-01
1.070238501595893954e+00 -4.240442146782018029e-01
9.962458753611947992e-01 -3.177574188762005147e-01
1.015035831787829856e+00 -1.298230245232150082e-01
8.202883617039855579e-01 6.700804977522282213e-01
6.954333450739619282e-01 7.288303834467128040e-01
7.730229488545414807e-01 8.148871277491478438e-01
8.927293345508935385e-01 5.582563255195480689e-01
1.097640024071556475e+00 6.300873741158299346e-01
7.153114016208080850e-01 7.991442586320962604e-01
9.886350524803207973e-01 8.508715556533071878e-01
6.476682059830434213e-01 9.157199105553353036e-01
1.125345029012880582e+00 6.505294109255246315e-01
7.785890805139140669e-01 9.137674504745471049e-01
6.092387431580088553e-01 8.969285246498018838e-01
5.885103749668226802e-01 9.382475717289647799e-01
3.796450532788715471e-01 1.035146907678706762e+00
-1.893626956561090535e-01 1.024644655360831491e+00
-1.336560936948034961e-01 1.004080086899092672e+00
-5.797028566985149567e-01 8.405065333692997021e-01
-6.920867363529840111e-01 7.632999383175654851e-01
-6.074486790915146761e-01 -8.562372479259738878e-01
-3.999381579185565250e-01 -9.683297219122078969e-01
-1.445868534298583030e-01 -9.936562996112915380e-01
-7.825227702996630230e-02 -1.019998202851388314e+00
3.172707694634904763e-01 -1.070775460895932785e+00
8.677183926989863183e-01 -8.808364562605355275e-01
9.732449070263710089e-01 -8.012477285770672752e-01
3.944526710035224371e-01 -9.807652273894006401e-01
9.436643910433869520e-01 -8.202515359917262883e-01
6.565351209535114085e-01 -9.303281277948218797e-01
5.697023621603952703e-01 -8.895279626007835949e-01
4.978218941036698930e-01 -9.370452645798601488e-01
8.583262556382474928e-01 -7.402253690132536423e-01
7.326784451311527668e-01 -7.881808094301189227e-01
8.658471289641032076e-01 -6.935297682115296736e-01
1.148619806950939903e+00 -1.909829585790379647e-01
8.261712512718184520e-01 -6.794388149150207834e-01
1.016484149384241809e+00 1.538492534194991213e-01
9.618224465555978986e-01 3.025125966775215058e-01
9.035934019386382410e-01 4.577611245234892712e-01
7.503093045524303895e-01 7.306275312118569731e-01
8.678565773874260536e-01 7.704412371786651947e-01
9.588245682647769108e-01 8.755437265849644879e-01
1.024337465989856311e+00 3.642229524734749146e-01
8.709163837947025977e-01 8.801654367936790901e-01
9.096251852450683018e-01 8.489316279564559364e-01
1.104952672316075635e+00 7.300649916894554892e-01
9.669347662207907756e-01 8.053919403665070753e-01
-1.693744339085407891e-01 9.883802753953347953e-01
6.014177607734959574e-01 9.372115542639162244e-01
5.682219200715389329e-01 9.215389575963461866e-01
2.104262139235423545e-01 9.937915773949171916e-01
4.359032194000742599e-01 1.015453001214909889e+00
-2.092655945979660093e-01 9.929856324257089195e-01
-4.862779197260219122e-01 9.022923963510504075e-01
-7.287404511263684270e-01 7.355704005692424996e-01
-9.025185114516346419e-01 4.572586018646812023e-01
-1.011482391015448457e+00 -5.943797669743711891e-04
-8.533751757531753412e-01 -5.466832995997945588e-01
-5.915985019193008565e-01 -8.696355078586187615e-01
-6.312052741761660091e-01 -7.866142042037208570e-01
2.731598898707153777e-01 -1.040134697020089538e+00
-1.428831392537046052e-01 -1.006033843790664628e+00
6.108162965054181326e-01 -9.965296858156853510e-01
6.641581772948353946e-01 -9.921464816066389858e-01
4.330320559839347383e-01 -1.019033752804748172e+00
1.084700144340401851e+00 -6.358564732752393089e-01
6.346123274670504300e-01 -9.263710028963910714e-01
9.627511705431094358e-01 -6.041764585338456062e-01
1.075099234634827594e+00 -4.899009856798638429e-01
9.193259449109114634e-01 -8.200154051848711489e-01
6.951091490260883354e-01 -7.486700604102271006e-01
9.211497928166033633e-01 -6.700621396015590259e-01
8.596561891347285211e-01 -7.501067861516523827e-01
1.093128565689007292e+00 -3.070104687545180400e-01
8.879397616199247167e-01 -4.716166347857699281e-01
9.455359288091134129e-01 -3.744638132394231822e-01
1.009510324386902802e+00 -1.369339437915541025e-01
7.451225117469546522e-01 7.305600883065647144e-01
8.102404480470262182e-01 7.776130494742903299e-01
6.893730225914436183e-01 7.277642276137085142e-01
7.197724975722522567e-01 7.001423824347080549e-01
7.981963773630419423e-01 8.292150270694234049e-01
9.349155190296490892e-01 6.702595420701086271e-01
4.383144311647093616e-01 9.230036592221849689e-01
6.277917723398668270e-01 8.562417023001307470e-01
1.047453087136253735e+00 7.791711360510821249e-01
-9.210280672623298581e-02 9.966595348932894005e-01
7.430762184181916030e-01 8.813663312023630736e-01
4.356804917020590251e-01 1.045209276261278131e+00
2.876288249878306003e-02 1.065140930721686363e+00
6.307963737040027385e-02 1.043695436914951369e+00
-1.183123331358347796e-01 1.030259012970069943e+00
-5.500617043486077246e-02 1.051753519650881152e+00
-4.347820876015618952e-01 9.269467711145310540e-01
-3.189909620464340678e-01 9.824839064044197379e-01
-5.712355279644898420e-01 -8.638075454063519620e-01
-6.127501887945322467e-01 -8.323309257848893195e-01
4.698017296828971984e-02 -1.015400328667376950e+00
-5.241567490534921464e-02 -9.989791250106432319e-01
-3.807409631423516738e-02 -1.034622717484009691e+00
-2.413971245814199307e-01 -1.006345102908942968e+00
7.164124379212424287e-01 -9.270406721901205405e-01
-9.834019135031787928e-02 -1.027019547257096876e+00
7.635857553911367113e-01 -8.869367666654073279e-01
6.660201465411322852e-01 -8.486957211523925571e-01
1.004291120431307416e+00 -5.428845327623914585e-01
5.496352358270210070e-01 -8.461793606920073874e-01
1.159962761454049307e+00 -3.129382072075798660e-01
6.604442050256984498e-01 -7.525012670602905240e-01
7.568817898306684500e-01 -8.116397937412590524e-01
7.325770570346783472e-01 -6.864527758200859031e-01
1.124910054988188080e+00 -2.127034075661901891e-01
8.899373594145667532e-01 -4.695495127413070735e-01
1.015320051969259563e+00 1.562766658719486335e-01
9.597635319087667316e-01 2.898287797183116132e-01
8.919718618737809690e-01 4.589274030905096668e-01
7.591383168658678571e-01 7.386693795873220392e-01
8.762821222198382554e-01 7.643437645130175540e-01
8.692714422378264860e-01 8.476730226276359970e-01
9.106343832917495051e-01 6.025328574165723650e-01
9.891383473262629344e-01 8.923456330542335335e-01
1.040731012134462175e+00 6.176577055052119292e-01
1.079947140261262151e+00 7.528173440991186016e-01
1.024207442380442368e+00 6.269537847481384540e-01
7.303768532549566039e-01 8.984529948115193010e-01
1.703561198928271736e-01 9.982832190351187407e-01
4.101674199180568858e-01 9.443534277291287804e-01
1.440957377993551947e-01 9.970044573453858971e-01
-5.390195778947475674e-02 1.035474628547949250e+00
1.369128991914063675e-01 1.062132285382995311e+00
-4.458488901343886646e-01 9.064370034494235728e-01
-6.543356710437604473e-01 7.719425818670300199e-01
-8.812886183457540046e-01 5.055552783765188130e-01
-1.012723839777769363e+00 -5.214019687119573337e-03
-8.824387729508339495e-01 -5.449383971291003048e-01
-5.503907247259814950e-01 -8.850339515806662227e-01
-4.081875611668631110e-01 -9.654010827526259275e-01
5.704096579704995978e-02 -1.024345561991967912e+00
2.631387598591603538e-01 -1.053135018895516639e+00
-2.915981616113828001e-01 -9.751786366355784663e-01
9.973186789531434115e-01 -7.766920249782687247e-01
4.227713393137249032e-01 -9.740057988438090009e-01
1.060024586181021355e+00 -5.886696413975425202e-01
1.097641989194549028e+00 -6.809437475942089479e-01
2.356801744228389783e-01 -9.754945748468288880e-01
9.806919507066472752e-01 -6.805151083690547109e-01
1.055956091132673524e+00 -5.389736747991014099e-01
5.358420818733474755e-01 -8.784795142324158812e-01
8.869050070083847048e-01 -6.176398883838114529e-01
7.310792145970153033e-01 -6.897621228241260782e-01
1.080875537256336560e+00 -3.008014561150305077e-01
8.839771768417390430e-01 -4.782484440818678961e-01
9.396042265244588521e-01 -3.548757168222097524e-01
1.006513341288053587e+00 -1.416622617437339748e-01
9.353794620415156746e-01 7.189335698129785124e-01
1.061964619866476056e+00 6.561919107797464790e-01
1.131933344714263656e+00 7.368138144053497651e-01
9.938584427916227204e-01 6.681533896414564300e-01
9.486617470976053124e-01 5.707783977943756692e-01
-8.126900333588124581e-02 9.968620156095631124e-01
4.342970384509358683e-01 9.843852507429198262e-01
4.065142503543626162e-01 1.006367704128560581e+00
4.717320084594424645e-01 9.652249182315839615e-01
8.144486381985524548e-02 1.061834973312026031e+00
-1.141446107852611414e-01 1.024212304708532306e+00
-5.740697303975802468e-01 8.290077966497279016e-01
1.422512065851555263e-01 1.039388027906670509e+00
-4.003927429181949327e-01 9.202118326979016327e-01
-6.935668175543071579e-01 7.249826239939520800e-01
-5.744852323143426753e-01 -8.801627133635091527e-01
-4.093031440935405163e-01 -9.612615138498333822e-01
6.831491814358554848e-02 -1.073568343555858506e+00
6.896703766954739856e-02 -1.064384471826215206e+00
-1.298922527041859731e-01 -9.978749161379608656e-01
-2.651977387015299059e-01 -9.918664562782054661e-01
-2.277524507279674038e-01 -1.027330228341321483e+00
9.834456256411867603e-01 -8.178890647771881461e-01
4.005244038642095106e-01 -1.052313338522095076e+00
1.043571943706556260e+00 -6.218305430282957680e-01
1.051717863933707031e+00 -6.606363663245026219e-01
3.587003747075689919e-01 -9.624543288097281435e-01
1.475431575545305130e-01 -9.913650087942033062e-01
1.558717402291740217e-01 -9.973309569194825919e-01
1.080278764972662620e+00 -5.220512276089630532e-01
7.731187076347035836e-01 -7.694555059830211485e-01
1.016123765669348478e+00 1.564185718471580999e-01
9.587542471990886384e-01 2.922095643891405303e-01
8.812554007658600641e-01 4.830624220924347734e-01
7.718251943700971118e-01 6.556876533718494215e-01
9.579988077403407409e-01 7.420487998049738465e-01
9.312551058271523186e-01 8.392882132914791793e-01
6.538288165018707465e-01 8.259017311548420004e-01
7.119264687363744404e-01 8.098945674640248837e-01
1.016963909914160302e+00 7.153012036292935028e-01
9.827001061595649345e-01 7.893016600290552187e-01
6.152307561367008626e-01 9.448185840934405499e-01
3.930574010430791243e-01 9.578141332028785593e-01
5.691935015200286774e-01 9.302940061998893340e-01
4.012511829602174451e-01 9.968625094203531489e-01
4.394335420734241104e-01 1.015682512817671856e+00
-1.842161928518372405e-01 9.983359670061197066e-01
-5.678760620728436903e-01 8.498400560925333247e-01
-4.361599086808036208e-01 9.179013332321703800e-01
-6.942581764660480381e-01 7.971917541285213904e-01
-9.095304858351798138e-01 5.045845948838192374e-01
-1.014308188039569458e+00 -6.323670874730274311e-03
-9.418057664227933445e-01 -4.475451987835520895e-01
-7.397117026033965814e-01 -7.141744301526781191e-01
-4.874215465872774877e-01 -9.054229273494215358e-01
6.617801640872511548e-02 -1.047901302523150502e+00
4.284463334083812303e-01 -1.053645545797349925e+00
-1.055140143379364320e-01 -1.015388651585040769e+00
7.379925515048822993e-01 -9.224399190051648656e-01
6.826948089171414047e-01 -9.371737044887964441e-01
2.428265894598275465e-01 -1.020395998178621699e+00
1.115572595166373970e+00 -6.093590231824629333e-01
2.153480972529734083e-01 -9.771606003698792842e-01
1.048474669704235085e+00 -5.069484142500405577e-01
1.056506035123484954e+00 -5.373545125925589527e-01
6.475737091535394008e-01 -8.453144740259876944e-01
8.788885779415808175e-01 -5.962284032557736424e-01
7.273207638134663311e-01 -6.926578355995336445e-01
8.478126906208903746e-01 -5.627279127781100732e-01
8.905350098580747664e-01 -4.708801910591497442e-01
9.362098098766378218e-01 -3.638096770317501005e-01
1.007163433747315651e+00 -1.414108728820477889e-01
9.526670498713338819e-01 8.679083843141432997e-01
6.135724604848453723e-01 9.541480206716494994e-01
1.022834693512117976e+00 6.329473448425181337e-01
3.290002549447111346e-01 9.593555091708079186e-01
7.059995546492027207e-01 8.343512478079504469e-01
5.349792947039531121e-01 9.718857436026762109e-01
5.452709376382134376e-01 9.316785071770663507e-01
3.434101029191569121e-01 1.032217388690793491e+00
5.118476720401781144e-01 9.931172173934152969e-01
7.477008078259807233e-02 1.072869224587589931e+00
-1.763064121900643488e-01 1.022279865292059275e+00
-8.855332639779973924e-02 1.046692083448379051e+00
9.679057162698324890e-02 1.016250587763409818e+00
-3.486811130303987816e-01 9.510149529374456456e-01
-6.700178083538194107e-01 8.088099986415461240e-01
-5.017186182617554557e-01 -8.950826559905983304e-01
-6.525863218226838347e-01 -7.776679379393405256e-01
-8.378502002043862473e-02 -1.060722182303657002e+00
4.288400389653795330e-01 -1.053343582220748420e+00
-7.551740548791079088e-02 -1.036725500768797881e+00
7.291213713005119113e-01 -9.179894614619423798e-01
7.458350577673735771e-01 -9.172375444426955626e-01
2.583958025876728626e-01 -1.020191288101510940e+00
4.351296286591263551e-01 -1.019901738876391795e+00
2.285070184950413474e-01 -1.015080292661288963e+00
1.429841184764711060e-01 -9.919932597455825007e-01
1.017995395399069913e+00 1.550482527104967145e-01
9.575099277490065619e-01 2.998544631818013118e-01
8.889826614942317740e-01 4.625824177734326748e-01
8.013164911224783804e-01 6.848504131387879168e-01
9.584605961027141685e-01 6.926648343606747193e-01
9.006712503005778192e-01 8.385879745306115129e-01
6.530347615333783606e-01 8.287925710967601889e-01
6.968056341616940541e-01 8.243706592709696412e-01
1.007747635140649800e+00 7.299473307111535858e-01
1.021996419685542223e+00 6.189534402771144084e-01
6.960727504109789354e-01 9.143648264537632686e-01
6.822325664693826286e-02 9.987223640549031112e-01
7.049702007266992476e-01 8.714815248608855924e-01
3.523848262979800139e-01 1.005131066146564445e+00
-4.893908119921935168e-02 1.047868721339829223e+00
8.993832113552326091e-02 1.026752634615965221e+00
-5.786515529907297894e-01 8.322031156129545693e-01
-4.015470605836474194e-01 9.629480286649031440e-01
-7.623949920677030034e-01 7.581309511754631414e-01
-9.643964479355986441e-01 4.283134428277644012e-01
-1.015900619722517328e+00 -7.565039223003946003e-03
-9.559623740711881146e-01 -3.667591673559622567e-01
-8.277971493444928885e-01 -5.715965254485488867e-01
-2.327102332353282732e-01 -1.062411320657571823e+00
-6.327964551899663004e-01 -7.837833687184059261e-01
3.415799456090562458e-02 -1.054932697057268998e+00
-4.438381227277198721e-02 -1.014029379665069674e+00
-1.608464862283047470e-01 -1.008538985350838191e+00
8.019631112662827244e-01 -8.929344856698667732e-01
3.784447714036217048e-01 -1.038572994602215083e+00
9.630698683824010509e-01 -8.154900787919706628e-01
3.720103970067847321e-01 -9.532472454446201393e-01
6.105744646921257290e-01 -9.418592513049354187e-01
1.096238551593147648e+00 -5.038631637880952585e-01
6.368505461005574686e-01 -8.560645295402451449e-01
1.039679506843353751e+00 -4.811495833544295331e-01
7.428954502470179744e-01 -6.987949036802832969e-01
8.323896108948474204e-01 -5.845329965016058393e-01
8.772868680844762013e-01 -4.886633016461421897e-01
9.353391287173559165e-01 -3.669523679056084231e-01
1.009556085441308371e+00 -1.385228046921926914e-01
1.085540464480270195e+00 1.573137367407267673e-01
8.465145394110042965e-01 5.397964788848831352e-01
8.742600374670028707e-01 4.978244563303719228e-01
8.292238997857388494e-01 6.873346600455982891e-01
7.775015302254572047e-01 6.441459865825670539e-01
8.094824325579594859e-01 7.625515436406682390e-01
8.020820609011046765e-01 6.937634833142907187e-01
7.976696382363144266e-01 7.664930358657137122e-01
9.277564930561021939e-01 7.645059110299599059e-01
9.173969837321147569e-01 7.694665689272551790e-01
7.555762893234446720e-01 6.918376724431769542e-01
7.493436724130931870e-01 6.886203457873897316e-01
9.291255682269392580e-01 7.385890792715313902e-01
9.514517996558939927e-01 8.036907332301116424e-01
9.640531307376343229e-01 8.743320849306764897e-01
9.292712600676322765e-01 6.326903835397925668e-01
5.065218769462284110e-01 8.777355405672259137e-01
6.541039060929835225e-01 8.318019147855869599e-01
6.918552016469049493e-01 7.919971773747647159e-01
5.345029793066887747e-01 8.588500014763481571e-01
7.756829464693164589e-01 8.448308986294114087e-01
9.016536584863692472e-01 8.713980324673832323e-01
7.178523845739555043e-01 8.103582868756546986e-01
1.047448850686226285e+00 8.462709107233851169e-01
9.216809585071673583e-01 8.957963653475146115e-01
3.461745778586687305e-01 9.436083663022449830e-01
1.019989799719476897e+00 7.005866399651864418e-01
1.012886396357782104e+00 6.785342112863999020e-01
7.229622120566808752e-01 9.046363131974969329e-01
7.136600393066128145e-01 8.831232999109543957e-01
-1.305957944997755971e-01 9.956036345962921974e-01
1.978460409981613877e-01 1.002002181245674084e+00
-9.133252021308800594e-02 1.060210741604378448e+00
6.271748060371504230e-02 1.029883182445820999e+00
1.261264076344367491e-01 1.023073606124490054e+00
-4.887888955746869657e-01 8.830102440028030353e-01
-7.261360283194724374e-01 7.590632359113679284e-01
-6.638188441867554079e-01 8.101573355465883086e-01
-8.907293851574564769e-01 -4.811122895061970550e-01
-3.628218926372979714e-01 -9.324652298360953662e-01
-6.493433718389461928e-01 -7.914360300337689447e-01
-6.403539945119733900e-01 -7.797728040599138932e-01
4.688460022230893642e-01 -1.047270356178362949e+00
4.230243053500864492e-01 -1.073595724777060667e+00
7.254474233139930339e-01 -9.561279181935632421e-01
-1.641738201038101252e-01 -1.019815201898692791e+00
-7.915453629549557002e-02 -1.020532397792596635e+00
3.932673328035807270e-01 -1.012706392454456150e+00
1.140759442987905325e+00 -6.117840593080361433e-01
8.839181670959995740e-01 -8.646156727978879797e-01
6.377741245014263427e-01 -9.429136567912548283e-01
4.449148117227388899e-01 -9.389916469094171658e-01
3.409655354574737673e-01 -9.754143532406033268e-01
1.044060938811421257e+00 -5.530971204710702915e-01
1.043268123352679710e+00 -5.440932285698143467e-01
9.364826990048051858e-01 -7.834796715572951431e-01
1.058088368489247699e+00 -5.281640328922412309e-01
9.141140229480727575e-01 -8.410463339295588536e-01
5.294488524669692664e-01 -8.681043666082468580e-01
5.606835046794600430e-01 -8.500370868441924355e-01
7.380281841920486308e-01 -8.396777916957851584e-01
7.315113618291904096e-01 -8.417179685667466327e-01
9.302524251106054631e-01 -7.243720971467614289e-01
6.298698595318418247e-01 -8.476790919222156884e-01
1.125935378318334790e+00 -3.760452295051205374e-01
1.143177085293400230e+00 -3.536089256456685370e-01
7.204678791976537600e-01 -6.965507813209407262e-01
7.903247796892565180e-01 -7.869874476277964881e-01
7.932042105438918966e-01 -7.877375119155748395e-01
7.966042996965914114e-01 -7.332488148887290613e-01
8.406918979972504147e-01 -5.602047349758146888e-01
8.655797922622638918e-01 -5.556470426261945761e-01
8.914228239105036478e-01 -4.704504990717990887e-01
8.838518216304357411e-01 -4.782266826901439005e-01
1.108289604603847511e+00 -3.543830970140132708e-01
9.298958252215566711e-01 -5.401759444186255976e-01
9.487095698612455497e-01 -3.359286977382711092e-01
9.338301355294792438e-01 -3.685467158855210701e-01
1.019456488713260445e+00 1.522615923368934865e-01
9.556450403652310133e-01 3.005103830299593048e-01
8.828102704864613237e-01 4.729911482996955741e-01
8.127272912804315297e-01 7.417764924216376787e-01
7.942518267277830502e-01 7.904756514840672876e-01
7.824552091969756429e-01 7.850407718910423771e-01
6.538908271249243009e-01 8.326156829846714791e-01
7.197486742423558903e-01 8.235300985683581265e-01
1.055642465600138191e+00 6.740633614371009941e-01
3.402340209566879214e-01 9.427017141126233790e-01
6.402193638086655092e-01 9.138826546640490545e-01
7.702654231998374845e-01 9.087683185832506894e-01
3.931443136234263336e-01 1.008293838383326646e+00
4.487300424913246988e-01 1.014685057439735694e+00
-1.156198876132465553e-01 1.008422315212556875e+00
1.371418572486335086e-01 1.050796509239107168e+00
-5.343506067308537721e-01 8.454592585044143904e-01
-7.293756001009115142e-01 7.324758600947479659e-01
-8.582835791833636208e-01 5.160401269981382821e-01
-9.711217877894028350e-01 3.375807757838136247e-01
-1.017681415649543952e+00 -7.501738389221586367e-03
-9.667358809213222326e-01 -3.252116190548537400e-01
-8.678254153201454546e-01 -5.028311137790977270e-01
-5.922475771966813074e-01 -8.403777323468466509e-01
-4.921433463780450213e-01 -9.093911023942499172e-01
4.988979852066305343e-02 -1.058328641087489252e+00
2.311692170456838558e-01 -1.041951325656386373e+00
-1.473991052673204460e-01 -9.971562336646025981e-01
7.529352794882354649e-01 -9.203460016883163730e-01
4.208479720373208277e-01 -9.575232824469684934e-01
2.203559215125542037e-01 -9.863476654307650193e-01
6.388575652496633062e-01 -9.708500627256260174e-01
3.630750217365384946e-01 -9.489286229073701229e-01
9.412260160037079215e-01 -7.449519059028035795e-01
9.143333432085847257e-01 -8.260487423473606983e-01
7.257257783121519035e-01 -7.817107952713059360e-01
7.572904078517125326e-01 -7.449237237133122802e-01
8.402718065169418882e-01 -7.056144815615775778e-01
8.770280027548251756e-01 -5.240665574577382246e-01
9.377748627323179154e-01 -3.558359320849852070e-01
1.008086485377363006e+00 -1.406114690445100235e-01
9.654122462051347719e-01 3.029315556421302569e-01
9.384862531751376746e-01 4.496305074214362318e-01
8.904914333899259793e-01 8.171773886850994817e-01
8.016641750597308658e-01 6.905723439704276601e-01
7.282254932789584689e-01 7.123422546887356877e-01
7.563038261579033694e-01 6.986593283143566202e-01
7.527519411288621232e-01 6.950653783875923031e-01
7.928051424315891715e-01 7.970159268107973594e-01
5.688901924276545952e-01 8.513064696471813741e-01
1.102831676159318208e+00 6.839530529651840496e-01
1.129679992647365294e+00 7.620612820073874305e-01
7.381906600927877760e-01 8.159683548573789524e-01
1.142189140233856870e+00 7.187234217032950623e-01
1.023884873256585948e+00 6.576475812636357610e-01
6.201678482514259017e-01 9.356037451469838562e-01
1.059581307936247940e+00 8.490902711290120308e-01
6.782673913085953687e-01 8.799957664587856332e-01
-1.957586839713421623e-01 1.023440226427288602e+00
-5.613202604223554992e-02 1.011206525188188765e+00
1.848559059447789921e-01 1.026732491123057756e+00
-5.824366196609189750e-01 8.416557167664295847e-01
-6.982432189048071169e-01 7.211001515543297158e-01
-7.091262430571523279e-01 7.497450475427323013e-01
-9.334984834317275881e-01 4.213562384833287044e-01
-7.042532984706161292e-01 -7.852677197693569422e-01
-5.991376055155567260e-01 -8.351103926543754774e-01
-6.652449887288246488e-01 -7.771249811574705291e-01
1.728580499266640230e-02 -1.036722126453431203e+00
4.175058703745507804e-01 -1.089491320524599294e+00
1.235171224347582711e-02 -1.038723147817697923e+00
4.585144644390247159e-01 -1.025621966189080636e+00
8.908802942687259474e-01 -8.923271845001226055e-01
2.662469464869839930e-01 -9.904753271340585030e-01
1.480029624558089341e-01 -9.930511741606042886e-01
3.726967885369040778e-01 -9.699624396541177695e-01
1.101730824743822446e+00 -5.065759199876564978e-01
8.455961521176050821e-01 -8.455810251264411770e-01
8.398297751074713657e-01 -8.475185119069275075e-01
7.294840671638973539e-01 -8.429556752069887748e-01
7.639831102045436806e-01 -8.236440971904109842e-01
7.291295628688507779e-01 -6.927068638257199984e-01
7.250585669215249274e-01 -6.954774829489167587e-01
8.804036858153624356e-01 -4.769832433800295646e-01
1.021074433064204534e+00 1.483025777974162907e-01
9.542172027916506760e-01 3.020735894794402965e-01
8.773353664562080212e-01 4.824090857006213540e-01
8.146679831993940413e-01 7.987782682257857925e-01
8.158198844689101836e-01 8.162958773848169036e-01
9.614944181242482957e-01 8.704113799967166942e-01
6.546734455370106787e-01 8.369178332664077846e-01
1.126195051303859218e+00 7.734327699634323539e-01
1.151685427719468136e+00 7.039690467175143684e-01
3.634406588562734686e-01 9.586041408236851691e-01
6.182107935013044786e-01 8.949526680716965998e-01
1.748184126399725813e-01 9.917689780819315404e-01
3.920741396543883650e-01 9.899197795141607692e-01
-1.033815907748842633e-01 1.042038060429317570e+00
1.244454373110832762e-01 1.027347014908791989e+00
-4.943069016263059168e-01 8.704470307272572649e-01
-4.078201081281257467e-01 9.295235771806209524e-01
-6.252141185955740754e-01 8.120667890016476376e-01
-9.018564466018499370e-01 4.486860603120895186e-01
-9.677068630484219058e-01 2.926077964830084976e-01
-1.019732984791076991e+00 -5.879507037392241175e-03
-9.775013456397377842e-01 -3.048062460529351592e-01
-8.713426557029047004e-01 -4.930857820061234631e-01
-5.630827179090597268e-01 -8.604650302211619417e-01
-3.998967020594842992e-01 -9.202125623908155028e-01
3.525290565929298237e-02 -1.082269071928473991e+00
9.279594461680407136e-02 -1.034822557939322651e+00
2.147481059874455922e-01 -1.057565868894791317e+00
5.037849201393442833e-01 -9.902337379007367657e-01
3.989616710541349365e-01 -1.000938997956206222e+00
3.859213603628341982e-01 -1.008105073447247868e+00
6.192775588803496323e-01 -9.737376738886825978e-01
6.085930929044220949e-01 -9.654277454092053956e-01
5.702116676344151092e-01 -8.889404332849392132e-01
8.624029621081109598e-01 -8.445865487547411510e-01
6.450910575548113313e-01 -7.688552504595610460e-01
7.744132782206984977e-01 -7.779945012476808808e-01
8.230637751269526126e-01 -6.877013078828607684e-01
9.168134012745200456e-01 -5.403263156162935177e-01
9.370647739286436240e-01 -3.598407229075857305e-01
1.007806935915692703e+00 -1.404910616826578196e-01
1.085102179548070200e+00 2.814654782709830050e-01
8.804893659206703971e-01 8.141599041097457023e-01
8.040447289581157397e-01 7.638460971696231505e-01
7.404393575248502390e-01 6.923754371214659864e-01
9.191075191768767194e-01 8.337234188859026229e-01
9.119508692327914501e-01 6.149850951184729908e-01
4.759431637466344234e-01 9.273297791048300542e-01
6.972589874013863653e-01 8.246449349177645827e-01
1.064450829280588984e+00 6.879004309379775917e-01
4.499003736707152257e-01 9.703823875970887247e-01
1.777846463805756450e-01 9.859151273891216816e-01
5.270285429523715592e-01 9.949571234399720021e-01
-9.113817081797394304e-02 1.060109183189648974e+00
-7.293752092617113159e-02 1.024741085419341724e+00
1.151238583378264152e-01 1.023593402818483211e+00
-5.046762529402729625e-01 8.647711955153849495e-01
-5.705640442042186899e-01 8.474839684425253816e-01
-5.215425859244140483e-01 8.544353024745452441e-01
-5.736629160230768409e-01 8.632975089316736739e-01
-6.576521943085054112e-01 7.616094963698267772e-01
-5.657892894265403871e-01 -8.628603391859188676e-01
-5.530109529769882126e-01 -8.780710889768853500e-01
1.024011116884570582e-01 -1.077191368282068851e+00
-5.749932069488644659e-01 -8.216137836418798690e-01
9.345472532143724032e-02 -1.060236437421931965e+00
-2.204072820971503255e-01 -1.003525516556640351e+00
7.194396936111604468e-01 -9.804743455943256691e-01
-1.639996935146761647e-01 -1.004455645347614556e+00
3.648129915481435614e-01 -1.022505591294089022e+00
1.053543022481094216e+00 -7.127470811052817323e-01
9.201419884161796681e-01 -8.330628174175783718e-01
1.046897995192035635e+00 -5.410254305701629463e-01
8.983472077555628710e-01 -8.030412361937587784e-01
7.490732500045408360e-01 -8.496181806839270267e-01
7.430625652381918078e-01 -6.932724911283469904e-01
8.850213658445776899e-01 -5.158654788471873642e-01
9.305283203121330615e-01 -3.667116152001373974e-01
1.022780498613188982e+00 1.435994606939204055e-01
9.548408182885216311e-01 3.060256721647994782e-01
8.861313529113841181e-01 4.695126877492428186e-01
8.618580522560070900e-01 8.111277683373507852e-01
8.277671982944105888e-01 8.230640273750434721e-01
9.054466602656435770e-01 8.651105092763478055e-01
6.894997656271176778e-01 8.133563182912508793e-01
1.039514950745628497e+00 8.615635046463191449e-01
4.800872277209518035e-01 9.353496151826524718e-01
5.838644149410455730e-01 9.585805349703259148e-01
7.679989463618138723e-01 9.185210589431801464e-01
3.579880269056768816e-01 1.035748628904507029e+00
4.838005109984127583e-01 1.037314548607723319e+00
-1.016244874109068219e-01 1.023122557947572675e+00
1.360941202301106101e-01 1.057255012485275980e+00
-5.118893764559520054e-01 8.608055513965680028e-01
-3.653556863575141977e-01 9.706618525985434287e-01
-6.557598736162871811e-01 7.907826614140308630e-01
-9.156337947321719906e-01 4.424744347294955471e-01
-9.728481003412463579e-01 2.707015847464998015e-01
-1.022132810054224850e+00 -3.204276759250526858e-03
-9.880903383277012120e-01 -2.928438841260869174e-01
-8.604563721954344713e-01 -5.165549480219024936e-01
-6.634645347677570193e-01 -8.135339311483736902e-01
-3.618038516642025915e-01 -9.623876387173793123e-01
-4.615898975234869472e-01 -9.156586154452456272e-01
1.273757365152729248e-02 -1.034261606959400170e+00
3.008586671059629847e-01 -1.071670581684209367e+00
-9.459415054345057805e-02 -9.994850261398946500e-01
5.520202036851552529e-01 -9.811644512500922177e-01
2.886081043421403480e-01 -1.006566246874451398e+00
2.628589998396826943e-01 -9.672638338530886726e-01
3.982793265166859609e-01 -9.383742372875573112e-01
5.842950311201292601e-01 -9.198541915499066635e-01
9.213168903012333155e-01 -7.987836942609729540e-01
6.480970431363087814e-01 -7.732578296240901761e-01
7.708363429949782741e-01 -7.710786890969157925e-01
8.202743154626545019e-01 -6.842432860855682808e-01
1.000724628495474722e+00 -5.052360607937724790e-01
9.308470256723517799e-01 -3.674066262275456074e-01
1.009359159098067948e+00 -1.375612736655528467e-01
9.720773810813250204e-01 3.834390169820745542e-01
8.003658039870119589e-01 7.639375050697448932e-01
8.351785155504579672e-01 7.804373758981026921e-01
8.054261898812214993e-01 8.041414796591808134e-01
7.740012081235045915e-01 7.139788550724799343e-01
1.083290889382423128e+00 7.680612095826809815e-01
1.091523040567158098e+00 6.192177419484272693e-01
1.090630003415210769e+00 6.371439739482085418e-01
2.862157403677915157e-01 9.992814992242098349e-01
1.542935290209903609e-01 9.990685903408426105e-01
-1.096322526527010038e-01 9.987242611720748009e-01
4.183648922754978211e-02 1.011171818186402449e+00
4.644299858126540448e-01 1.017951366516478107e+00
2.152961741158999631e-01 1.039262054113193834e+00
1.610774812176788973e-01 1.066206536159775675e+00
-1.954733899417672449e-01 1.041803427656460723e+00
-5.727908793536673482e-01 8.744227378007001228e-01
-9.732806104562223837e-01 -4.040380379377390141e-01
-6.447574454598760108e-01 -8.334980443277534290e-01
-7.024882600216686424e-01 -7.764610368052752287e-01
1.631509994605035915e-02 -1.086035303127191431e+00
-4.234827125591008046e-01 -9.110865501246753206e-01
-2.680199386176359069e-02 -1.026450474116496814e+00
-5.446373508530411717e-02 -1.000162942404400512e+00
-1.325111789373946691e-01 -9.977775639760473325e-01
7.195999017676740772e-01 -9.838322153035379269e-01
5.008427108754606172e-01 -9.553773643259937387e-01
4.394685051819807731e-01 -9.386890923794187769e-01
6.915111534602448318e-01 -8.439768095532671488e-01
9.600517098200678223e-01 -7.189742784388111208e-01
7.570648887320822196e-01 -8.595908804235468104e-01
6.808793863281956682e-01 -7.510791542702731638e-01
7.098153200240289173e-01 -7.602923144149380530e-01
7.565459894087465109e-01 -7.482610606859682045e-01
9.055398924574993291e-01 -5.343420841059741688e-01
9.299879414446151626e-01 -3.678574830359531700e-01
1.024771791769472973e+00 1.366053006911297218e-01
9.617703729466234863e-01 3.099448498306484612e-01
8.813525995544218006e-01 4.773300246159810079e-01
8.525782898358630346e-01 7.715269690690383930e-01
7.923398015324210064e-01 7.805196390215074498e-01
8.362345833910116433e-01 8.520977205248929653e-01
7.082358454256784119e-01 8.047438072585861857e-01
6.629694328232452749e-01 8.480359939571162631e-01
3.225907121786401599e-01 9.477521014441983027e-01
6.822724134020043962e-01 8.966034641818889650e-01
1.770783715097566935e-01 9.883916156600178748e-01
4.256124257847755388e-01 1.021942506008633345e+00
-1.897270497877495410e-01 1.003589855514350315e+00
1.797509857366345193e-02 1.047418709278267412e+00
-1.247156378749837563e-01 1.065901902584511785e+00
-5.290558562299748635e-01 8.489893987623036153e-01
-6.678868209862546257e-01 7.486185400656868438e-01
-6.639635349960801847e-01 8.168596254770050802e-01
-8.918642942600099044e-01 4.774609586778981174e-01
-9.820552366774731867e-01 2.583158559143752253e-01
-1.024696563379873693e+00 -1.533529937820659076e-03
-9.968267342522215690e-01 -2.763392613130946085e-01
-8.635853826880930395e-01 -5.479954421514807716e-01
-7.079918946280335801e-01 -7.861475805666947592e-01
-5.721830769403521977e-01 -8.377536067093570571e-01
-4.279086281853075047e-01 -9.366211373072726998e-01
-3.402244288896399960e-02 -1.064541816125748053e+00
-1.079841358810299488e-02 -1.060591506726230371e+00
2.209958947463479817e-01 -1.058397680882520842e+00
4.124713576008862126e-01 -1.054093669031941127e+00
4.181593790443283720e-01 -9.996406926653970126e-01
3.144384614356445784e-01 -1.011444341902905997e+00
4.141682075817301745e-01 -9.436401446132537396e-01
6.004157102262343004e-01 -9.267878366442723337e-01
7.623111274141759486e-01 -8.606551187254356527e-01
6.659534031650171659e-01 -7.676959858301559692e-01
7.643884547796720996e-01 -7.547654789419883103e-01
8.194701315366488270e-01 -6.932776327339661426e-01
9.473139427868861873e-01 -5.329485293085696185e-01
9.318980088044802601e-01 -3.640744689942352341e-01
1.012376973977872741e+00 -1.331163761437789694e-01
8.887071656359454286e-01 4.627879696683833144e-01
8.609616786271190314e-01 7.974618877146268936e-01
8.644891927747424543e-01 7.911570208239139257e-01
8.831789947311278199e-01 7.874326260050829029e-01
9.490340591100850931e-01 7.721295896457501806e-01
7.830808357266962894e-01 7.220160656766675400e-01
7.935430098436667690e-01 8.347168697367880474e-01
7.646863163652591888e-01 8.337176960320759056e-01
7.518518340099780151e-01 8.172956271858102806e-01
-6.348906309585254648e-02 1.013736963009521652e+00
-2.405457008578945899e-01 1.021238515013752401e+00
-3.901787103783516120e-01 9.247563387168795668e-01
1.196405725605324821e-01 1.102440573022278381e+00
-3.874779255024199953e-01 9.237493412495938472e-01
-3.701131796429095733e-01 9.943769458740258083e-01
-6.470178316837783550e-01 7.994378216814014282e-01
-9.876347841026746899e-01 -2.937810786432715204e-01
-8.119104182590226593e-01 -6.007358070255276461e-01
-4.936014958488720294e-01 -8.996509573144298999e-01
-6.509979937536354566e-02 -1.059994420097303713e+00
-4.239623099468323719e-01 -9.070494191793866401e-01
2.354978536305910586e-01 -1.049967899073473321e+00
1.641372851298927016e-01 -1.033669290098527593e+00
5.931197553683141832e-01 -9.647847983594459720e-01
6.310348302907807794e-01 -8.591851841647708543e-01
7.132751209788931179e-01 -7.810654096391580481e-01
6.570896265714855078e-01 -7.828405007639130941e-01
9.124958225593162719e-01 -7.306835174231753882e-01
8.128585179670649863e-01 -7.012606315636983334e-01
8.940971320560202606e-01 -5.378046624982530943e-01
9.674273555637832311e-01 -3.151464980244772507e-01
1.026426401350955198e+00 1.277008875427278478e-01
9.745692715223159830e-01 3.097351927374644709e-01
8.861419630935234437e-01 4.677987520765838902e-01
8.246384097953846082e-01 7.020047483064866256e-01
7.806157053339214391e-01 7.515815658279797473e-01
8.214741760333532650e-01 8.451181487623643518e-01
6.926839003207667655e-01 8.097037198584861040e-01
5.125356792712263410e-01 9.005145028329200052e-01
4.056508559900861011e-01 9.589545175881041272e-01
6.653053105651309806e-01 9.482814652650315423e-01
3.650890901696154378e-01 1.031406715611118408e+00
3.487108090066021737e-01 1.048865258516903154e+00
-9.545984618417928391e-02 1.021519343370424826e+00
1.140766020321476865e-01 1.086398522669764555e+00
-2.545402570168822654e-01 1.018245647155936240e+00
-3.959762064395496162e-01 9.455879578355296244e-01
-6.539948647040573215e-01 7.696701910537160352e-01
-7.609864947181984585e-01 7.652813336531615329e-01
-8.934566866715556444e-01 5.028786279592809549e-01
-9.937355597425900910e-01 2.484128269890771290e-01
-1.027358869331912006e+00 -4.939114239449005420e-04
-1.005243960399476943e+00 -2.532565319832871809e-01
-9.005588129471974179e-01 -5.337268481805899079e-01
-7.725451461178868273e-01 -6.821520531232697637e-01
-5.490910158456940859e-01 -8.801880052926961406e-01
-3.741691362634590456e-01 -9.634199318145658664e-01
-1.896752220504707154e-01 -1.060033981073778442e+00
3.629205197191896076e-02 -1.075470198540832367e+00
-4.599882748114219461e-02 -1.013103108588301993e+00
1.727427896209984392e-03 -1.005497892518092407e+00
4.711629731256590237e-01 -1.001244689284519707e+00
2.270712522595839111e-01 -9.806654574349019660e-01
4.438536810254984921e-01 -9.493364646423195774e-01
6.275015626228952481e-01 -9.578694782128029939e-01
6.416000976422494562e-01 -8.539476793487218442e-01
6.760394939052062346e-01 -7.678970170987003963e-01
7.669917246966149182e-01 -7.564436721287334242e-01
8.262155695544782796e-01 -7.050213348204625863e-01
9.276034815631728492e-01 -5.259921114782655227e-01
9.456705735581242278e-01 -3.729198852799818775e-01
1.016870513244794827e+00 -1.269101281098201917e-01
8.854242471194039288e-01 4.651482010149519120e-01
8.386330209576730033e-01 7.402306828867099009e-01
8.247329438986110706e-01 6.733493906392197248e-01
8.874129380908452047e-01 7.777673727044829288e-01
7.890610211426299925e-01 6.993890827411828326e-01
9.048410213996055385e-01 8.317507623823816587e-01
7.789110824863326732e-01 8.047317122417660951e-01
6.068068372675637923e-01 8.475495923332287962e-01
5.222698204170257430e-01 9.746731864231616971e-01
1.375689857470183686e-01 1.075867439330544295e+00
-3.156152223593950423e-01 9.627624987047964655e-01
-2.014423903034178454e-01 1.044205693841197435e+00
-5.504656014048604773e-02 1.089271272813888469e+00
-7.117280764914528657e-01 7.393212513314243450e-01
-7.199165952857696782e-01 7.293443815883778880e-01
-7.087543673476606187e-01 8.103376978726117841e-01
-8.016896631807226559e-01 -6.329476179113002754e-01
-5.153741033225793799e-01 -9.035204951336091028e-01
-3.837442108677360103e-02 -1.086562178548321489e+00
-2.130628677840649410e-01 -1.059928165670871891e+00
-3.982214052872583565e-01 -9.257542665978999441e-01
-1.746637325366413029e-01 -1.027786313994915046e+00
-1.347670094979604993e-01 -1.002077821078149800e+00
4.518320677732850510e-01 -9.871772575339247124e-01
2.249967660593493179e-01 -9.808526091988415407e-01
2.520975159961450496e-01 -9.766900216835830983e-01
7.022504308978546606e-01 -8.254309053087127701e-01
8.767347653832392451e-01 -8.292182556417339034e-01
7.060007858173819040e-01 -7.692740572345142525e-01
7.652907207833261616e-01 -7.444173886102841697e-01
8.018298874196279069e-01 -6.643989418250304535e-01
9.167922693413061985e-01 -5.333090198143164429e-01
9.437807759051870526e-01 -3.693068953483572003e-01
1.027836762852559760e+00 1.172225886062090994e-01
9.891732970575680683e-01 3.033385969303119545e-01
8.943700363632973716e-01 4.670703128056097886e-01
8.377517754442582731e-01 6.965022979402070158e-01
7.991362147389944326e-01 7.653114255870014926e-01
7.806904072127971439e-01 8.065796111592756779e-01
6.484999276721431505e-01 8.406743794305302497e-01
4.601778448222248463e-01 9.388185925794282349e-01
6.048549363526795064e-01 9.582413460484380252e-01
3.619803776877338342e-01 9.936785492028578082e-01
4.448916080158649700e-01 1.039635627373499238e+00
3.495668083510301838e-02 1.028501613680724791e+00
3.236645111149302756e-02 1.064800094539481767e+00
-5.556056324181238987e-02 1.079656570188646469e+00
-3.609703068146435379e-01 9.546739339350771569e-01
-4.295073682913915780e-01 9.636801828398279257e-01
-6.655150721426560390e-01 7.825475546108767722e-01
-8.085547008037131667e-01 6.491698363771438718e-01
-9.273997613583558897e-01 4.903871319361993719e-01
-1.006362975254326164e+00 2.352384762363073922e-01
-1.029979814239817770e+00 3.844976251097425354e-04
-1.014076580680491668e+00 -2.320153507340087795e-01
-9.413094378314014188e-01 -4.625748521440327665e-01
-8.211826074760182337e-01 -6.199298169929556845e-01
-6.666071932440136294e-01 -8.118455034201953469e-01
-5.390422205227891617e-01 -8.646277361530374517e-01
-3.763431047315869415e-01 -9.286224144453418816e-01
-1.016581426274019151e-01 -1.057359051601421518e+00
4.444455433768695202e-02 -1.062144133283886571e+00
1.330462508644291442e-01 -1.039459845382486591e+00
3.006511654844772341e-01 -1.044841959025605505e+00
3.260373683068578110e-01 -1.032077592108920028e+00
3.810350700780518740e-01 -9.648753927495707927e-01
5.921860877024353043e-01 -9.577410855003384293e-01
6.061123014300933143e-01 -8.816907602271556454e-01
6.829856034951005128e-01 -7.691617321334850432e-01
7.755878066768465695e-01 -7.638633381253928656e-01
8.494079508619609697e-01 -7.007267865657843542e-01
9.345303275720725500e-01 -5.141133472796427517e-01
9.641529135982478405e-01 -3.634518354038016597e-01
1.022519515416769220e+00 -1.187523576302181028e-01
9.378304780532241702e-01 4.353636181449140885e-01
8.444556582967017722e-01 6.742018576403552288e-01
8.474751879623465545e-01 7.098755900938513719e-01
8.120729824770839267e-01 7.831016267053050317e-01
6.901872211436098636e-01 7.348480483707658939e-01
6.486446813237362052e-01 9.281301609622959470e-01
2.821635248263140716e-01 9.917317920380873675e-01
3.700067187990385698e-02 1.095023553843076147e+00
3.914626227896731564e-02 1.100561988929803725e+00
-3.124473224710549446e-01 9.512074822119628292e-01
-5.563468350188571776e-01 8.343427743268730934e-01
-6.317702499270161365e-01 8.281484226749262767e-01
-6.843249992456841291e-01 7.655625999595104814e-01
-8.510299209659946129e-01 5.299376258973100828e-01
-8.620563835216652482e-01 5.115106724437682439e-01
-8.248537243625616577e-01 -6.214476350285204065e-01
-7.474859378426154111e-01 -6.667259238582652348e-01
-6.887704226538724495e-01 -7.968068418020737287e-01
-4.647753026460856862e-01 -9.276410161219560413e-01
-1.628182477270327944e-01 -1.079738183145357855e+00
-4.360511125014147615e-01 -9.270362797341565875e-01
-2.120671639876900161e-01 -1.051383147374929328e+00
-1.890146728603246118e-01 -1.043469667376020205e+00
2.881117432890876739e-01 -1.037703022035730616e+00
2.965487554701972117e-01 -1.015077241716540568e+00
5.915800688763359627e-01 -9.859579565970034709e-01
5.982595764088534107e-01 -9.604843342917298576e-01
5.463412916457447421e-01 -8.693411901839613876e-01
7.380754548668480020e-01 -8.158225028268045742e-01
8.131926957902564368e-01 -7.136599963224609100e-01
9.089450064202259094e-01 -5.018236970626662741e-01
9.768853563100879933e-01 -3.338897278557685921e-01
1.029965439435291730e+00 1.064699109438895092e-01
1.001126887125584064e+00 2.915078939891502796e-01
9.208622137216271319e-01 4.552137572933029896e-01
8.671556149688114390e-01 7.000522229251650019e-01
8.303389474038459506e-01 7.908270818124855106e-01
7.240204544413703092e-01 7.486973658530677866e-01
5.916464635903043723e-01 8.547928770485795358e-01
4.684394732699733166e-01 9.492535624832318941e-01
4.568720493819188877e-01 9.774936683083860212e-01
3.840144501444799352e-01 1.022887055417018187e+00
2.146249074611098484e-01 1.013237890425459531e+00
-3.191714207104496409e-02 1.028382897838678645e+00
-3.652194632621422188e-02 1.062489066365796875e+00
-2.219656890856716303e-01 1.043708924815194283e+00
-4.131418685470892860e-01 9.420829559505378148e-01
-5.478933386764893720e-01 8.785370208997819175e-01
-7.024802625482151619e-01 7.895658358999659843e-01
-8.331482376255254785e-01 5.731961160600829164e-01
-9.600299252763503377e-01 4.419440687724308647e-01
-1.017122179519331038e+00 2.181827783370742513e-01
-1.033026778416854974e+00 1.496659448083640948e-03
-1.021687462356834164e+00 -2.117827429526521754e-01
-9.536790663193029927e-01 -4.069419766557826890e-01
-8.492049859054618954e-01 -5.663390270455519460e-01
-7.317840444543587397e-01 -7.549287790148101474e-01
-5.720327315234847720e-01 -8.593559089159216180e-01
-3.793806248573653450e-01 -9.688169471586371984e-01
-1.956541255223326059e-01 -1.064014158432800672e+00
-1.225723286839878051e-01 -1.039638764462406106e+00
-9.260017676094789429e-02 -1.009310304067270403e+00
2.128176868848292158e-01 -1.048095691573359467e+00
3.067590127826828050e-01 -1.031952398333614518e+00
3.778198576288627764e-01 -1.023221340714485228e+00
5.117392240327539588e-01 -9.452609862906133920e-01
5.833940379999543735e-01 -8.817867698313976987e-01
6.901423509090757191e-01 -7.709187216515601682e-01
7.826191920527870716e-01 -7.582006697090110103e-01
8.626105427385156732e-01 -6.671451617442268889e-01
9.471182107283664386e-01 -4.979616002225454863e-01
9.822193925131436076e-01 -3.345209815253848973e-01
1.028519986500468830e+00 -1.091249164806286642e-01
8.634932429521243735e-01 5.045243920278412730e-01
8.430923730255147630e-01 6.919357886883060749e-01
8.582753898846672280e-01 6.865003253952159934e-01
8.625763871258890214e-01 7.229967303597006900e-01
8.433984855160268079e-01 8.126888839675151521e-01
6.589852587342657220e-01 8.459114240828766729e-01
4.378457243418273914e-01 9.430645738619237717e-01
3.643693941082754573e-01 1.027446180692026534e+00
3.553225570409390133e-01 1.028666182065441248e+00
-2.135481952824954399e-01 1.049918059353084354e+00
-9.455539374027201183e-02 1.102025691075069869e+00
-3.242462667115845742e-01 9.672058523108909567e-01
-2.123798856764163856e-01 1.046702994293606581e+00
-7.169898686479847516e-01 7.854925873507911938e-01
-7.670678334502731843e-01 7.309962911272636088e-01
-8.454686532254747089e-01 5.714104651516666022e-01
-8.611841297950588725e-01 5.266992231254250534e-01
-8.249550180567126745e-01 -6.829592754835873691e-01
-7.026454558282623220e-01 -8.147697521507218932e-01
-7.663532481076243963e-01 -6.827558914322673367e-01
-3.249836141401392098e-01 -1.014386241954533086e+00
-1.006935452643836215e-01 -1.076723306253989820e+00
-1.247345113865251931e-01 -1.091690181309282082e+00
2.210187001015841424e-01 -1.035415810935976122e+00
2.685990883609441493e-01 -9.817105460466297728e-01
7.609663770519370374e-01 -7.047583361356323239e-01
8.754739740858763497e-01 -7.036991763358703134e-01
8.649327240921355076e-01 -6.937374612423323761e-01
9.626625293970477726e-01 -5.100554368294369922e-01
9.507646835429790499e-01 -5.010758630607407005e-01
9.772133502870826716e-01 -3.896627805175446602e-01
1.033269739145731503e+00 9.541025683378460964e-02
1.010063437711853140e+00 2.744995071294194511e-01
9.512629762426593194e-01 4.331352090137387534e-01
8.699268989554029829e-01 6.349996330058748084e-01
8.329173832948982836e-01 7.520359401794108889e-01
7.062563540673204576e-01 7.421990046322963774e-01
5.659391790422676483e-01 8.671309039863540624e-01
4.737659638129953499e-01 9.535908326830060400e-01
3.635107129185471964e-01 9.810098275847278781e-01
3.150172120298830314e-01 1.033949528762591941e+00
1.062039700928607416e-01 1.027690030597758541e+00
-3.193412617187446623e-02 1.046144610311261713e+00
-1.456222135021066344e-01 1.058060048573550294e+00
-3.230704971234847345e-01 9.860241600239201265e-01
-4.651453793466471809e-01 9.406512874202959118e-01
-6.481533192707248370e-01 7.937487738431976414e-01
-7.806061464331988109e-01 7.358615980136172796e-01
-8.664113070002015249e-01 5.511586806339636713e-01
-9.784722709530618845e-01 3.897593017889793843e-01
-1.025169736607458582e+00 1.978909170012875252e-01
-1.036510915750280537e+00 1.322305534153049014e-03
-1.026911614151159391e+00 -1.929177729885760417e-01
-9.680430709675855727e-01 -3.753405423553423659e-01
-8.743059751170585425e-01 -5.391756501411021363e-01
-7.742131323753489447e-01 -6.952990628143765894e-01
-6.350526436565757660e-01 -8.367306310829006888e-01
-4.820607920595901819e-01 -9.287052182957236113e-01
-3.577290907793886365e-01 -9.564506555613996319e-01
-1.911589149736316329e-01 -1.031707737608651421e+00
-2.624594857337487347e-02 -1.046742622343320051e+00
9.742855640812651818e-02 -1.033211484778721712e+00
2.429149855539062819e-01 -1.019775046072003866e+00
3.558298212057030008e-01 -1.030285768063293972e+00
4.612727239204828522e-01 -9.390170053311858167e-01
5.772272472480149963e-01 -8.846624063502067647e-01
6.939013146820023348e-01 -7.702819299416560073e-01
7.813319056003176222e-01 -7.230487292714657954e-01
8.546389146305584106e-01 -6.195953139915608698e-01
9.527820429709682459e-01 -4.717898374480937740e-01
9.967280329675604067e-01 -3.005381487479631963e-01
1.033546108451286250e+00 -9.945798536194618011e-02
9.597001134830331903e-01 4.420440898269128449e-01
9.079704831195292147e-01 4.650403690117743127e-01
8.467167926137385559e-01 6.250718723425003898e-01
8.737327592805823606e-01 6.172499949169539812e-01
8.635684819122959599e-01 6.927235772371412859e-01
6.891614505508757427e-01 7.588990980651736384e-01
5.006023352674564553e-01 9.477132357841596688e-01
5.171802345532853229e-01 9.591272033672404440e-01
2.710151129839581396e-01 1.008859645587939058e+00
-4.863628019634689409e-02 1.042402611160505588e+00
-1.621064585694674820e-01 1.053807557121865912e+00
-3.196481818811371944e-01 9.909575704855464462e-01
-3.213491478739345930e-01 9.725961011884172169e-01
-3.137628337153697267e-01 1.004202823232791975e+00
-6.644149043845178904e-01 7.750675605807975099e-01
-7.438133857940579796e-01 7.628002502813122643e-01
-7.575258188261384529e-01 7.586729631988268219e-01
-8.368452706178948208e-01 5.711702825649127568e-01
-7.691773954254912393e-01 -7.212770673742322503e-01
-7.715016474783397138e-01 -6.980859773611101105e-01
-6.447257645823049055e-01 -8.316648024929166327e-01
-3.627002149910054651e-01 -9.683920252485974656e-01
-3.321236307390530440e-01 -1.002089183250553184e+00
-2.498077692969492836e-01 -1.004468569249052923e+00
2.768114928338439307e-01 -9.977935317340846932e-01
3.305472826739038195e-01 -1.023538534990266813e+00
4.152162116798508995e-01 -9.352679390438517482e-01
5.920669549074579763e-01 -9.100372897283176554e-01
7.885094603554727577e-01 -6.831363206205255389e-01
8.449241130888808238e-01 -6.232802741141668657e-01
8.715961494069759397e-01 -6.333007205253369243e-01
8.660221293175873747e-01 -5.999912997789798030e-01
9.471916832237177175e-01 -4.388036229300203428e-01
9.992946759843600590e-01 -2.922008001212624273e-01
1.037538043665025000e+00 8.676456412394632778e-02
1.015230732955033632e+00 2.561366289136013386e-01
9.640242750896781398e-01 4.091867392698863015e-01
8.762315203866429814e-01 5.781152436766546776e-01
8.172866912936540551e-01 6.930271202261820696e-01
7.042277981452325086e-01 7.545524102429603808e-01
5.645339820659356356e-01 8.753384429224940755e-01
4.513428201703227893e-01 9.526470773659365676e-01
3.408331081101948490e-01 1.006954548016088857e+00
2.039649602484580604e-01 1.021765588000952185e+00
3.603819594056707765e-02 1.046610248965341938e+00
-1.081984268458277693e-01 1.044447103255014220e+00
-2.617757181320050086e-01 1.022356888028844946e+00
-4.074291611908187893e-01 9.577993068726080583e-01
-5.520903958693362812e-01 8.793548807013565893e-01
-6.957111645463577299e-01 7.725163588703954920e-01
-8.165837504456239238e-01 6.556770846364977645e-01
-9.032689145124905838e-01 5.083558915377529575e-01
-9.863594718471982992e-01 3.485279568687759677e-01
-1.030311249623081737e+00 1.780403273595965730e-01
-1.040717313238814112e+00 1.017070036224912086e-03
-1.030618448063588044e+00 -1.751893309851016434e-01
-9.826591404796636287e-01 -3.449302588418703963e-01
-9.104678026075946340e-01 -5.097533335942118216e-01
-8.169714251528146232e-01 -6.473456676966442558e-01
-7.110378773673031727e-01 -7.792042467756441493e-01
-5.608472272489966048e-01 -8.720222480979461510e-01
-4.066777557062392079e-01 -9.607175154784126647e-01
-2.681298076260000829e-01 -1.029449752961420161e+00
-1.244641789455206565e-01 -1.038892418270670914e+00
2.676558253789858288e-02 -1.035077050048283542e+00
1.945849601243201388e-01 -1.036902187780815110e+00
3.143716526182181448e-01 -1.014486461113725646e+00
4.320922163911476988e-01 -9.433186662651553700e-01
5.757583539890014368e-01 -8.832477065043840003e-01
6.941795818865764689e-01 -7.713358679418301778e-01
7.979747583618023166e-01 -6.910338287326823759e-01
8.671617510267775053e-01 -5.776036586066723988e-01
9.596356570121217233e-01 -4.336005147802921011e-01
1.009217214254995110e+00 -2.675129299155379337e-01
1.037891928947588527e+00 -8.963935331443782795e-02
9.652761605993774863e-01 4.161427123187816379e-01
8.602359982614041778e-01 5.658869462930173899e-01
8.751210314429710424e-01 5.860868235486007549e-01
8.686041012963916508e-01 5.420160303102502519e-01
8.803958136682784597e-01 5.757610400797974481e-01
7.184357458513319639e-01 7.425594016391894314e-01
6.961255846890269661e-01 7.624271234399946362e-01
5.693588212626313760e-01 8.818158359521939271e-01
4.652635517127461928e-01 9.624980122647869285e-01
4.150690254997819184e-01 9.297257723018712561e-01
1.663299628238548156e-01 1.015653865669519984e+00
-9.614307222252879703e-02 1.047032680655512804e+00
-2.414665700904200796e-01 1.047314322871707448e+00
-2.971506379781878038e-01 9.759170844825412194e-01
-4.450239963219675965e-01 9.374386278647199866e-01
-7.186969162420797641e-01 7.430542801462974856e-01
-8.675498578655164161e-01 6.678643287518788441e-01
-8.071284934933624644e-01 6.967358602261186640e-01
-9.194615758455487731e-01 5.040059310519660052e-01
-1.011684155840797406e+00 -3.677185000029957185e-01
-8.299085119641272934e-01 -6.459724452444937093e-01
-7.219422471255489970e-01 -8.034088123591316410e-01
-4.393026586151038693e-01 -9.486696549538077283e-01
-4.476078779141078323e-01 -9.137364695228297196e-01
-2.543704196868148970e-01 -1.039060624066376004e+00
-2.657293786402095126e-01 -1.035380170159204027e+00
-1.308254582526912624e-01 -1.030465403799291524e+00
2.630095457922304036e-01 -9.875524367601952180e-01
4.235651095294928892e-01 -9.362680642727777558e-01
5.837162570654026439e-01 -9.127182603292157692e-01
8.075622963654026654e-01 -6.981814421966529016e-01
8.523642155174205870e-01 -5.774625954120652382e-01
8.757069723544643747e-01 -6.166112963932486313e-01
8.619873935265955911e-01 -5.491249075190092199e-01
9.881114720239717597e-01 -4.485589659125834294e-01
9.953956897104755397e-01 -2.790627196505368057e-01
1.042729988175921330e+00 8.005509908203677083e-02
1.018289281030033244e+00 2.382888735751829690e-01
9.699807361987742294e-01 3.909373588360106622e-01
8.989366650285646188e-01 5.344226037488626346e-01
8.068222803334720306e-01 6.653814357854357375e-01
6.957966652182171474e-01 7.807442909183518465e-01
5.684621660001537569e-01 8.778071616003172428e-01
4.278033954172364983e-01 9.542949764092207854e-01
2.771172758350832210e-01 1.008414925794007821e+00
1.199357621810672042e-01 1.038898484011040457e+00
-4.005694408563485742e-02 1.045031142292377924e+00
-1.991107495336611188e-01 1.026669156325705545e+00
-3.534975677710639475e-01 9.842429154991839679e-01
-4.995987026305581113e-01 9.187468549389733452e-01
-6.339896673406167915e-01 8.317161467927182139e-01
-7.535204515929354585e-01 7.251907170955584903e-01
-8.553893551142350837e-01 6.016674316328287642e-01
-9.372086571460551685e-01 4.640415715222934168e-01
-9.970605825955947132e-01 3.155389702786732253e-01
-1.033542253058455485e+00 1.596404030101505889e-01
-1.045798569099418707e+00 1.288213174475112960e-15
-1.033542253058456151e+00 -1.596404030101480631e-01
-9.970605825955952684e-01 -3.155389702786707273e-01
-9.372086571460562787e-01 -4.640415715222910853e-01
-8.553893551142366380e-01 -6.016674316328267658e-01
-7.535204515929371238e-01 -7.251907170955566029e-01
-6.339896673406184568e-01 -8.317161467927165486e-01
-4.995987026305597767e-01 -9.187468549389724570e-01
-3.534975677710653352e-01 -9.842429154991834128e-01
-1.991107495336620348e-01 -1.026669156325705101e+00
-4.005694408563534314e-02 -1.045031142292377924e+00
1.199357621810671903e-01 -1.038898484011040457e+00
2.771172758350837206e-01 -1.008414925794007599e+00
4.278033954172373310e-01 -9.542949764092205633e-01
5.684621660001548671e-01 -8.778071616003165767e-01
6.957966652182182576e-01 -7.807442909183508473e-01
8.068222803334732518e-01 -6.653814357854342942e-01
8.989366650285658400e-01 -5.344226037488606362e-01
9.699807361987752286e-01 -3.909373588360082197e-01
1.018289281030033910e+00 -2.382888735751800546e-01
1.042729988175921774e+00 -8.005509908203524427e-02
9.632459219323801225e-01 3.759865704183820712e-01
8.671960772155131725e-01 5.035118250848399368e-01
8.786799983681687909e-01 5.290631778994299150e-01
8.986995012464839006e-01 5.452004177296125853e-01
6.958840573221621861e-01 7.995847297339180315e-01
5.808357014564231591e-01 8.868452798609358645e-01
4.297379858114268036e-01 9.042398503310884461e-01
1.582432077349567867e-01 1.068454798346691215e+00
-5.489169344138351836e-02 1.040885172499532718e+00
-3.510171687714511712e-01 9.874550929656826792e-01
-3.595707528483714222e-01 9.937692377189611959e-01
-3.873090794157647565e-01 9.850520547309448149e-01
-4.877452067582778716e-01 9.347233165101493935e-01
-7.872410366736233289e-01 7.666240101163406262e-01
-8.398488941219407478e-01 6.130860474012838068e-01
-8.543855000149532808e-01 5.921467265847092376e-01
-8.710944423060701380e-01 6.154104676820155717e-01
-9.932479453914290213e-01 -3.374398861021399854e-01
-8.586151894019156128e-01 -6.067037767535192749e-01
-7.654366939237139400e-01 -7.255933310213684706e-01
-6.370885315262857507e-01 -8.112345879850181296e-01
-5.016525502955963001e-01 -9.160097852510307170e-01
-3.500014484633487966e-01 -9.396224623403731657e-01
-3.506922451717129352e-01 -1.020466690737175997e+00
-2.106898327467387477e-01 -1.001752719119007651e+00
-4.636423782096152357e-02 -1.045578319546528911e+00
3.136267458486864390e-01 -9.856802865076584874e-01
4.450912744950311084e-01 -9.520059916579152182e-01
8.997667552977133276e-01 -5.515199844138485297e-01
9.244793033409135496e-01 -5.069555698833718704e-01
8.976791515415640799e-01 -5.451889267936189665e-01
9.531528996963782863e-01 -3.797595787679981516e-01
1.011529335819549402e+00 -2.725776377519963933e-01
