1.003331965954956662e+00 -1.523797733481080385e-01
9.863937056381333335e-01 -1.671221485839979870e-01
9.642665272689021627e-01 -1.807608692997542121e-01
9.362924327265709223e-01 -1.916550544307127346e-01
9.022874905315747540e-01 -1.975591014160338332e-01
8.629519065268786981e-01 -1.957140950943592195e-01
8.203232151368244907e-01 -1.832178141556106699e-01
7.780665806310516075e-01 -1.577681784200124504e-01
7.412774025650969989e-01 -1.186934765416358672e-01
7.155481109482941804e-01 -6.787880968390780367e-02
7.054106426239625804e-01 -1.000724310511231542e-02
7.127544522561257700e-01 4.831028621146676860e-02
7.360913032643856546e-01 1.003366068831113012e-01
7.711288457205811575e-01 1.410726277585361288e-01
8.122848474879895697e-01 1.682877338257726674e-01
8.543148821489054967e-01 1.824200472938208861e-01
8.933681277616645211e-01 1.856834534670137593e-01
9.272658414504220126e-01 1.809895113859116833e-01
9.552287303133666363e-01 1.711412411908352915e-01
9.774054975823176505e-01 1.584251941492631488e-01
1.020778178585346474e+00 -1.667261356794558225e-01
1.003970675862082551e+00 -1.867654233989779478e-01
9.805932800706451680e-01 -2.067929625653897041e-01
9.492457990668445866e-01 -2.249205944728061013e-01
9.089140724921174197e-01 -2.382270852164514174e-01
8.596156368028684547e-01 -2.426690827807931328e-01
8.033025631675561051e-01 -2.333991467793461450e-01
7.447461342043681931e-01 -2.058367573091168801e-01
6.916890112263618384e-01 -1.575848442186300602e-01
6.534981452751331688e-01 -9.050607024502610454e-02
6.382933368533127982e-01 -1.169733393845359334e-02
6.495849170603396061e-01 6.785237824826595432e-02
6.846126865318136190e-01 1.369044864018797991e-01
7.356631542632974252e-01 1.877117019358798267e-01
7.932624636773333293e-01 2.177583323593956788e-01
8.492859616337011808e-01 2.291025401673185691e-01
8.986011008444272363e-01 2.262927688286309191e-01
9.390489120369638343e-01 2.142900453102458691e-01
9.705393831968156526e-01 1.972573876986594144e-01
9.940783282932930121e-01 1.781907993732079198e-01
1.043415112267260803e+00 -1.797813761454625237e-01
1.028213116703862173e+00 -2.061152944681832189e-01
1.005107467976646962e+00 -2.343036569812939618e-01
9.716057438732650375e-01 -2.624650645608617161e-01
9.252394895417337395e-01 -2.871323081682697342e-01
8.644271292892913294e-01 -3.027334874717624302e-01
7.900428668185188741e-01 -3.014746720266714419e-01
7.076387844236031732e-01 -2.745211533549862803e-01
6.288951555709965113e-01 -2.155057147685707220e-01
5.698679162579622925e-01 -1.251265429189418743e-01
5.459238559281298642e-01 -1.413204485714072631e-02
5.640543804235398362e-01 9.813865655830256163e-02
6.187247428925446435e-01 1.919622821107125343e-01
6.953663659054631907e-01 2.551010799974007259e-01
7.773724314653684964e-01 2.855706324616624769e-01
8.521394037031515545e-01 2.893397038061218396e-01
9.134550563738041973e-01 2.754524404215441535e-01
9.602148314970282428e-01 2.520631528989158987e-01
9.940135747408085365e-01 2.249779201187762645e-01
1.017384130004528320e+00 1.977594654687764297e-01
1.071811921020695557e+00 -1.898703790909772593e-01
1.060414067202595234e+00 -2.231765439423472053e-01
1.040216543753988976e+00 -2.611792502874887845e-01
1.007314045003404601e+00 -3.025468595486291434e-01
9.570007667641666771e-01 -3.438160586552974074e-01
8.846192929735652299e-01 -3.781257200458676415e-01
7.876388230733533113e-01 -3.938563088325464090e-01
6.703804985566441665e-01 -3.744321760323343629e-01
5.501876917974413139e-01 -3.044187272584991666e-01
4.546392350619798961e-01 -1.806087597017602686e-01
4.146582516970531707e-01 -1.770458467561392482e-02
4.454353288264423227e-01 1.470478779741465902e-01
5.346076767438900923e-01 2.775828266202351458e-01
6.533396381348954840e-01 3.544674300571770686e-01
7.717059749253318834e-01 3.787412113743915398e-01
8.703636611760745545e-01 3.656559306403028842e-01
9.438878464547761915e-01 3.327628550136374486e-01
9.948172145404243771e-01 2.925381031410223542e-01
1.028097683452817712e+00 2.521563125182968435e-01
1.048623592576138908e+00 2.151210408766068838e-01
1.106016523116999384e+00 -1.947597103641518501e-01
1.101379438659622068e+00 -2.349588128720503377e-01
1.088125786159561681e+00 -2.837022315194426270e-01
1.060860836950470176e+00 -3.411244439411542650e-01
1.011927542415840264e+00 -4.049769545426484818e-01
9.318452096645457594e-01 -4.683253831994305116e-01
8.106206312299035766e-01 -5.166578995379877970e-01
6.433359544502459393e-01 -5.207465674166311675e-01
4.542221530128087714e-01 -4.407926627244679318e-01
2.933432075145581130e-01 -2.734322917489490079e-01
2.227704664160934378e-01 -2.108293259461219149e-02
2.769905401254235677e-01 2.269164927054698189e-01
4.294053416630250197e-01 4.120251471637215168e-01
6.193317347923477101e-01 5.023367550511270707e-01
7.913768035542889656e-01 5.045211196130261477e-01
9.164057332427999469e-01 4.577305836895462221e-01
9.980049315591843495e-01 3.947363622409549855e-01
1.047442315924296263e+00 3.315060909597855598e-01
1.074991157900440086e+00 2.749906071596375234e-01
1.088577983102354541e+00 2.272610743620551155e-01
1.145161708498875219e+00 -1.917940539807139189e-01
1.150774681373880615e+00 -2.374712249228738692e-01
1.149890333336066606e+00 -2.961585740658612131e-01
1.136185149299604458e+00 -3.706942717646333207e-01
1.098831902548285111e+00 -4.621965738446665029e-01
1.021203281507782057e+00 -5.653681692671108650e-01
8.856355967796003537e-01 -6.647233426993304217e-01
6.416128333396853289e-01 -7.122998151527693000e-01
2.763670574326981821e-01 -5.354774809711143613e-01
1.359405262557844551e-02 -1.618223542226915335e-01
1.052370394651447327e-02 -1.816594111086439201e-02
4.291066127112275197e-03 1.529825627940389898e-01
2.369882583111593277e-01 4.911238963666947344e-01
6.049279066697577090e-01 7.032599446922060960e-01
8.651689914267324255e-01 6.588689259525071229e-01
1.007154508505311297e+00 5.565426518400351519e-01
1.084787251317249623e+00 4.522103413347533518e-01
1.121933434508330940e+00 3.611487790335998760e-01
1.135621128334377561e+00 2.876677972530861105e-01
1.136833181030927342e+00 2.301920993470796262e-01
1.187064881615058631e+00 -1.783105041612742525e-01
1.206280008902946843e+00 -2.261498671759443191e-01
1.223854915165479840e+00 -2.909703664131679801e-01
1.234225630391666551e+00 -3.793414367482395022e-01
1.225303214280266673e+00 -4.984964511258715980e-01
1.168028783141673577e+00 -6.528699612568433785e-01
9.697349523228449009e-01 -7.536345912280606463e-01
8.732125790451017444e-02 -2.584936325629549891e-01
-7.470078855564832310e-04 -2.626524502077176582e-02
-1.999441114456379509e-02 9.812296079070859101e-03
-2.647111961542103487e-02 9.153202561203626145e-03
-2.306875710877731578e-02 1.804512854168494052e-02
-1.899453499202619078e-02 5.370726717388085714e-02
-3.765630224771276957e-03 2.662643735861913719e-01
9.848909059728716553e-01 7.701691104957308909e-01
1.154507934897412991e+00 6.396117896307496054e-01
1.211231323410512095e+00 4.879340178340640932e-01
1.218794530398253917e+00 3.692100573783485551e-01
1.208004001604078281e+00 2.826336133468720924e-01
1.190949374578453845e+00 2.194601964798548188e-01
1.228033188727862157e+00 -1.524006191732096838e-01
1.262845744640791468e+00 -1.970047421529308451e-01
1.303729280572340388e+00 -2.600807588402886950e-01
1.348732929187309582e+00 -3.518312672499823712e-01
1.385972367744295219e+00 -4.855169568470829589e-01
1.367510593971110078e+00 -6.457812804272933249e-01
1.405863266922757759e-01 -1.509127274535559948e-01
8.563262265275373153e-03 1.796636872476109481e-02
-2.206483423127458821e-02 3.398732532345349888e-03
-2.527402805297063182e-02 6.581860873760281283e-03
-2.929963131027113477e-02 8.400320260045342213e-03
-3.271087510173908974e-02 1.121564957804271900e-02
-3.998429237854206342e-02 1.473820295054717455e-02
-3.488717801865437451e-02 5.511716901775987054e-03
3.811578071580679072e-01 1.670722072994867968e-01
1.365502966372059035e+00 6.695727852378707823e-01
1.375000208124127932e+00 4.684068789382855869e-01
1.329983023008536325e+00 3.402177455810972972e-01
1.285367332457611367e+00 2.523924345166661531e-01
1.245859641096165760e+00 1.913756294759583199e-01
1.263205546253839406e+00 -1.139075606851802647e-01
1.312712880033311436e+00 -1.486030302857455077e-01
1.377151879973723680e+00 -1.982954886957588592e-01
1.462631960768812522e+00 -2.730698008354726092e-01
1.564769331203327507e+00 -3.974422118690212891e-01
1.217808190852002648e+00 -5.051065273689991919e-01
4.041180240681230273e-02 -3.522653323452140661e-02
-6.265495390858077940e-03 -2.654768444008137607e-03
-2.145299045710369334e-02 4.065000424684495073e-03
-2.660288753739359358e-02 4.877242055386088460e-03
-3.007713995232530468e-02 5.027322442437509240e-03
-3.380257943979336765e-02 4.661447258984541264e-03
-3.717528625171273582e-02 2.947409706366421744e-03
-3.188679330479837759e-02 1.142818761376007686e-03
4.476293767385897127e-04 2.494719269514056315e-02
1.234056064738313641e+00 3.476633312351107286e-01
1.524619047642215008e+00 3.733778565679823913e-01
1.436074803601545824e+00 2.651796672313322389e-01
1.355986430374156892e+00 1.931592646774316080e-01
1.294187844827814793e+00 1.447998037949793648e-01
1.287698319912278233e+00 -6.516321534419500239e-02
1.347315232154727704e+00 -8.424924304718306445e-02
1.427285773961881832e+00 -1.096917185227841429e-01
1.538536986867957701e+00 -1.409704224033703213e-01
1.691157161417056409e+00 -1.622418089284427545e-01
2.800322235759833411e-01 -3.819038998289281395e-02
-3.116485265145518824e-03 -2.515587307601596656e-02
-1.997389762532608692e-02 -4.277615405575696528e-03
-2.408424114045293329e-02 2.059194570669387048e-03
-2.667911725389632283e-02 2.948586709925204996e-03
-2.921636277668560044e-02 1.898298041960649668e-03
-3.225207239830302219e-02 -2.415467492383749359e-05
-3.509778339377489509e-02 -2.131026624616616516e-03
-3.421769169057259363e-02 -1.881263103055141883e-03
-3.800470949483214511e-03 1.218744247224790023e-02
4.321255282596475622e-01 2.021767987319100790e-01
1.661181188931289521e+00 1.997248889169167541e-01
1.514287490077383280e+00 1.428835964284091986e-01
1.405468511711423618e+00 1.080303369683055514e-01
1.327892654268928885e+00 8.272176946580778178e-02
1.298196746091747844e+00 -1.066884615782637269e-02
1.361230620859035900e+00 -1.179095948948827299e-02
1.444131415796140461e+00 -1.068618780704300164e-02
1.550224610797154234e+00 -1.176851906847797835e-03
1.647512160494433830e+00 3.018391925099672690e-02
1.777009578182670302e-01 5.364274788163481134e-02
-2.679839892968973250e-02 -1.835693636556001707e-03
-2.697262578120222451e-02 3.492553249895280487e-03
-2.532406202869197029e-02 3.718526880239214627e-03
-2.549653022203255542e-02 2.308232678064625620e-03
-2.682906558761631241e-02 -4.361426146283129118e-04
-2.931234534859384483e-02 -4.025081249057760324e-03
-3.275085643748761738e-02 -7.795049265814091299e-03
-3.704291739665150490e-02 -1.050151007322197572e-02
-4.022405448711578041e-02 -5.896185407689991109e-03
3.047106883477795347e-01 -7.514367008389921665e-02
1.646750945738757910e+00 -7.950096437003617567e-02
1.528615681776236634e+00 -3.331725192339263231e-03
1.421866670043420600e+00 1.072784837640616828e-02
1.341312101222978281e+00 1.255655713400249951e-02
1.293784657839753827e+00 4.433111029410685688e-02
1.354129906984390841e+00 6.040407240809564371e-02
1.431983009907534798e+00 8.425265632268530425e-02
1.528279120002043356e+00 1.173844638245791216e-01
1.597957508315360764e+00 1.441819520005171995e-01
8.879515097486329056e-02 8.271350415785194699e-02
-7.883875388843553100e-03 4.087679137074307079e-02
-2.141296733861819401e-02 1.246306369043881368e-02
-2.289624271893109242e-02 6.778676618978685120e-03
-2.226615521245228768e-02 2.967374604011252526e-03
-2.252287126381508076e-02 -1.900603724674283963e-03
-2.437957012422553582e-02 -7.700000017431540833e-03
-2.755882182140095837e-02 -1.396917920931994850e-02
-2.909420279453733826e-02 -2.208635631053890158e-02
-1.333678591292075666e-02 -5.332242123804675771e-02
3.000500962542140826e-01 -6.850531293127959387e-02
1.539791800265983834e+00 -1.528596812707516683e-01
1.494384836956911267e+00 -1.162857448835197260e-01
1.407782210117044519e+00 -8.050893664712566178e-02
1.334053290382482437e+00 -5.687941014373754101e-02
1.275512831345056330e+00 9.507038538768330938e-02
1.328210896582748157e+00 1.260943433622663257e-01
1.395831483959911079e+00 1.702983377165590007e-01
1.484862787805800055e+00 2.322470263602816054e-01
1.605866904536770612e+00 3.215558218742131658e-01
3.193287068823519315e-01 1.054167767697511415e-01
4.774413158994461615e-02 3.146423437555556646e-03
-1.653229750570250900e-02 8.860498349201328949e-03
-1.949807986527385406e-02 1.015094875874478220e-02
-1.688374454893837306e-02 4.948105571228322841e-03
-1.582893492090564624e-02 -2.351765922391632277e-03
-1.685220454947344848e-02 -1.098347358100382198e-02
-2.015522258207946837e-02 -2.002600538880072722e-02
-2.332498735809374057e-02 -2.501773714729371711e-02
3.101034548659231671e-02 -1.193866070440141591e-02
5.808608974782336620e-01 -1.342721191613249765e-01
1.548891289098726531e+00 -2.552639162841829901e-01
1.454550605804640240e+00 -2.131191250234776291e-01
1.373311789276744799e+00 -1.606560803465373333e-01
1.309211089890497837e+00 -1.195789535705671369e-01
1.245828388783464247e+00 1.376013914099760704e-01
1.286661191537408211e+00 1.798767864676964479e-01
1.336894799709505977e+00 2.401741522819622610e-01
1.399204540690500709e+00 3.298472822010212191e-01
1.468986927461617409e+00 4.735839305636502239e-01
1.009941949136075046e+00 5.380202831082647741e-01
-4.449961142406255732e-02 -5.250800302915248352e-02
-2.820017796191454096e-02 8.889074978886135625e-03
-1.353263199857956955e-02 2.048805139773901551e-02
-8.756877381628225265e-03 8.126092073575952313e-03
-6.448763892378250873e-03 -1.119284195142377638e-03
-5.415536460446901401e-03 -1.371652417736457519e-02
-9.206612734197205938e-03 -2.656298936199119609e-02
-2.130806983300370661e-03 -5.519389637227645196e-02
-1.731434436424583723e-01 1.682488240872803686e-04
1.101438988379046524e+00 -3.888904591235919916e-01
1.485353247257370501e+00 -4.401576049002398072e-01
1.385370826968996827e+00 -3.104801601714513026e-01
1.319356786484728872e+00 -2.283225147398848520e-01
1.269820223208170118e+00 -1.714373756493370315e-01
1.208399009408618330e+00 1.691437625293357172e-01
1.234925099170841589e+00 2.173488319853977835e-01
1.263457571982761207e+00 2.845847120239231032e-01
1.290415917677945057e+00 3.813569533815042156e-01
1.302056549768386695e+00 5.244294298807816723e-01
1.251076528791408293e+00 7.291285210028608521e-01
2.099714173992650590e-01 2.706964272872358634e-01
-1.872769774568328049e-01 9.744169702201155303e-02
1.672736558976262167e-02 1.242651888596069121e-02
-4.169475239389486276e-03 7.599384987443391637e-03
4.354665596199014388e-03 4.225266848334816548e-03
1.543098160630362869e-02 -7.807695794698477076e-03
-9.737094030662918343e-03 -4.350086804292441212e-02
-1.128636947071137708e-01 1.213724915458813669e-01
4.225433144105372740e-01 -1.209027879038471198e-01
1.081600080850221302e+00 -7.529534470296117554e-01
1.289024908422922167e+00 -5.341332770769402494e-01
1.278063684038333037e+00 -3.715452557110543452e-01
1.248672346264168009e+00 -2.738432237823196225e-01
1.220015151858430125e+00 -2.081908276288424453e-01
1.167564459801040400e+00 1.886816828038062610e-01
1.180019488779269210e+00 2.372775093502021981e-01
1.188372112789641832e+00 3.021867937581679264e-01
1.186259952176325072e+00 3.895844137342741043e-01
1.159523022850288410e+00 5.058910837119467985e-01
1.073737548068702807e+00 6.431783532054669017e-01
9.171762171667419139e-01 6.195161164982565527e-01
3.279314117752041291e-01 1.909664764997986985e-02
-2.797046694317084636e-01 -4.179600298510949274e-01
-7.303837213970987285e-02 -1.805409966980467407e-01
-8.092938737939148197e-03 -3.173141529464351684e-02
-4.749994514647304378e-02 2.166167726802489812e-01
-1.059112030535969140e-01 2.430735566148251037e-01
-6.262680867857861600e-02 -2.668123415776468832e-01
9.061274790128814871e-01 -7.871669693302019155e-01
1.051932492069249658e+00 -6.171257547987940573e-01
1.136253032698921750e+00 -4.961500354582271122e-01
1.170411926051226903e+00 -3.792603466166277748e-01
1.174164230730982972e+00 -2.915307282030799030e-01
1.166427214884102614e+00 -2.276262131451400883e-01
1.127324026678109270e+00 1.970384239537636972e-01
1.128024778006153639e+00 2.418068879753421108e-01
1.121115700243155988e+00 2.985440865054167503e-01
1.100430498936715296e+00 3.696066991231106158e-01
1.056216962857636776e+00 4.553232227402026489e-01
9.786445312714553424e-01 5.502649268839487906e-01
8.683495913769112562e-01 6.736423607298291927e-01
4.402023968938362231e-01 8.249072208840502185e-01
1.276933655456291561e-01 4.915959825634713676e-01
4.236602972770064923e-02 3.405026482005793498e-01
-1.075740056472107575e-01 6.710918418660555274e-02
-2.086256506597661264e-01 -7.653751756886095770e-02
4.805865567904810121e-01 -3.869841277982705163e-01
6.025417021339007917e-01 -5.544050637683750615e-01
7.970669218232173669e-01 -6.122565218276665444e-01
9.519108665032405270e-01 -5.276033917355837932e-01
1.037431415080334318e+00 -4.381724735562420037e-01
1.085376167169340711e+00 -3.560040390996510595e-01
1.107889495183760342e+00 -2.867680458043109226e-01
1.115666474589269708e+00 -2.314935509077042930e-01
1.090574658947562892e+00 1.962677128503464985e-01
1.082693278163648909e+00 2.348158765184504837e-01
1.065947948221688257e+00 2.810209108507000231e-01
1.035408578206049590e+00 3.349559596886231283e-01
9.843892391667785624e-01 3.949662862604097491e-01
9.043825662526350229e-01 4.574118495942247620e-01
7.778557774621641663e-01 5.163625608346300577e-01
5.759258033085901118e-01 5.251970392108462615e-01
3.783411384301116342e-01 4.103292979782297012e-01
2.502562482350234596e-01 2.405012648604432091e-01
1.702557813332727932e-01 2.355726234352146023e-02
1.796914718771347452e-01 -2.495311939115590905e-01
4.387122788184250055e-01 -4.799979625499439795e-01
6.466596586984829642e-01 -4.666415252154820781e-01
7.783435403461846924e-01 -4.624705987008836949e-01
8.914704065926004617e-01 -4.272839043728149377e-01
9.713794724414626103e-01 -3.747671016287634771e-01
1.023275847401239336e+00 -3.195035595969430986e-01
1.054548507451344985e+00 -2.682849744470239273e-01
1.071787115430613557e+00 -2.239295712896605117e-01
1.058930094262586774e+00 1.888702633844951961e-01
1.045564574595445606e+00 2.203538110809843964e-01
1.023551739575312425e+00 2.559381308115860065e-01
9.893227245568847472e-01 2.944532969442215098e-01
9.384679094855274961e-01 3.330792586525443966e-01
8.658062707617508735e-01 3.662865971099038553e-01
7.660559096122265821e-01 3.828218618059775480e-01
6.425452686787469503e-01 3.609493382984496623e-01
5.225164900210743646e-01 2.831992874572597518e-01
4.357508492096062724e-01 1.587979377792422819e-01
3.985257429620259195e-01 2.604567693529495458e-03
4.321961556742004440e-01 -1.644533413174278924e-01
5.425262008439513117e-01 -2.899138435106041189e-01
6.682296392375541849e-01 -3.418374684800606911e-01
7.742725785444570796e-01 -3.537681103461376431e-01
8.624155309435899142e-01 -3.415677639542069599e-01
9.308596535270741157e-01 -3.137560207380030164e-01
9.804001997133382496e-01 -2.789152855649401630e-01
1.014266607296003819e+00 -2.429679563302178380e-01
1.036229634666527843e+00 -2.092347904938973713e-01
1.032933440153021021e+00 1.772232152563724128e-01
1.016650455961227717e+00 2.018429096380969234e-01
9.927483975403061933e-01 2.279548324866942366e-01
9.589224990744837918e-01 2.538525155813720069e-01
9.127705555496801182e-01 2.764351472955750566e-01
8.524171199772245799e-01 2.905320267477662366e-01
7.781782696277428357e-01 2.881656309747770983e-01
6.960843870627475560e-01 2.595267913845689112e-01
6.198615577721300340e-01 1.987004355824828483e-01
5.655551107249356946e-01 1.090229737016312761e-01
5.459139487901576437e-01 1.279178897656188920e-03
5.686537892306064990e-01 -1.071857266939899023e-01
6.290372980620984045e-01 -1.940347528954411427e-01
7.067091399781944006e-01 -2.467236870159028594e-01
7.835158173659606540e-01 -2.698287054047354694e-01
8.517520130641620391e-01 -2.718311023430008966e-01
9.083076739397655253e-01 -2.596997777963316878e-01
9.524908438196799665e-01 -2.393659487709554057e-01
9.853535260016355046e-01 -2.154010708510645244e-01
1.008796412085832817e+00 -1.908641370395991466e-01
