9.986016485205340132e-01 -1.481115413490563526e-01
9.816821309374734739e-01 -1.622807304201123735e-01
9.596544795577743869e-01 -1.752904999680993114e-01
9.318842888860090490e-01 -1.855064706338671598e-01
8.982163417311661568e-01 -1.906979638131045540e-01
8.593810900258214147e-01 -1.881353850049771737e-01
8.174390530147279676e-01 -1.749622371019865508e-01
7.760651111060634655e-01 -1.489342385481784437e-01
7.403490558039105274e-01 -1.094515399611623030e-01
7.158417711457043531e-01 -5.848897751715459448e-02
7.069708269020003044e-01 -8.044058560197477146e-04
7.154789758430868396e-01 5.698480971018549113e-02
7.397477691931375610e-01 1.082172668788128345e-01
7.754155252589201019e-01 1.480192993732065698e-01
8.169011395185932223e-01 1.742912017351117004e-01
8.590183399245643336e-01 1.875720998665930672e-01
8.980017320432942540e-01 1.901258248739523538e-01
9.317509026374737324e-01 1.848658973337258260e-01
9.595388753941214155e-01 1.745707121004880236e-01
9.815410323221485100e-01 1.614966424528962996e-01
1.015463645396084136e+00 -1.625060450294224523e-01
9.986052088803387683e-01 -1.819011513517065914e-01
9.752585437222238696e-01 -2.012060914210511697e-01
9.440516546149280153e-01 -2.185317821219046053e-01
9.040120799883211156e-01 -2.309631811484313957e-01
8.552113429945529255e-01 -2.344865720845046297e-01
7.996448297327551913e-01 -2.243177238205895652e-01
7.420996988871242372e-01 -1.959476718426000907e-01
6.903433630240640717e-01 -1.470585246233541143e-01
6.537403242215455990e-01 -7.967580123848544416e-02
6.402484361819071879e-01 -1.077815229475470290e-03
6.531020122330088995e-01 7.771799310208910017e-02
6.893106665197223926e-01 1.456206294413642244e-01
7.410632484042212198e-01 1.951075791126199999e-01
7.989089947842997752e-01 2.238787575796297169e-01
8.548437037293021845e-01 2.341502700820319305e-01
9.038973526053961649e-01 2.305250053881557903e-01
9.440383527418716447e-01 2.179296067391645053e-01
9.752406695140591886e-01 2.004610377705873248e-01
9.985280532521723096e-01 1.810586844473549561e-01
1.037452684918700463e+00 -1.756886149706193834e-01
1.022108193303865598e+00 -2.013094358051459309e-01
9.989359500335681652e-01 -2.286834244909052849e-01
9.654684893579590366e-01 -2.559162634364020583e-01
9.192892779478234466e-01 -2.795202857299283750e-01
8.589199894882315611e-01 -2.939346063883330196e-01
7.853352670703594995e-01 -2.914776363698312611e-01
7.040518193693379168e-01 -2.634338109714029486e-01
6.268056727278237261e-01 -2.033906231920362684e-01
5.699001386588298246e-01 -1.123427010314800856e-01
5.484126827465418685e-01 -1.558437414899254683e-03
5.687429995630721713e-01 1.095645666347616620e-01
6.249302331655726128e-01 2.016480175956042453e-01
7.023209715015754639e-01 2.628697972864579846e-01
7.843645478109562141e-01 2.915765365813527410e-01
8.586978839377246153e-01 2.940101587089838375e-01
9.194373308242997922e-01 2.792499020675709431e-01
9.656774705323978303e-01 2.553138555164857770e-01
9.990644857377617427e-01 2.278605219707019458e-01
1.022112427246169020e+00 2.003628847324878670e-01
1.065140004830378295e+00 -1.860049547960551664e-01
1.053486621609576179e+00 -2.185333321592941580e-01
1.033100933559842893e+00 -2.556415670608047641e-01
1.000078172679066402e+00 -2.959796234033884588e-01
9.497360610954852511e-01 -3.360058044142588685e-01
8.775967259717809554e-01 -3.687508415194162836e-01
7.815165959059711120e-01 -3.827830964688716531e-01
6.655745323398232216e-01 -3.621437533420235333e-01
5.466107089126737151e-01 -2.904769627499670381e-01
4.540801084529832998e-01 -1.649751032464999434e-01
4.178979930880721838e-01 -2.276408598099611668e-03
4.519957608154467898e-01 1.605252943134660715e-01
5.430161515241138659e-01 2.882978950122222495e-01
6.625209431702372420e-01 3.623862447947767684e-01
7.804535543840818157e-01 3.841349996183229809e-01
8.779947611598504231e-01 3.694685646023287973e-01
9.504532395351739105e-01 3.358117373783864323e-01
1.000626682378280563e+00 2.952397340070089804e-01
1.033405994535434580e+00 2.546400889874478324e-01
1.053570980944704694e+00 2.174157088259476289e-01
1.098574456723775405e+00 -1.912455144800251361e-01
1.093546759172299154e+00 -2.305996292883860654e-01
1.079980949671555113e+00 -2.783760267542123579e-01
1.052437296957919877e+00 -3.347383910489409864e-01
1.003115300514560992e+00 -3.973237811186880464e-01
9.225817193532659388e-01 -4.587146269398112430e-01
8.020986891548576025e-01 -5.038678736906843092e-01
6.383972187773712115e-01 -5.071200235853978722e-01
4.463192824151462901e-01 -4.255774929065769818e-01
2.916156771061872988e-01 -2.525999183316715579e-01
2.264282969288178293e-01 -1.406337217098218868e-03
2.872401187667938949e-01 2.425626240319281313e-01
4.408047068371545585e-01 4.234295581112684781e-01
6.320951208036618141e-01 5.099877136017161305e-01
8.022470286812044549e-01 5.082224181427419385e-01
9.248978561442933177e-01 4.598886599641049955e-01
1.004752189368618431e+00 3.966880319213150763e-01
1.053331062299274201e+00 3.335812888228906203e-01
1.080424744593415642e+00 2.770638432754646274e-01
1.093676139450212581e+00 2.292359502973018159e-01
1.136884880171042944e+00 -1.887918337707050753e-01
1.141928218984158416e+00 -2.335348829005923221e-01
1.140624407922717909e+00 -2.911249638341861790e-01
1.126650639423919520e+00 -3.646024510507883676e-01
1.088663182983062860e+00 -4.552709722867276376e-01
1.009200138227516197e+00 -5.569523500953899031e-01
8.695788949005212043e-01 -6.517386022029314496e-01
6.428850252490059258e-01 -6.866178445110460160e-01
2.362901332756606188e-01 -4.786571385985333160e-01
2.005137231994580382e-02 -1.408859392859537762e-01
5.013326094052139581e-03 -8.307532600261941999e-03
2.992389810535400763e-02 1.734314240970996623e-01
2.678063999689483943e-01 5.063827899439266034e-01
6.290469990394642608e-01 7.015214398820579511e-01
8.791687869536690680e-01 6.604898947080239946e-01
1.015332221950863145e+00 5.555637657130940710e-01
1.090681883552221398e+00 4.530570362254882077e-01
1.127562725170166980e+00 3.628247771899140162e-01
1.141093772078274338e+00 2.894273389455404022e-01
1.142040100491537036e+00 2.318650888147311129e-01
1.177891547553167051e+00 -1.760541330009735006e-01
1.196234833207084902e+00 -2.228536308464046378e-01
1.213169538211571474e+00 -2.862452511740731786e-01
1.223626225365539444e+00 -3.730714113864519454e-01
1.215363715668875688e+00 -4.922785386576511435e-01
1.153288769225132571e+00 -6.479084983422178645e-01
9.634573561715709111e-01 -7.412193832141045213e-01
1.893181242530717068e-01 -1.694205685508509696e-01
-2.891791746565397503e-03 -4.038996306059305930e-02
-1.317733381296593009e-02 2.674341820869119424e-03
-2.020607695128240344e-02 1.542781086053723622e-03
-1.575650873143596975e-02 9.756889564779547275e-03
-1.843908182620812575e-02 4.095525092826235447e-02
1.470890085164566763e-01 2.980955235855420327e-01
9.923715760246742956e-01 7.514343448960392191e-01
1.155453010727466312e+00 6.353956150920203605e-01
1.214911474131199487e+00 4.897227302572315644e-01
1.224367231714965643e+00 3.711614820700970263e-01
1.213640095197661140e+00 2.841645987472607437e-01
1.196266258412463923e+00 2.208201171801116303e-01
1.217965407206675232e+00 -1.512434883875046765e-01
1.251386316738837712e+00 -1.948258048599216252e-01
1.290827151796064554e+00 -2.560897787392590885e-01
1.335206525697438806e+00 -3.443927779597077965e-01
1.377899919614918867e+00 -4.725372705321206901e-01
1.379727491252871641e+00 -6.565721401448798566e-01
2.851058456837807231e-01 -3.385044401540682202e-01
-5.227855919124335671e-03 4.623173372390043667e-03
-1.867927059048923866e-02 -4.745013325384017655e-03
-1.944795000431875920e-02 -2.153136713992087614e-04
-2.228969404610481320e-02 1.694480493090824193e-03
-2.408521272439845262e-02 4.080108724527631292e-03
-2.645586225698659533e-02 6.750900627696121425e-03
-8.262193268350204178e-03 5.652021569642062815e-03
2.746731690668802184e-01 1.505920351733947005e-01
1.342817190965666541e+00 6.749725247130133887e-01
1.382051114643682466e+00 4.760291666647109565e-01
1.337122541092192085e+00 3.419151057670899441e-01
1.291333322190914012e+00 2.533609442984618987e-01
1.251233462289649712e+00 1.923288090301022990e-01
1.252435837794803053e+00 -1.142955145717872156e-01
1.299939943716070800e+00 -1.483576564818012145e-01
1.361609953618716951e+00 -1.967748323777462893e-01
1.442359617952400530e+00 -2.686351115495155817e-01
1.534893377774676049e+00 -3.810578134850484133e-01
1.160860694693296891e+00 -3.704509104741049441e-01
2.045472378597479324e-02 -2.521082789356032805e-02
-7.792155890334329094e-03 -1.319858857762312709e-06
-1.780514392314747063e-02 6.658172822732177920e-04
-2.062097629436820956e-02 -2.619364015504777043e-04
-2.300239896856015598e-02 -4.894827261169999288e-04
-2.556444447433248168e-02 -3.273451028243390404e-04
-2.699941389270488212e-02 4.127957707311669111e-04
-2.022681831345296555e-02 5.999501491373848694e-03
1.107218405570931097e-02 6.075238285435990981e-02
1.316026058097918172e+00 3.588044032192416743e-01
1.541456945381958210e+00 3.608109108956569777e-01
1.442911506946602973e+00 2.633946194210912140e-01
1.361648211274510967e+00 1.931971779682650769e-01
1.299392737193587610e+00 1.453285713225582754e-01
1.276680861297872616e+00 -6.747902490421342492e-02
1.333919000893436957e+00 -8.665031342826035043e-02
1.410691218284491288e+00 -1.121398350509617003e-01
1.517877871451367877e+00 -1.452104139065868438e-01
1.662934920527451954e+00 -1.903712754193831458e-01
1.555904520927881007e-01 1.323941906563819160e-02
1.495565372894469558e-02 -1.113437401638606161e-03
-1.059692048722887803e-02 6.559059243693710073e-04
-1.648734208264640566e-02 8.005022568091657575e-05
-1.949160143444123028e-02 -1.543108893852784824e-03
-2.220821174063941639e-02 -3.175584882627844902e-03
-2.538326188650519288e-02 -4.382477334895773513e-03
-2.865798538055908118e-02 -4.337068643223140896e-03
-3.013103711719200550e-02 -7.627760832440433347e-04
-1.114361413455083882e-02 7.530814282963316231e-03
5.694394312292030413e-01 1.244549322416155235e-01
1.648335438503175876e+00 2.070045028995681768e-01
1.517976189099050188e+00 1.431450164275838155e-01
1.410390649209221525e+00 1.079211740554320009e-01
1.332735883054164905e+00 8.304918272582284544e-02
1.287574742659274740e+00 -1.509180678744392878e-02
1.348100990680344946e+00 -1.713089807478640481e-02
1.427615381462759458e+00 -1.676168489963547614e-02
1.530863559350973624e+00 -5.902855621970903854e-03
1.626151117135548274e+00 4.846641958451414212e-02
-1.453196415899538074e-01 3.317109231321335727e-02
7.540385479681110080e-03 -2.169149762265565329e-03
-1.079948269868783763e-02 9.798897652057991792e-04
-1.473884950454937108e-02 -5.776612846297712878e-04
-1.719770683491200769e-02 -3.220235898955814413e-03
-1.994952362019630776e-02 -6.251380496788230302e-03
-2.368843902588445988e-02 -9.186105747742701055e-03
-2.862817115916321820e-02 -1.144366234652471892e-02
-3.462932639803597418e-02 -1.196975147303880327e-02
-3.297410234179171812e-02 -4.623807470207630388e-03
3.067074611602987888e-01 -1.203199448879144207e-01
1.675676168491283091e+00 -7.121029759338481924e-02
1.536577745054054089e+00 -4.703483154391285836e-03
1.426363925790944842e+00 1.029224315981958071e-02
1.345706829174864394e+00 1.295354609496479625e-02
1.284324741379065937e+00 3.788831940571446566e-02
1.342333663620225437e+00 5.196659468941433602e-02
1.416048720550170392e+00 7.330880990564780930e-02
1.503279392335271636e+00 1.054757393770922036e-01
1.559323674260305603e+00 1.539103048859979950e-01
1.586850192940547633e-01 -3.387765652189900223e-02
4.750404079117143130e-03 1.674736183782443710e-02
-7.897207857776589179e-03 3.342133765216193098e-03
-1.177797398970670262e-02 -6.277432477824751444e-04
-1.352720095765508335e-02 -4.609702842177931803e-03
-1.591611840566498071e-02 -9.412944754405350167e-03
-1.975231488761025611e-02 -1.454880276499925795e-02
-2.499119766932372810e-02 -1.973553103140901488e-02
-2.945759739054476523e-02 -2.663084503522816782e-02
-2.279163040823123376e-02 -5.673262094658904076e-02
1.533729164719416227e-01 -1.216167129789158530e-01
1.528176939231656206e+00 -2.073060810098414919e-01
1.493782793677175702e+00 -1.235118967863191308e-01
1.410119533429432526e+00 -8.052135764642365245e-02
1.337950922707267676e+00 -5.581698485522368358e-02
1.268001115612930496e+00 8.711489263800054061e-02
1.319332201889930500e+00 1.150915618394598994e-01
1.384372773159784797e+00 1.538608900612858932e-01
1.466728403349743415e+00 2.030214277135589107e-01
1.567305613159388100e+00 2.288361360991264526e-01
5.242076961228053777e-01 3.357624996175312404e-02
4.655851078285200284e-02 -1.715294730619820740e-03
-4.576470266410836985e-03 6.557077604030236984e-04
-8.196524031007790256e-03 4.885294652312577313e-04
-8.012321207547801194e-03 -5.154650553474970920e-03
-9.681720540978822065e-03 -1.225940504709119999e-02
-1.322668724589359801e-02 -1.996146449102481624e-02
-1.848484943890893462e-02 -2.788045810947881176e-02
-2.334686119093987156e-02 -3.246874470494764964e-02
3.419130870885356277e-02 -1.852464934749997738e-02
6.582838810074109759e-01 -1.503307584563162713e-01
1.505547206537939831e+00 -2.323538162321181488e-01
1.446136154949521524e+00 -2.054389590056371340e-01
1.374791284150446602e+00 -1.564396459997152711e-01
1.313466751048700143e+00 -1.170651627311958265e-01
1.240705903700324297e+00 1.290979408922332539e-01
1.281739168988423883e+00 1.681844995500991757e-01
1.333093791936520445e+00 2.228931432145553337e-01
1.400548366858287430e+00 3.017719391163242726e-01
1.490127482216524468e+00 4.321801480273523843e-01
1.195033315797466855e+00 3.672657797003242575e-01
-3.337925096573712835e-02 -3.497951247070640868e-02
-1.317067345655065225e-02 -8.099475712347592449e-03
-9.649137340550506536e-04 7.636959866891279702e-03
2.666386362448758263e-04 -5.228416841740468612e-03
-9.929414380027701270e-04 -1.433214984215069182e-02
-3.603510362220063712e-03 -2.520743618688925380e-02
-8.834124447386626500e-03 -3.487704177008499329e-02
-3.818030057997079396e-03 -6.530154583874181462e-02
-1.416234135282168349e-01 7.966877038735331595e-03
1.101773506092180721e+00 -1.142845664144420681e-01
1.491913649119076535e+00 -3.788421483132387024e-01
1.390308560533378701e+00 -2.907616802568857572e-01
1.325251223057388739e+00 -2.206332587260151357e-01
1.276027314127083923e+00 -1.679903871253718428e-01
1.205466899607428033e+00 1.611236201138965818e-01
1.233364571535469079e+00 2.069982444588847059e-01
1.265015091862979890e+00 2.710674078542418819e-01
1.299066882184158889e+00 3.646393720294893726e-01
1.323794399901784269e+00 5.098454241863947800e-01
1.264645672925086561e+00 6.959929374258178036e-01
3.022514510417206868e-01 9.489746155880829370e-02
-1.787532339760478095e-01 2.535593025720150884e-02
2.194886387898331570e-02 -1.120919073027193402e-02
5.262551063229814474e-03 -8.743369912201648386e-03
9.038578614523062882e-03 -1.458513881724057479e-02
1.343959857119214618e-02 -2.360220090975445606e-02
-2.187151515403829016e-02 -5.624627652948688272e-02
2.480230406605832272e-02 -2.289002525863725879e-03
6.941761742795593548e-02 -1.098535518600618488e-01
1.190150476076259345e+00 -8.033262453997969121e-01
1.337489214135942905e+00 -5.157626683401206336e-01
1.297800719696362570e+00 -3.596363671068836254e-01
1.260241839124696117e+00 -2.681933926830004644e-01
1.228667552986469902e+00 -2.056758773018785291e-01
1.166165705226256399e+00 1.817825431431407956e-01
1.180342495879136422e+00 2.291561619528303950e-01
1.191729236761511768e+00 2.931055465140608440e-01
1.194518523855534475e+00 3.810898237307402958e-01
1.173929684552723618e+00 5.025388382672302257e-01
1.091265832453629514e+00 6.604243137438003952e-01
8.325361961652677500e-01 7.007690511459985228e-01
3.924840539762297631e-01 8.198283760378122231e-02
-2.614649355339404568e-01 -4.475182786124348722e-01
-7.312233493490749581e-02 -1.904126710906262065e-01
-1.107317249713468676e-02 -1.796767285870011499e-02
-5.126129906988241558e-02 2.180301762331052218e-01
-1.558973757027415363e-01 2.889323521789061155e-01
-1.298569049432363176e-01 -1.117127382471549968e-01
9.400186416280376100e-01 -7.364812336619863675e-01
1.067599485208308163e+00 -6.541367753842552979e-01
1.166860927894266542e+00 -5.079900295487194128e-01
1.191111323555178458e+00 -3.801318798158170864e-01
1.187808647837422793e+00 -2.909792884997663975e-01
1.176407098976524068e+00 -2.274707652409890812e-01
1.126744870157847522e+00 1.914139485458266066e-01
1.128974193870213583e+00 2.357857350487146952e-01
1.124269551216743324e+00 2.927123034396572621e-01
1.106271558405604871e+00 3.653131317769453545e-01
1.063850422538328289e+00 4.548240532659852953e-01
9.823628784932592062e-01 5.535806680142396630e-01
8.758082830671143348e-01 6.450433371493424772e-01
5.006628267292989598e-01 8.905922262085852470e-01
1.387429132526651898e-02 4.630424726162685189e-01
2.313595716940231029e-02 3.219261482492349891e-01
-1.273136190347257113e-01 8.103925681591518659e-02
-2.482960296828817803e-01 -1.277787733438534579e-02
2.822512588443482073e-01 -4.465065659187711367e-01
5.555314566236257967e-01 -5.901515680517788187e-01
8.095905485268839463e-01 -6.482636760422433309e-01
9.667412889411708399e-01 -5.504357093441303306e-01
1.055325428222131379e+00 -4.526265796773154548e-01
1.101287427092969562e+00 -3.630883906838078268e-01
1.120374465458804369e+00 -2.903869941097991791e-01
1.125490347439199734e+00 -2.338001240498233102e-01
1.090284487196886420e+00 1.917689241103603948e-01
1.083559998150893655e+00 2.303816445034789773e-01
1.068235205926704179e+00 2.771844625757347025e-01
1.039113973746590425e+00 3.325487302809548851e-01
9.889438029524577622e-01 3.947952962916212449e-01
9.094475861674711226e-01 4.591432680332474536e-01
7.882184687882021201e-01 5.221553516914412274e-01
5.771521881172292368e-01 5.556158279370171371e-01
3.439820804613202831e-01 4.322689879787355860e-01
2.164088493302962490e-01 2.424259620403329540e-01
1.349929250862991204e-01 2.054558954320631972e-02
1.314028487140128654e-01 -2.703266601769008237e-01
4.614189311291627682e-01 -4.931927029500127180e-01
6.368745504907091792e-01 -4.884836134674364061e-01
7.801726573982437074e-01 -4.875005620820660468e-01
9.002302835259490266e-01 -4.468189021056456767e-01
9.828000313502793794e-01 -3.886396023415206180e-01
1.034777134948838828e+00 -3.285967302806058754e-01
1.064789611923757651e+00 -2.742030825827690421e-01
1.080550722630302385e+00 -2.280334749455126264e-01
1.058615990773976723e+00 1.852410476978350040e-01
1.046049301380926888e+00 2.169940093353739385e-01
1.024894008923606936e+00 2.532514593039847384e-01
9.914002256639942168e-01 2.929640413643275210e-01
9.409404586490821565e-01 3.333281265618848188e-01
8.682973531983417814e-01 3.689224853434114326e-01
7.674952800586254398e-01 3.896508156782252374e-01
6.373939787801763401e-01 3.730970265571620370e-01
5.063001742622819101e-01 2.933253531456153640e-01
4.138341518578347866e-01 1.605670788548746453e-01
3.753140246653474676e-01 -4.473028289667742470e-03
4.129999316180055224e-01 -1.817205424355383681e-01
5.345208188249372938e-01 -3.095695448018848106e-01
6.642760140127856872e-01 -3.600472351363803725e-01
7.748794304930428645e-01 -3.719396942817754237e-01
8.673341475812668122e-01 -3.574130073789794082e-01
9.382429452992324670e-01 -3.262877831070176704e-01
9.886267146427618613e-01 -2.882836401562416384e-01
1.022308039322206152e+00 -2.498509943373306008e-01
1.043636849354099283e+00 -2.143857332959453466e-01
1.032445811115294543e+00 1.742099934231844394e-01
1.016674831008494984e+00 1.991570394814057288e-01
9.932451339049341854e-01 2.258838734208468146e-01
9.597193085767741216e-01 2.527394833399077001e-01
9.135196414395574394e-01 2.766460841863760400e-01
8.525103335215167277e-01 2.924615887129744518e-01
7.763983982843036813e-01 2.921165165285433130e-01
6.904289833871768423e-01 2.647156069842304671e-01
6.092989481254607043e-01 2.023404976290843482e-01
5.516435068739666825e-01 1.082690095504215688e-01
5.314291632615852912e-01 -5.056516054412750830e-03
5.566714148823703745e-01 -1.186538983866528008e-01
6.215283528788351219e-01 -2.081545377145632703e-01
7.031739062152064790e-01 -2.613742932748797099e-01
7.834151612203488213e-01 -2.841233466411263731e-01
8.545845816234098891e-01 -2.848122325492141726e-01
9.131564821113991037e-01 -2.707160492939952867e-01
9.583909405658452840e-01 -2.482957122441842301e-01
9.915696522890993236e-01 -2.224871685437768143e-01
1.014889378437746625e+00 -1.964914211980262060e-01
