1.003108759022974805e+00 -1.436025725450873480e-01
9.868010347792788295e-01 -1.582201007350381161e-01
9.652967924005384504e-01 -1.718217180301873093e-01
9.379060340188427602e-01 -1.827471536843949806e-01
9.044263624915505062e-01 -1.887092278833080172e-01
8.655705095633492441e-01 -1.868945063152671615e-01
8.234283724888458167e-01 -1.743557111434357321e-01
7.817508105441994815e-01 -1.487806431920046801e-01
7.457334952069882839e-01 -1.095462163573840408e-01
7.210436258060881620e-01 -5.866437008100050532e-02
7.121982226210765710e-01 -1.009467860660015481e-03
7.209271452799659308e-01 5.662509867316450896e-02
7.454575108872285583e-01 1.074596891698653689e-01
7.812477513518234495e-01 1.466706562184882934e-01
8.226616549058940464e-01 1.723005129572774408e-01
8.645602038773736453e-01 1.849784051773051274e-01
9.032257724313685898e-01 1.869883746189660023e-01
9.365767489923060296e-01 1.812482478276500331e-01
9.638974116999454722e-01 1.705488321595849399e-01
9.853812804116168778e-01 1.571606811576553575e-01
1.020358664680016680e+00 -1.572799044162342952e-01
1.004289077971567412e+00 -1.771845315447140301e-01
9.816359590431344984e-01 -1.972105438417282031e-01
9.509364391727559429e-01 -2.154491030778671323e-01
9.111251970871236949e-01 -2.289109152941803949e-01
8.622216274113192469e-01 -2.334455302387294928e-01
8.062574440336089943e-01 -2.241054044445067728e-01
7.481443879482263526e-01 -1.962598350902122757e-01
6.958158806495928772e-01 -1.475401760800387763e-01
6.588376734782230848e-01 -7.999145561891962686e-02
6.453945211942802018e-01 -1.064254453587188363e-03
6.587791031543455134e-01 7.782008614787727652e-02
6.956232888336244535e-01 1.452277532604395738e-01
7.476395010986780498e-01 1.938263626890401881e-01
8.053576512456528391e-01 2.217281781841162758e-01
8.609923757417181633e-01 2.312755732245541651e-01
9.096667792956991683e-01 2.270147828310764559e-01
9.493397824536931040e-01 2.138490597995379439e-01
9.799818403848159498e-01 1.959011401252253037e-01
1.002642215421676308e+00 1.761382997109861570e-01
1.042757884400391521e+00 -1.695446366820352324e-01
1.028452055117929920e+00 -1.957203123018858015e-01
1.006239633637131536e+00 -2.239598421607191803e-01
9.735125870602145959e-01 -2.523804414397234908e-01
9.276714824865495146e-01 -2.774184789440403698e-01
8.670908265776744450e-01 -2.932899643739195206e-01
7.927811433475473457e-01 -2.919935381420524223e-01
7.104983915788642967e-01 -2.645986574295489113e-01
6.322121875265929170e-01 -2.046427218465457498e-01
5.744860689493802575e-01 -1.130265705599814430e-01
5.529417657198298919e-01 -1.108309662761380095e-03
5.745330087239897132e-01 1.108139663132523545e-01
6.323030161954878992e-01 2.020593304968776316e-01
7.100403680336286882e-01 2.616103252017576430e-01
7.916349336100014789e-01 2.891470631175996342e-01
8.655290052687525382e-01 2.908145424010855074e-01
9.258583366218831046e-01 2.753286335808580176e-01
9.715610668613594569e-01 2.506872310665153591e-01
1.004261613358432559e+00 2.226447365331440942e-01
1.026532052917294990e+00 1.947291319937360932e-01
1.070840165464477245e+00 -1.786761484219168139e-01
1.060567319977010481e+00 -2.117549101660620714e-01
1.041552989309371124e+00 -2.498506753690343807e-01
1.009708450042843264e+00 -2.917101014991962948e-01
9.600138319239404083e-01 -3.337983389633247810e-01
8.875621319881732418e-01 -3.688203560743485987e-01
7.901719147014873990e-01 -3.846201738242438495e-01
6.725353902808128836e-01 -3.647770200132305352e-01
5.519058139433807852e-01 -2.932737966291443232e-01
4.575606358393091710e-01 -1.667234199323350263e-01
4.203601912279841812e-01 -1.345844365862026775e-03
4.575455298902442181e-01 1.649379443974668957e-01
5.530849853607300304e-01 2.903312025049337164e-01
6.720169564600642076e-01 3.604680412854865956e-01
7.883846226394286560e-01 3.812162771614835410e-01
8.855359851359190237e-01 3.660622927240386737e-01
9.577251578935541687e-01 3.314960548386469696e-01
1.007274478568593867e+00 2.899476777858511767e-01
1.039159891066816499e+00 2.485922071302382186e-01
1.058325233504784357e+00 2.108895292024159929e-01
1.104581755395133147e+00 -1.823938802801494674e-01
1.101371303671427881e+00 -2.221912601557596290e-01
1.089767777371870583e+00 -2.709651528456369363e-01
1.064190738770423028e+00 -3.291180547086547392e-01
1.016396260929062212e+00 -3.946372391789321199e-01
9.357118424296162473e-01 -4.600140654438966692e-01
8.127011301283393330e-01 -5.081952511796994365e-01
6.457293920231754747e-01 -5.124283850895738901e-01
4.533270924187382533e-01 -4.314339253988663803e-01
2.927609576562084648e-01 -2.555984233207150846e-01
2.216781493754149679e-01 -3.906689743595701154e-03
2.904513254525942223e-01 2.567556170604154420e-01
4.599879973306952863e-01 4.270004809773991772e-01
6.421760293158107480e-01 5.040594126216679793e-01
8.097129902030886228e-01 5.055199877260763142e-01
9.334512942572925631e-01 4.569526301436321880e-01
1.013423056652185128e+00 3.920015136230703412e-01
1.061051753852186863e+00 3.273556712704150939e-01
1.086845586204236991e+00 2.698940481620493159e-01
1.098770569111153783e+00 2.215678437456802818e-01
1.142998187077171046e+00 -1.780206332936451474e-01
1.150361344793322527e+00 -2.229444139470238007e-01
1.151738430282047698e+00 -2.813105174509500372e-01
1.140870373881595068e+00 -3.564356757801778741e-01
1.106560268021963278e+00 -4.504474220233700699e-01
1.029660745565151858e+00 -5.597784019740714712e-01
8.814273623815727099e-01 -6.612992588469424060e-01
6.512240490249199265e-01 -7.015475242777924336e-01
2.509056691868438715e-01 -5.369822283338743230e-01
8.173203604779910592e-03 -1.864774631056220766e-01
-2.203651121347238728e-02 1.982646057833286832e-02
5.986442271422864891e-03 1.303037934483458615e-01
3.060395392557069272e-01 5.340266563598428107e-01
6.155741724196561737e-01 6.985939143956032549e-01
8.864058183971390559e-01 6.617157319255362324e-01
1.027155981499141557e+00 5.544133966234854327e-01
1.102035563493629633e+00 4.473189052539039423e-01
1.136644602855652053e+00 3.549790683518394552e-01
1.148201763542651133e+00 2.806969095047051610e-01
1.147420087956447787e+00 2.227342364581974543e-01
1.183764393691961736e+00 -1.629328164750232233e-01
1.204957948164685488e+00 -2.094756893837534939e-01
1.225280553007496165e+00 -2.731898792800224740e-01
1.239776929916476256e+00 -3.609637796737996673e-01
1.237183789872385864e+00 -4.814253740213048083e-01
1.189121624458929771e+00 -6.408116003957720075e-01
1.018128711633382588e+00 -7.881568695257645807e-01
1.481697088250255590e-01 -1.121531754402271819e-01
1.095828230773587819e-02 -1.870556600661932301e-02
-5.737476569387389702e-03 4.041738811156880828e-03
-1.388727895838992588e-02 1.979239293373822456e-03
-6.983804172989716008e-03 1.103779133547755364e-03
2.243334848431866035e-02 1.301143989328679140e-02
1.385891935115945994e-01 1.114452945476374079e-01
1.001054196176311972e+00 7.568508441603083448e-01
1.180460078272431712e+00 6.325528526893497983e-01
1.229257518068050947e+00 4.792758320417123130e-01
1.234275936534822149e+00 3.607375173044635730e-01
1.221263538526297099e+00 2.734553672530060098e-01
1.201816988811218456e+00 2.098649470566682496e-01
1.223078376300041903e+00 -1.353196313861548816e-01
1.259930980830338276e+00 -1.780200286959066069e-01
1.303490354401120044e+00 -2.390774065137923898e-01
1.352565356773662186e+00 -3.278865879763892544e-01
1.399788009408721612e+00 -4.578308877143744127e-01
1.391600616164313964e+00 -6.308323280788785681e-01
2.531604650474172935e-01 -1.710798447458650173e-01
1.016825399858145573e-02 -1.925000626853634600e-02
-4.397340656658865754e-03 -4.795455505511858618e-03
-1.004814046052571186e-02 7.187699905983335746e-04
-1.234362988080661694e-02 2.340135412896814527e-03
-9.450523179297398713e-03 3.808434385891013019e-03
-1.742221356614281902e-03 1.091331555870822534e-02
1.093732967916594134e-02 3.158803268015097920e-02
1.353142799286066733e-01 1.666419450541589686e-01
1.368326138909812251e+00 6.377302679457996781e-01
1.389710314481404252e+00 4.610600671561204678e-01
1.346847002494964141e+00 3.300047797798044691e-01
1.299554728581266305e+00 2.405056874978428461e-01
1.256871989217300811e+00 1.790830537736232131e-01
1.256016379617542089e+00 -9.508457666168812494e-02
1.307685752518128908e+00 -1.273043361361758663e-01
1.374577472771334907e+00 -1.749459958075560984e-01
1.460659231881404230e+00 -2.470696833182306484e-01
1.562358458601642131e+00 -3.560739690407777047e-01
1.238795687681800706e+00 -4.085992023691176200e-01
3.999071459793723804e-02 -2.330771842051881926e-02
-3.402572058770481078e-03 -1.040949844985816775e-02
-1.035312456653392221e-02 -4.318429324692840687e-03
-1.328533160824207915e-02 -3.085398223745539070e-04
-1.417194250995679194e-02 2.553624851012622782e-03
-1.290991173818978321e-02 5.520088281910362493e-03
-1.010248059141460875e-02 1.003377223387780237e-02
-5.470347716359236223e-03 1.581496841462026737e-02
3.209668549628341694e-02 3.125315327791700071e-02
1.221946298260240260e+00 3.903924657899549011e-01
1.556155700877050130e+00 3.652466042645929889e-01
1.456895504525105300e+00 2.510260390495266947e-01
1.371445542050037547e+00 1.771974975290957488e-01
1.304987394370316078e+00 1.288846354414507900e-01
1.277481735642886029e+00 -4.452920227100864992e-02
1.339741238324691386e+00 -6.004932422867481634e-02
1.424233346536992295e+00 -8.344882499528472053e-02
1.539856901276164702e+00 -1.202460181946318762e-01
1.678251469785247307e+00 -1.811973948613077035e-01
5.541527199406967030e-01 -1.657815112556249026e-01
1.011280070102760220e-02 -1.721470552688675326e-02
-9.707034888722654298e-03 -9.174033260016534186e-03
-1.474496895545657216e-02 -4.582917735087010946e-03
-1.673127804167728883e-02 -7.128440665146729138e-04
-1.721295015785162530e-02 2.722207953631781974e-03
-1.643780748668610681e-02 6.129541448137709736e-03
-1.435352868464356835e-02 9.765291482415894286e-03
-9.178581528223039854e-03 1.313798569764323965e-02
1.478475876925400279e-02 1.732985464133474096e-02
4.854065693095255263e-01 1.625545044928133898e-01
1.680752125469552327e+00 1.860982562625212999e-01
1.538715534988566391e+00 1.231908516205870718e-01
1.421976809268941544e+00 8.565973322847364457e-02
1.337445363837280299e+00 6.185902299872481080e-02
1.283577456191533184e+00 1.158866435642336157e-02
1.349146172662407883e+00 1.654249923006778644e-02
1.439638943386537973e+00 2.470323150484343699e-02
1.567533257952378634e+00 3.861928078338738857e-02
1.732066904669521845e+00 5.317163237508637508e-02
1.138150112513078016e-01 -3.176382414849188152e-02
2.983704284845488126e-03 -1.302417773290320824e-02
-1.429771174355211512e-02 -9.135342844243110605e-03
-1.889985378073424580e-02 -4.868436610250270746e-03
-2.046760988458667940e-02 -8.083278646689451286e-04
-2.071425273495503330e-02 2.909410537432683720e-03
-2.003628775495307560e-02 6.542908323605434173e-03
-1.805437843105027473e-02 1.033479092947264810e-02
-1.279167821967766919e-02 1.433199480393998471e-02
6.350085956035285764e-03 1.899437804843140398e-02
2.159913945210920894e-01 4.001180574277896085e-02
1.730085179710092014e+00 -6.490584784509367822e-02
1.565688858109413717e+00 -3.804528896493408752e-02
1.437434567834721788e+00 -2.284201307865441066e-02
1.347054114528941193e+00 -1.461200675229923363e-02
1.272953659532189974e+00 6.690194332121590648e-02
1.333222831670023867e+00 9.194652804769498644e-02
1.414749930663123934e+00 1.312787954970118243e-01
1.526208465717171503e+00 1.968376138590666180e-01
1.654005844079810439e+00 3.090553883146629488e-01
2.609354537398711482e-01 7.560699831649753122e-02
3.110736245580114634e-03 -1.030520424950442937e-02
-1.842407959519620775e-02 -9.465539952292489900e-03
-2.333437437931573655e-02 -4.756999014409735160e-03
-2.438077317012760092e-02 -4.573664635676433221e-04
-2.430636129964885983e-02 3.177488518627703731e-03
-2.375932109150741267e-02 6.713632214420395261e-03
-2.214814116018648527e-02 1.068403018845642816e-02
-1.705681110206885842e-02 1.501073108716055593e-02
2.091861816246876060e-03 1.613880057996897044e-02
2.329996079195148506e-01 -5.203854832649179585e-02
1.649553097599371521e+00 -3.092751515587810474e-01
1.522074630775200887e+00 -1.952644144232484891e-01
1.412104734814706442e+00 -1.290068701974655951e-01
1.331228965236598283e+00 -8.970935501033894255e-02
1.247442926817520670e+00 1.151055399040057381e-01
1.295234442196826929e+00 1.555712211888615748e-01
1.355821488918412143e+00 2.171034990836306910e-01
1.430917355633582355e+00 3.145901293818242905e-01
1.513284061485439702e+00 4.724306734455074874e-01
1.010462448118213841e+00 5.233658147905884128e-01
1.705451244469136096e-02 -2.634771274880876035e-03
-2.304288772509821559e-02 -8.133802527064970533e-03
-2.818085873458220370e-02 -2.948464222557456438e-03
-2.797203897761058045e-02 9.400272913784313289e-04
-2.734174847126236152e-02 3.536863088762740113e-03
-2.716568946051045597e-02 6.109814884114883604e-03
-2.633601478137126417e-02 9.569024046116592075e-03
-2.082783341905647401e-02 1.334761493136493726e-02
2.152019191742515769e-02 8.810963590893949871e-03
1.059798020236702332e+00 -4.945821098485714273e-01
1.501231181692577632e+00 -4.646402282478279133e-01
1.426281012882485877e+00 -3.099509256110755118e-01
1.353338818342030736e+00 -2.136785311255140485e-01
1.293559343003647832e+00 -1.528388011661840906e-01
1.211463155434379102e+00 1.517244932090777709e-01
1.243116625119415897e+00 2.005151062407239948e-01
1.278004029594970170e+00 2.714372309387758087e-01
1.311235074197927286e+00 3.773652398690141574e-01
1.324657072791839418e+00 5.389763413307768758e-01
1.235269416000354115e+00 7.513734841327879277e-01
1.346859262272115387e-01 1.306023240201914515e-01
-2.277598751244669373e-02 6.567902421126259327e-03
-3.187190484548518832e-02 4.220469961245809642e-03
-2.958789996150734680e-02 4.560314829831491057e-03
-2.840904795655130322e-02 3.895829710861712768e-03
-2.905565446539859487e-02 3.557318967215006289e-03
-2.919367786462734315e-02 4.894278475834346054e-03
-1.741358621987210142e-02 8.815588360633341836e-05
1.205929032679331492e-01 -1.091139201237389944e-01
1.257922663057572388e+00 -7.226931388590684957e-01
1.324355313676885970e+00 -5.240310020807270597e-01
1.309555514288189837e+00 -3.703129145322026083e-01
1.276734509710492071e+00 -2.671280676388487763e-01
1.242122617874629187e+00 -1.974188621315864367e-01
1.170489345569849515e+00 1.750355633477895800e-01
1.186144305953352740e+00 2.251369027587957206e-01
1.197539337372430790e+00 2.939557852749397071e-01
1.196706618655649645e+00 3.889028372905922737e-01
1.166352300680986165e+00 5.175210535139007639e-01
1.072275178053437861e+00 6.776064951193971897e-01
8.314036507191657766e-01 7.923012427742559538e-01
4.989807039112781339e-02 1.129358796129764642e-01
-2.300126246751910131e-02 3.321532141268734861e-02
-2.428067089887964158e-02 1.194026362957345544e-02
-2.502842444849551207e-02 4.340612610929245330e-03
-2.504852842970195503e-02 -4.403321490520917258e-03
-2.890609925442322314e-02 -1.838236546489180334e-02
7.027843195734129189e-02 -7.521710566724126856e-02
8.484584667164540850e-01 -7.770567903326441872e-01
1.085653202356104963e+00 -6.697616102746717370e-01
1.171537444142393136e+00 -5.090035497679235021e-01
1.198117507163619644e+00 -3.829184184957790116e-01
1.197766236672456186e+00 -2.898222773505532146e-01
1.185972808597377526e+00 -2.220805139904258318e-01
1.129476848594901384e+00 1.858418354304158804e-01
1.131893116541058397e+00 2.320952860568903375e-01
1.125900888740138939e+00 2.917597394144322287e-01
1.103911453456749570e+00 3.674342829680354860e-01
1.053373740733789532e+00 4.591903461637492079e-01
9.562653227251027843e-01 5.595074690046164534e-01
7.942293646899711845e-01 6.455860370141808247e-01
5.513566232932975986e-01 6.708499786090194039e-01
1.776541420087096590e-01 3.757829378525312514e-01
8.058212798225383722e-03 7.610969166216285942e-02
-9.932236022832663380e-03 5.136277728788854642e-03
3.159266100727364801e-04 -2.602949852294200728e-02
1.716287860836018808e-01 -4.028576776885395283e-01
5.275689656409077166e-01 -6.894965582490208966e-01
8.045002406775147996e-01 -6.542072704256129967e-01
9.650659148869045190e-01 -5.582195220435004490e-01
1.058528352709517950e+00 -4.553185310762564164e-01
1.106478182077996752e+00 -3.635300757015458295e-01
1.127080088294778459e+00 -2.884888147529052205e-01
1.132375304437618357e+00 -2.294337338067031773e-01
1.091924372248136432e+00 1.865143439832883665e-01
1.084867473236643676e+00 2.261087483425328060e-01
1.068096438033883100e+00 2.739715953883536947e-01
1.035809849017732542e+00 3.297883734201034756e-01
9.801240358241614103e-01 3.904445271135714712e-01
8.921356981386407980e-01 4.476291999544457223e-01
7.651046546049355968e-01 4.858098868222304745e-01
5.983955159968967763e-01 4.814321272258947904e-01
4.081650041994411282e-01 3.988816524475896630e-01
2.667989364973721855e-01 2.192571770760828875e-01
2.148556598664064232e-01 -1.096580385178444039e-03
2.694517524897310778e-01 -2.274585631393152840e-01
4.140212965051737193e-01 -3.949710239087445007e-01
5.965790258035341687e-01 -4.834386199553342145e-01
7.683288715107194911e-01 -4.894486312449164434e-01
8.970091694532178472e-01 -4.480728405402312209e-01
9.840162237527683153e-01 -3.888374533474037165e-01
1.038356468189711723e+00 -3.274735364988612396e-01
1.069614775076652702e+00 -2.716308074719897547e-01
1.085715978023109596e+00 -2.239778876447040545e-01
1.059709850440149204e+00 1.799456832349055624e-01
1.046767085891144866e+00 2.119935939965866822e-01
1.024573402672392941e+00 2.482596272597348275e-01
9.892526593326533835e-01 2.870846589624442835e-01
9.364198833610770656e-01 3.245768892100620029e-01
8.623391528165114117e-01 3.535751936834097275e-01
7.661403351326501188e-01 3.630922235271183407e-01
6.531874586606689626e-01 3.389077696983844312e-01
5.402087227167950978e-01 2.672407760707296021e-01
4.564245636527064498e-01 1.471157553226329351e-01
4.261368339353777124e-01 -1.669259744893497339e-03
4.580857617492650746e-01 -1.501251190706154315e-01
5.423657702914019829e-01 -2.685556907020297812e-01
6.546212167116371994e-01 -3.402625527412317386e-01
7.684387242934165307e-01 -3.645705310632640916e-01
8.653276869984960484e-01 -3.539961097391497447e-01
9.391978036983306133e-01 -3.238709962849184443e-01
9.913997031699306461e-01 -2.857177469018035154e-01
1.026071487905559909e+00 -2.466425487329004795e-01
1.047744644580490547e+00 -2.103606875460206638e-01
1.033412275738694319e+00 1.688258059929337307e-01
1.017439713582750649e+00 1.936590433256002441e-01
9.935212286200623133e-01 2.199109924615472167e-01
9.593415546126560223e-01 2.455468353573575513e-01
9.128108926157052494e-01 2.670031360835012357e-01
8.529799804200099977e-01 2.788616392486309437e-01
7.814484133918941922e-01 2.740254676502218434e-01
7.040785204743960080e-01 2.449306277082230476e-01
6.321826982308564880e-01 1.865369924568271998e-01
5.807323616104942410e-01 1.008485638384470917e-01
5.623050400855911235e-01 -1.154759090354353333e-03
5.815818344453393962e-01 -1.029232445990560518e-01
6.335030373965810924e-01 -1.880839620962032610e-01
7.055889906748680218e-01 -2.461328629190662198e-01
7.832882214467851156e-01 -2.749049040330275862e-01
8.550757411151344023e-01 -2.791596218248360017e-01
9.148452515528138207e-01 -2.666508229263886420e-01
9.610680698057416649e-01 -2.447029904678199586e-01
9.948557342009034521e-01 -2.187886575089992292e-01
1.018404413327793634e+00 -1.924248861068766914e-01
1.012775142889461577e+00 1.553039960894020410e-01
9.957896320162262782e-01 1.738615526747921969e-01
9.724024207174797318e-01 1.920990428492452828e-01
9.413957544648865472e-01 2.080994180338135990e-01
9.020362797386272113e-01 2.190061159934453272e-01
8.546894383361824943e-01 2.210341154533201902e-01
8.015870886151588159e-01 2.098728661387927463e-01
7.474906262011171698e-01 1.817057011839884328e-01
6.996826273293255127e-01 1.349025412941529112e-01
6.665505686240624783e-01 7.179795265114030656e-02
6.548409770097873839e-01 -8.268868213335975803e-04
6.670801998094111340e-01 -7.334143295839978816e-02
7.006147791782413314e-01 -1.361822872003487506e-01
7.487019048045473468e-01 -1.826846170554452531e-01
8.030207136893463549e-01 -2.105159655798649609e-01
8.562537337136189031e-01 -2.212688559198872085e-01
9.035775436709925224e-01 -2.188134763450721998e-01
9.427739310821747765e-01 -2.075478026027366418e-01
9.735415283981896373e-01 -1.913005044032245472e-01
9.966742798083427779e-01 -1.729237473833822314e-01
