9.919975801762492829e-01 -1.424040710373741803e-01
9.750402838836746966e-01 -1.558569918592822567e-01
9.530520455600677288e-01 -1.680759170309120698e-01
9.254155460193436156e-01 -1.774236266813522533e-01
8.920002218696154728e-01 -1.816601915166859982e-01
8.535846024775040064e-01 -1.780434965713273421e-01
8.123174419331746776e-01 -1.637272164784031592e-01
7.719869214531271950e-01 -1.365503649899901806e-01
7.377473877615647879e-01 -9.609659893209665515e-02
7.150835566621949191e-01 -4.456665617897176412e-02
7.082250005509971302e-01 1.311930739048803272e-02
7.186536489714789866e-01 7.030893472706828407e-02
7.445066089802576670e-01 1.204443356476864180e-01
7.812714802036468953e-01 1.588651391300199833e-01
8.233592722109528417e-01 1.837138784803393765e-01
8.656914424933481733e-01 1.957049581000536165e-01
9.046439489392454902e-01 1.971746631212667467e-01
9.382308593614907544e-01 1.910362858704406364e-01
9.657992818840543947e-01 1.800372762209145883e-01
9.875669932818920138e-01 1.663967242437758287e-01
1.008139988954479538e+00 -1.569123278450712533e-01
9.911592725801865456e-01 -1.755222970846337383e-01
9.677671872460580360e-01 -1.939522875471277885e-01
9.366020187713020029e-01 -2.103112255667971553e-01
8.966989638641575944e-01 -2.216627886644073619e-01
8.481658426874982837e-01 -2.239347883018094620e-01
7.931313267569173320e-01 -2.122743725547648896e-01
7.366423259553878111e-01 -1.822263950387925657e-01
6.866870047902140506e-01 -1.317917618039127214e-01
6.525514421895461936e-01 -6.345153001440367868e-02
6.418368905387228374e-01 1.521583949166817155e-02
6.573337972477832913e-01 9.313159140004800829e-02
6.956265267195838042e-01 1.593732548899773338e-01
7.486358902086776013e-01 2.068105886988835795e-01
8.069467760735604678e-01 2.336008645988996157e-01
8.628251265161979155e-01 2.422333256845288219e-01
9.115732458386083259e-01 2.373493440214979877e-01
9.513241185165988156e-01 2.238076526192012139e-01
9.821324143795484574e-01 2.056248467049059947e-01
1.005057417978321155e+00 1.856730505270842713e-01
1.029345480764938259e+00 -1.703040768289820761e-01
1.013775333998896411e+00 -1.950695549328229639e-01
9.904604729127863827e-01 -2.214835113298319058e-01
9.569377085559915841e-01 -2.476660458657375941e-01
9.107561229843841311e-01 -2.701208333348570356e-01
8.503865103593377661e-01 -2.831731746994248233e-01
7.769145878883687573e-01 -2.788607399696818590e-01
6.964194464060446954e-01 -2.482832785211452897e-01
6.213722948585886918e-01 -1.856093615478981995e-01
5.679424038486691195e-01 -9.290709259655277608e-02
5.504431442665369545e-01 1.807936389696007326e-02
5.745848018614752029e-01 1.278898925567728551e-01
6.336534027780205136e-01 2.173429628196132946e-01
7.124158998760266037e-01 2.753482158450426542e-01
7.944799962343362942e-01 3.012415212718244639e-01
8.682097056264481694e-01 3.016698537285145143e-01
9.282178204183555437e-01 2.855492110103052816e-01
9.737670147138199894e-01 2.606757182680863316e-01
1.006553191185135532e+00 2.325620539895623118e-01
1.029101223735768844e+00 2.045813874034951851e-01
1.056184204258678871e+00 -1.809498203954618134e-01
1.044174408213487393e+00 -2.125469892308395892e-01
1.023535945122906465e+00 -2.485922285725861158e-01
9.903892676924574978e-01 -2.877863141077452447e-01
9.399827416056028007e-01 -3.266721160467311869e-01
8.675499370194095228e-01 -3.582304791987445114e-01
7.706517481974861639e-01 -3.703775860188041058e-01
6.542327682409210254e-01 -3.458549306178759775e-01
5.380108675140871100e-01 -2.691371676806392221e-01
4.508367704649773877e-01 -1.409036310739389397e-01
4.204471824708844174e-01 2.218523019361490906e-02
4.603421008507746492e-01 1.831391331198706229e-01
5.557109261058412741e-01 3.066164970486251473e-01
6.765063056745890258e-01 3.751617841212084858e-01
7.931525897217062138e-01 3.929288729503599420e-01
8.891048292389069907e-01 3.761240820108113780e-01
9.602882905685450332e-01 3.411999572569435202e-01
1.009425927192384442e+00 2.998233703208486034e-01
1.041388153355338186e+00 2.587109257765107806e-01
1.060927903929753668e+00 2.211347785010575606e-01
1.088705960662730288e+00 -1.866778003003233266e-01
1.083141467050470208e+00 -2.250200711073957471e-01
1.069168083037741468e+00 -2.715863866507017832e-01
1.041454963440333614e+00 -3.266046911223186022e-01
9.922745969094659557e-01 -3.879690466140650607e-01
9.116911732891730402e-01 -4.488149190171064618e-01
7.891939415436777239e-01 -4.934934577579841442e-01
6.202102863606739902e-01 -4.926282381878410721e-01
4.322203346972908200e-01 -3.974651165044917889e-01
2.867081452981867784e-01 -2.217635886779978360e-01
2.285768228920215250e-01 2.935768778846452667e-02
2.996529793666780073e-01 2.711889922973947931e-01
4.608559421574587311e-01 4.464006307897427916e-01
6.521854313669539494e-01 5.209610890688209928e-01
8.173187063661568885e-01 5.145669621371196101e-01
9.373052813060867017e-01 4.649627621176133374e-01
1.015442279746932019e+00 4.007429839623632972e-01
1.062613842266884046e+00 3.371091026696126924e-01
1.088704295478701845e+00 2.803575264828928049e-01
1.101256239479100341e+00 2.323839882548051072e-01
1.126054523838253552e+00 -1.849268762522360277e-01
1.130298204100529391e+00 -2.285969625447914488e-01
1.128308921514726837e+00 -2.847993477626098446e-01
1.113954695889427526e+00 -3.565501351188338219e-01
1.076361563333619875e+00 -4.451915327535438394e-01
9.993328180116589632e-01 -5.461589232247177073e-01
8.572541682781853467e-01 -6.454318251965684983e-01
6.254089853907862651e-01 -6.858335301813356377e-01
2.210824906431252401e-01 -4.668575227401838834e-01
2.647710083091059374e-02 -1.142208134199879099e-01
-1.410265770782626049e-03 3.924091692525201458e-02
4.867517491020767473e-02 1.986435546801235130e-01
2.976682519732221088e-01 5.187477102326482070e-01
6.637231140431054666e-01 7.083718923582760230e-01
8.921085032564313178e-01 6.650446516607400049e-01
1.029323141082815196e+00 5.589838641924882445e-01
1.101867798061335613e+00 4.551056931684316353e-01
1.136864562339608975e+00 3.650462676404320206e-01
1.149364982464583518e+00 2.918859613327606795e-01
1.149654157173669589e+00 2.344398024256144630e-01
1.166100224663310092e+00 -1.731798213462987235e-01
1.183277446131877353e+00 -2.189230157933796939e-01
1.199067698725123643e+00 -2.808128931089037827e-01
1.208610917795895912e+00 -3.656364965166858383e-01
1.199419422202340213e+00 -4.821855570381350375e-01
1.137262763130576504e+00 -6.283763631470873356e-01
9.961589488308686402e-01 -7.492196090625424798e-01
1.956616665057808735e-01 -1.349566975354166143e-01
-5.091992120057620141e-03 -4.975139641731796125e-02
-1.701112753054512261e-02 -1.003710802906232491e-02
-1.859475491617468279e-02 -1.228096030826460183e-02
-1.138909358035844477e-02 -6.427697390997133553e-03
-3.781013513184383612e-03 1.725151220442366906e-02
2.742803330541043749e-01 1.945616715313847056e-01
1.029420903708323509e+00 7.599917362516972474e-01
1.173014207712255175e+00 6.306095793220412027e-01
1.224424142559390472e+00 4.887452850148066297e-01
1.232864161398944391e+00 3.722651935528853429e-01
1.221561179511749806e+00 2.859338495581931205e-01
1.203723108232064298e+00 2.229210893893540657e-01
1.205320084457850882e+00 -1.497119330171514662e-01
1.237118897934524897e+00 -1.924197855521869727e-01
1.274734431758061115e+00 -2.522379488210324538e-01
1.317620188098743705e+00 -3.381866633222530005e-01
1.361467101318725614e+00 -4.647671429152255840e-01
1.355037329348119268e+00 -6.581745835716157345e-01
4.174385722335549609e-01 -2.452790334804499928e-01
-2.916234372288162291e-02 -1.053413405707304129e-02
-2.107755112410791831e-02 -1.191703315868430924e-02
-1.939718915501487118e-02 -8.617649507406122122e-03
-1.898413446902669222e-02 -8.673130268513903202e-03
-1.676400393913146658e-02 -7.672490058375780464e-03
-1.287157976188169073e-02 -3.798522976921070438e-03
1.198633801824389167e-04 1.199099288129779062e-02
1.427914899638582646e-01 1.174408665806392360e-01
1.331026061760667289e+00 6.735024024392433084e-01
1.387078308498951307e+00 4.778640051060900618e-01
1.344904017713765443e+00 3.428876358773735866e-01
1.298732969584786012e+00 2.547028079687030377e-01
1.258387132643131068e+00 1.941487801289287773e-01
1.239210229445653066e+00 -1.144673029243392648e-01
1.284650846678488945e+00 -1.480987431759506201e-01
1.343605047584496726e+00 -1.956548135422719881e-01
1.420531121927452345e+00 -2.653771724329145876e-01
1.507698258895184829e+00 -3.676374712185914717e-01
1.223316356226538115e+00 -3.188593040150511371e-01
3.188854576655297812e-02 -2.836389715303755388e-02
-9.789942179696531355e-03 3.333357468374709143e-03
-1.847897233768991399e-02 -2.551123878971606196e-03
-1.861229206920278489e-02 -5.934595700815281649e-03
-1.833333975589213072e-02 -7.663122611861242738e-03
-1.786361279667192381e-02 -8.178058774655216911e-03
-1.655474372032672559e-02 -7.187482857002880365e-03
-1.015521393130824901e-02 -4.223570907437856903e-03
3.987734344820081933e-02 2.307036548767071871e-02
1.300383444073263561e+00 4.994454525298919201e-01
1.561219363939016613e+00 3.593172905776320647e-01
1.450319489987081933e+00 2.623713989621423437e-01
1.368146610815423214e+00 1.943302937171709210e-01
1.306148750687587956e+00 1.471863460281874758e-01
1.263325855182272361e+00 -6.961520901842099818e-02
1.318274245499076569e+00 -8.900135838664002819e-02
1.392021424897868398e+00 -1.147913625960761408e-01
1.494668310754116991e+00 -1.492566243601189946e-01
1.630341511910333274e+00 -1.962523961869355738e-01
3.770590787523239729e-01 -2.052675516527546762e-01
1.944934105344187092e-02 2.912077293584225401e-03
-8.393555624197357456e-03 1.749825708398100588e-03
-1.405163262679531844e-02 -1.460981973388508770e-03
-1.571046011527299502e-02 -5.152526868905105140e-03
-1.662031905945882126e-02 -7.943180818420318701e-03
-1.755545134741187674e-02 -9.462950874218611919e-03
-1.788459180401075210e-02 -9.296718871736886491e-03
-1.423095780811262090e-02 -6.982671368023218861e-03
1.150352714258839892e-02 -6.079285175863979873e-03
3.738874137185432822e-01 -1.054009397990485208e-01
1.627076513859319729e+00 1.944437629368178655e-01
1.518959228487405833e+00 1.441805937829543360e-01
1.415688664445243994e+00 1.102897756480114566e-01
1.339277591546085278e+00 8.544812553328950955e-02
1.274642839466024968e+00 -1.928170697945041923e-02
1.332848745975672378e+00 -2.218521830743336309e-02
1.409521761727783984e+00 -2.266829782525903170e-02
1.511236212059783757e+00 -1.254780693557666638e-02
1.627208720450863622e+00 4.009116143974367219e-02
-5.092567829206176011e-01 -4.903829706739415428e-03
1.007604259414593938e-02 1.178937558798942575e-05
-6.664993605856165716e-03 1.906433479935687458e-03
-1.019669838514205597e-02 -1.451700890754414885e-03
-1.200392633322728761e-02 -5.677275972133244419e-03
-1.386184612440909299e-02 -9.494970631941211311e-03
-1.630818828578195837e-02 -1.216103400055595918e-02
-1.902565613436243627e-02 -1.278685972220861000e-02
-1.958671421853375866e-02 -9.255101403109478042e-03
2.143009263922043047e-03 8.053679862786156107e-03
3.360481984242179032e-01 -2.973890983970717272e-02
1.686138930967428173e+00 -2.379859908479886599e-02
1.542190775901944866e+00 4.812834378118413525e-03
1.432617383611059170e+00 1.464430851019660196e-02
1.352685422199670029e+00 1.608192877364800211e-02
1.272433460339882361e+00 3.172122585897607649e-02
1.328185787202145196e+00 4.413024382552199754e-02
1.398341378979624405e+00 6.380955645154839928e-02
1.479565550925400652e+00 9.713920623748872885e-02
1.526698250910493160e+00 1.518634648353156535e-01
3.004797596949840277e-01 -2.620194914757512095e-02
9.953652790378741955e-03 1.710039040855315662e-02
-2.331915571782972041e-03 4.668298536535386845e-03
-5.401229956173703162e-03 -1.168755777582464184e-03
-7.150851461905638473e-03 -6.789465286010654133e-03
-9.697317927192528053e-03 -1.219157863002236046e-02
-1.355512715406570479e-02 -1.668093860035857467e-02
-1.879414360631465053e-02 -1.952472747792199925e-02
-2.425254037737661905e-02 -2.009604886932914170e-02
-2.644264715692817846e-02 -2.750093727796332210e-02
1.386300781021099215e-01 -3.864911573113527510e-02
1.557358675962694505e+00 -2.281930704891887984e-01
1.503825649489090477e+00 -1.211660140356074500e-01
1.417737909954144282e+00 -7.622279821792421473e-02
1.345782393122629816e+00 -5.227757519798981178e-02
1.257844734630401584e+00 7.932273381480614560e-02
1.307530895690524497e+00 1.045972676892326092e-01
1.369300579679555874e+00 1.390159200421958730e-01
1.442145652145431667e+00 1.803706928800385967e-01
1.491806044971323741e+00 1.928990158728915993e-01
5.827480102131815665e-01 1.947543559874798103e-01
4.590790134079647533e-02 5.635425215922973408e-03
3.517815781013400311e-03 3.999585259032434337e-03
7.794025478963240161e-04 -4.207377707970971770e-04
-4.336903161850091948e-04 -8.206723319502673419e-03
-3.537269388921293611e-03 -1.580573889235092552e-02
-8.377846030683255840e-03 -2.271473995190009809e-02
-1.505506115302479575e-02 -2.906808397701576840e-02
-2.430650305135784173e-02 -3.180838733980784205e-02
2.473571792649453815e-02 -1.663456017037434620e-02
8.488055444426734208e-01 -9.013435855312446066e-02
1.481552953842800058e+00 -2.405073555459846801e-01
1.447993001174358474e+00 -2.006516731069862836e-01
1.382542825708817258e+00 -1.510534907661309489e-01
1.322393285209393810e+00 -1.131566740448786135e-01
1.232814471787747612e+00 1.204775093224097482e-01
1.273611490420180070e+00 1.563875903676614776e-01
1.325006149886027718e+00 2.052442927831332753e-01
1.394426873557541580e+00 2.703903761476023071e-01
1.508470692388471646e+00 3.607777965247782603e-01
9.677405540111183591e-01 2.025219512218434659e-01
2.361036284463713386e-02 8.750735749033511368e-03
-5.843643188785385689e-04 -2.811733747881683954e-03
1.179477061671652116e-02 2.117969269712638436e-03
8.676200562929281546e-03 -1.050528030664160672e-02
4.926338448938416548e-03 -2.005716512333439658e-02
-5.014987435103535063e-04 -2.948321424378924638e-02
-6.237817447660720660e-03 -3.659483937940855025e-02
-1.770753809384739696e-03 -7.216180258060034269e-02
-4.821391964767718363e-02 -7.276999954925811309e-02
9.282316792956146756e-01 -1.349129962652750869e-01
1.485519088606108706e+00 -3.228604001700308146e-01
1.397969836843973024e+00 -2.733327184192746451e-01
1.336102946717865336e+00 -2.129970647314038956e-01
1.286885180959009833e+00 -1.640318187722100696e-01
1.199810891681329927e+00 1.527011869463690275e-01
1.228825853872459462e+00 1.960418528022400686e-01
1.263401376620174599e+00 2.562768520968794483e-01
1.305554483270449095e+00 3.448438763039796129e-01
1.349395976791176732e+00 4.922113807397376917e-01
1.299675554961097212e+00 7.246665849155453643e-01
2.408088331745239508e-01 -1.312355127675191024e-01
-7.772909764324098525e-02 -1.511008608303576750e-01
1.030936720654351824e-02 -2.414983879034937608e-02
1.582505140127699050e-02 -1.425770723563923870e-02
1.488964133500747522e-02 -2.520931734766523533e-02
1.202895601051912067e-02 -3.161132542761457831e-02
-2.706026044909326522e-02 -5.611539346000782302e-02
-3.006357212154697756e-02 1.460537794542293710e-01
-1.387385382752426288e-01 2.707501980328652635e-02
1.349620335749032174e+00 -7.626265958418843027e-01
1.389370293470627571e+00 -4.816181415469400484e-01
1.321503272252045891e+00 -3.454892047115509790e-01
1.276587479083508558e+00 -2.622755270126031490e-01
1.241922525520702258e+00 -2.031166725291999597e-01
1.162159060896783558e+00 1.743007287608544509e-01
1.177972335313612895e+00 2.202973622550596922e-01
1.192554441872435422e+00 2.830594124556196078e-01
1.201088445774165514e+00 3.717219156349083065e-01
1.187616003561537958e+00 5.002469301835410498e-01
1.107390003638462073e+00 6.719544164594914992e-01
7.884494033675881752e-01 7.955973188641718430e-01
2.983517513682087952e-01 9.036599462998617938e-02
-3.554299065519139766e-01 -4.935540286083234252e-01
-6.279190678068924392e-02 -2.318180019009724591e-01
-1.444059325233060243e-02 -2.634683065214121420e-02
-6.665731965555754535e-02 2.117152672777980471e-01
-1.732606617367737911e-01 3.779221349320394108e-01
-1.216087794873066397e-01 6.530141100295927536e-02
9.299429670426939687e-01 -7.186918602961711589e-01
1.105818043325184075e+00 -7.134278029037111057e-01
1.211846723962766159e+00 -5.188233871975422851e-01
1.219109587237217074e+00 -3.803116073285917054e-01
1.206911168565460990e+00 -2.906846333927370907e-01
1.191085280841550631e+00 -2.277936399909519238e-01
1.123646765887738042e+00 1.850963635399405227e-01
1.127335427343862939e+00 2.290162983674504105e-01
1.124865185949581736e+00 2.861895684086568359e-01
1.109658005724087904e+00 3.608121635379224479e-01
1.068808124360347556e+00 4.555944324636462817e-01
9.822412885935127846e-01 5.631678792449656967e-01
8.467139757935648881e-01 6.496082864416652392e-01
7.582470113763339903e-01 7.621248028218863269e-01
-1.354690744913988887e-01 3.913691155925963505e-01
-2.597372161943445334e-02 2.846715927021092885e-01
-1.485582038112620573e-01 7.860335318203866273e-02
-2.727914444039325481e-01 3.599404823377477802e-02
3.758284439967907176e-01 -3.578331634968290320e-01
5.069729265480882319e-01 -6.534028276680148295e-01
8.232086993631670957e-01 -6.894166101841103789e-01
9.879147744359917382e-01 -5.849908336163545108e-01
1.082313660251008613e+00 -4.722912225028985667e-01
1.124243071380974790e+00 -3.723898347280685250e-01
1.138361839282682197e+00 -2.954600957924347071e-01
1.139945874190695374e+00 -2.372710440702685553e-01
1.087529385298395823e+00 1.864691524253414556e-01
1.081840858714731013e+00 2.251215152849406209e-01
1.067782231977338903e+00 2.725964571325989461e-01
1.039742184155236782e+00 3.296810465137811619e-01
9.894244451332179224e-01 3.947591267661465508e-01
9.073273361991773811e-01 4.613359222422519501e-01
7.857931011859564663e-01 5.210901114227606268e-01
5.869237230360457858e-01 5.706305081708995530e-01
3.040986646805277083e-01 4.578568268290855725e-01
1.733381285976309805e-01 2.381244774031510136e-01
9.480811121949539455e-02 9.240207196513302440e-03
7.379141334682870479e-02 -2.974038026031597393e-01
4.547899516455955471e-01 -4.988332220516883408e-01
6.269529592797162820e-01 -5.218132784317730533e-01
7.847636228283771942e-01 -5.214462783242446164e-01
9.135064161221295720e-01 -4.741167666502321687e-01
1.000030671863392229e+00 -4.080059923353518414e-01
1.051858969496375362e+00 -3.411839915651793120e-01
1.079928720266685183e+00 -2.825080736051210906e-01
1.093612350861961069e+00 -2.339298005417389525e-01
1.055890460349957483e+00 1.806808301283790996e-01
1.043963938157190796e+00 2.126490685298887406e-01
1.023431816921069881e+00 2.495535588728858833e-01
9.902547324492116942e-01 2.904478087614603687e-01
9.394001595392675874e-01 3.323690739500517743e-01
8.655975720165165477e-01 3.693494285709786329e-01
7.637194282962989078e-01 3.915977234198253498e-01
6.300282577987847965e-01 3.793922062291843478e-01
4.875506967853859841e-01 2.997222328621940157e-01
3.878116186384450437e-01 1.573850025359310734e-01
3.487616574922070001e-01 -1.842757486849189164e-02
3.930375264066543473e-01 -2.067421479099829096e-01
5.261279971042087666e-01 -3.348699458182691213e-01
6.601681988420571301e-01 -3.857412886217037595e-01
7.773832690014459423e-01 -3.974354782996036839e-01
8.755628255936409587e-01 -3.796300363829019364e-01
9.497672503598342253e-01 -3.438976646061231435e-01
1.001180524646543279e+00 -3.014650903946392013e-01
1.034478811160297607e+00 -2.595997348892931100e-01
1.054860590881414595e+00 -2.217610590432239626e-01
1.029625409831773641e+00 1.701247589134591287e-01
1.014206446419134711e+00 1.952993242918132921e-01
9.910287517925753242e-01 2.225182062320563148e-01
9.574845972453527310e-01 2.501356349081151897e-01
9.108166350501223363e-01 2.749692660422398127e-01
8.488046958729511537e-01 2.917183536817180567e-01
7.710124798206319241e-01 2.923205360801817143e-01
6.819141245616133773e-01 2.655647484914092082e-01
5.961875009561912186e-01 2.015851973949384091e-01
5.351867284488665000e-01 1.026227655879960454e-01
5.149361682187381106e-01 -1.706088693991660368e-02
5.436976015918637550e-01 -1.361477846123790303e-01
6.137754575956577696e-01 -2.282289663450665085e-01
7.001101972222012471e-01 -2.821457595902132631e-01
7.848471210100615991e-01 -3.044195342176925223e-01
8.599053583545157586e-01 -3.032284978157229194e-01
9.211299166576836228e-01 -2.863556656742938245e-01
9.677010772359007085e-01 -2.610000028373726799e-01
1.001217968762033728e+00 -2.326127002514488673e-01
1.024295845859963805e+00 -2.045827892287377381e-01
