9.843984675564620979e-01 -1.371947188773070536e-01
9.672684889192995072e-01 -1.499372611030724833e-01
9.451828942791085097e-01 -1.613476073030550850e-01
9.175554504518657062e-01 -1.697918280802102053e-01
8.842898688241840333e-01 -1.730421264096282385e-01
8.462007165221518967e-01 -1.683793814122536148e-01
8.054724594814199889e-01 -1.529954178146963883e-01
7.659204732260294080e-01 -1.247887465567665277e-01
7.327009018302943488e-01 -8.342215523060914073e-02
7.112611133453405898e-01 -3.117737768452727432e-02
7.057571556516561984e-01 2.696880970580915401e-02
7.175852923826786522e-01 8.435009102621821020e-02
7.448148719415592645e-01 1.344283726226236375e-01
7.828905105769057293e-01 1.725707424113809285e-01
8.261903354733179938e-01 1.969407043793836021e-01
8.695973900340536744e-01 2.082733174575635005e-01
9.094454770373161523e-01 2.089428755483324629e-01
9.437231584659633299e-01 2.019226188654354992e-01
9.717825938433088950e-01 1.900244397176376054e-01
9.938706649437789586e-01 1.755165616311638033e-01
9.998485530500444973e-01 -1.519554327667460569e-01
9.825819590634021772e-01 -1.697963500330890163e-01
9.589758043603890947e-01 -1.873262243961359985e-01
9.277086819630131487e-01 -2.026519199724075015e-01
8.878608731849801927e-01 -2.128458671950039793e-01
8.395891506301778051e-01 -2.138549821113300275e-01
7.850804992729321086e-01 -2.008611653460679047e-01
7.294451601019180664e-01 -1.694832965031889405e-01
6.806978587016510041e-01 -1.178489506410745902e-01
6.480753009748241311e-01 -4.858078229363571587e-02
6.390512985157359438e-01 3.064176523117485840e-02
6.562607064491743358e-01 1.087369234439081178e-01
6.961942925450803621e-01 1.748502309113919573e-01
7.507431112230844583e-01 2.219082303989194926e-01
8.104779311664511710e-01 2.480880649385353021e-01
8.676186996083035119e-01 2.558769718729125842e-01
9.173858657595501676e-01 2.499555216273474656e-01
9.578625951252939252e-01 2.352835606499281695e-01
9.891237767382587975e-01 2.159858162637551260e-01
1.012291065175261462e+00 1.950015607423294384e-01
1.020320702699133442e+00 -1.657227480289513721e-01
1.004317557765186386e+00 -1.896721393146605372e-01
9.806291259370647495e-01 -2.150972561718056397e-01
9.468454911067691881e-01 -2.401075427001786444e-01
9.005741316657811524e-01 -2.612130968924897267e-01
8.403407998496148501e-01 -2.727519504605879774e-01
7.673084088237125400e-01 -2.667654694636456547e-01
6.877065160772288799e-01 -2.344128054504490688e-01
6.141103957651661283e-01 -1.700918087754443864e-01
5.626252212391147367e-01 -7.612539311766086669e-02
5.473410831232361495e-01 3.551452630048301806e-02
5.736154387300063107e-01 1.454065186565522971e-01
6.346267767194402332e-01 2.345943809459000162e-01
7.151702859435782322e-01 2.920828249976370472e-01
7.989133103670686964e-01 3.172337413129056038e-01
8.741813412038235143e-01 3.165859505846380095e-01
9.353764854587209854e-01 2.990729740732045450e-01
9.816494427795441347e-01 2.727054666760930779e-01
1.014774056958913651e+00 2.431977238472415870e-01
1.037415260771348269e+00 2.140018970436141643e-01
1.046404229488342441e+00 -1.768982875224756057e-01
1.033773180749699705e+00 -2.076571462563547854e-01
1.012543813370427870e+00 -2.426384818637949969e-01
9.789118853064682213e-01 -2.805145804590303271e-01
9.282132278475407894e-01 -3.178414561519216086e-01
8.557235015948538859e-01 -3.476330269798588724e-01
7.590146900813410369e-01 -3.577393704223474913e-01
6.433542391416380291e-01 -3.307019819587808662e-01
5.289501047603062389e-01 -2.516308363501107426e-01
4.443540405462287346e-01 -1.214822329145670565e-01
4.171577734348952404e-01 4.230566007612752977e-02
4.597120884022332099e-01 2.029392042129340989e-01
5.573586548659603679e-01 3.259897371651887532e-01
6.800786896468502540e-01 3.937624965102259900e-01
7.986957386022264238e-01 4.107911533510377744e-01
8.967118950526020704e-01 3.926354607304971545e-01
9.693416082060668515e-01 3.556967553919410108e-01
1.019069868525783740e+00 3.122559101854061048e-01
1.051089773627722490e+00 2.694132838028107102e-01
1.070462200733972580e+00 2.304580782329512800e-01
1.078183667480769881e+00 -1.833433251382698970e-01
1.071764096310598990e+00 -2.208730504192502053e-01
1.056901270316223940e+00 -2.663396194334000100e-01
1.028370151754240958e+00 -3.198882712133288564e-01
9.786397061732010627e-01 -3.794305612530668448e-01
8.978131606867578718e-01 -4.382945534031490453e-01
7.751868960480368109e-01 -4.808376443890716168e-01
6.052914336622738922e-01 -4.763201028590313690e-01
4.214449223477667594e-01 -3.779706205026611698e-01
2.782345751803672051e-01 -1.979698348835534638e-01
2.252948493823603293e-01 5.283776688279338135e-02
2.996392794832192230e-01 2.917715470988055393e-01
4.648536305606154606e-01 4.683640494042001778e-01
6.564319599918944093e-01 5.415296272178293790e-01
8.239857764358138326e-01 5.349796711355114809e-01
9.474846709706019610e-01 4.837452442699152755e-01
1.027418943968554377e+00 4.160664697702265435e-01
1.074555291616714481e+00 3.494900551614854578e-01
1.100094778276663465e+00 2.907391467701980758e-01
1.112087732758406666e+00 2.413392149484261395e-01
1.114859670543127956e+00 -1.825232365147622104e-01
1.117979700301233725e+00 -2.254897382678122675e-01
1.114704215333698345e+00 -2.806639789104492522e-01
1.098961181414531696e+00 -3.508482984623473300e-01
1.060374011752001078e+00 -4.371158272766417774e-01
9.834855443715029288e-01 -5.360536579657604328e-01
8.402249220180024736e-01 -6.319219529502984045e-01
6.108819844468604821e-01 -6.779767887923204839e-01
2.399677716470782762e-01 -4.506173855827227959e-01
2.634062534255909860e-02 -9.994137124181706744e-02
-6.487588755428319587e-03 5.751241102515304571e-02
6.095188925987149453e-02 1.983867425667096285e-01
3.135366110775472670e-01 5.564293320633939555e-01
6.671130088095889032e-01 7.332526551706475271e-01
8.964887512205188536e-01 6.899350984476704252e-01
1.045603597070504653e+00 5.814710366184128176e-01
1.118637655773788708e+00 4.698821804415542758e-01
1.151425388934348426e+00 3.762752269602320787e-01
1.162402253254506412e+00 3.013822703330903963e-01
1.161722610157369662e+00 2.427236511420205467e-01
1.154381312534379367e+00 -1.719245671215041682e-01
1.170173612130254170e+00 -2.171838257373437386e-01
1.184261772605796903e+00 -2.783232136549296243e-01
1.191572439141292961e+00 -3.619706849104553648e-01
1.179004041714049045e+00 -4.756483318388582404e-01
1.120834670510182374e+00 -6.123165922115747506e-01
9.706340944661084880e-01 -7.595136457839546384e-01
1.244122430927407930e-01 -1.261754360229472294e-01
-2.963210459046017320e-03 -4.419973087595396866e-02
-2.512592912165989567e-02 -1.038008529105460820e-02
-2.326706249343835076e-02 -1.065050175375208130e-02
-1.757128600595070367e-02 -7.771075044682440591e-05
1.713346968951201532e-03 2.230077035282163056e-02
1.815935302436721965e-01 1.322646591924847570e-01
1.045541210049101277e+00 8.215784249458912836e-01
1.208864386347895392e+00 6.491960736996160719e-01
1.246057629325120208e+00 4.975777115413970719e-01
1.248922319688928750e+00 3.809233712621540313e-01
1.235733030554870826e+00 2.941540891317351303e-01
1.216825546600805996e+00 2.303390971954821786e-01
1.193311871853695472e+00 -1.497910575024485880e-01
1.223517809677051593e+00 -1.923367255931007769e-01
1.259131365731208652e+00 -2.517973620469149409e-01
1.299740157051645806e+00 -3.372837287974417286e-01
1.340446464202428301e+00 -4.665938943165515163e-01
1.285560356181016939e+00 -6.790627199280896420e-01
3.390291497948083599e-01 -6.093257010157504538e-02
-3.241013217067156837e-02 -1.985770453088009369e-02
-2.525331611525349906e-02 -1.273974721775039676e-02
-2.591510287088927278e-02 -8.162173369405667511e-03
-2.605937060259355675e-02 -7.109350067539788390e-03
-2.487977346593561734e-02 -4.114676849875931186e-03
-2.367681086619000119e-02 3.272330168133663619e-03
-2.404478781256158548e-02 2.595272276769922115e-02
2.524062053390774274e-01 1.671379273796680387e-01
1.380278519261796566e+00 6.308367828596606053e-01
1.400439566127934521e+00 4.805435918285616559e-01
1.360090475729834880e+00 3.503553385535074227e-01
1.313546930184338768e+00 2.619930835270722902e-01
1.272363871840796357e+00 2.007032951755594041e-01
1.227228548666926544e+00 -1.159990453355863593e-01
1.270959662477051832e+00 -1.499008573030358171e-01
1.327528168912601059e+00 -1.976619419960345958e-01
1.400853519775392853e+00 -2.664668494904387508e-01
1.488249642401094253e+00 -3.577060795972819562e-01
1.225608000167504485e+00 -3.598371391209909120e-01
5.283297233840855700e-02 -5.051979614789980921e-02
-1.430577442242564334e-02 -2.053615159954835789e-03
-2.543108038189911824e-02 -5.325756185213248450e-03
-2.640236552040708951e-02 -6.558020268135344999e-03
-2.681305022814717276e-02 -6.946649841564796202e-03
-2.751035792556810744e-02 -6.476487910989647823e-03
-2.875628006512864765e-02 -5.340286802224536444e-03
-2.661506109003619613e-02 -6.712593878750450216e-03
3.597799790271527520e-02 -6.298285137764647601e-03
1.301560538565285530e+00 5.639880633683302946e-01
1.579136346147310244e+00 3.781531397298643071e-01
1.467318527302392539e+00 2.709103086557385076e-01
1.384022448104600400e+00 2.010203127077248020e-01
1.321050341726674349e+00 1.528667386880755430e-01
1.251741862313601406e+00 -7.260012858359310428e-02
1.305089058663122970e+00 -9.274049943600370938e-02
1.376658706284820122e+00 -1.198189914880964935e-01
1.475219327163471261e+00 -1.580689252476163986e-01
1.590416964974240566e+00 -2.336878940684439243e-01
5.318742034387813344e-01 -1.390384716517867325e-01
-2.046362811713720031e-03 -1.331975591326695074e-02
-1.972324179881301820e-02 -5.829362431979401293e-03
-2.395720668462442138e-02 -4.466290989729726491e-03
-2.510129445987663299e-02 -6.051430643655153485e-03
-2.600133814813665456e-02 -7.820188824902438510e-03
-2.745006244688485975e-02 -9.054609112041644980e-03
-2.865066367919139045e-02 -9.578263313019808045e-03
-2.505490707102431269e-02 -9.497620527201267038e-03
-5.426246032322334933e-04 -7.308597444211084593e-03
1.890099103946535353e-01 -7.508206200482758774e-02
1.651138013610930377e+00 1.799268335179049494e-01
1.537177871251435013e+00 1.502687227409271742e-01
1.432898126850165488e+00 1.159318844324808140e-01
1.355185626471363536e+00 9.002159016032296179e-02
1.263794604342579619e+00 -2.359065185376429952e-02
1.320649287314146880e+00 -2.753140544649701482e-02
1.396088110466314980e+00 -2.934748858279601080e-02
1.498754706377420476e+00 -2.155110555654982107e-02
1.612001624090191765e+00 2.716532726944720366e-02
-2.188101993454178440e-01 2.076003099575673971e-02
-1.240501556667558160e-02 -4.827343398171590749e-03
-2.227837501234486081e-02 -1.490693075738569462e-03
-2.246508717118312487e-02 -2.797030577929016104e-03
-2.252460626468275398e-02 -5.857282707829869484e-03
-2.360193568369304065e-02 -9.307086926320587081e-03
-2.592598696830199223e-02 -1.217008758719523298e-02
-2.876534748019630647e-02 -1.334200764172899234e-02
-2.837157589351733261e-02 -1.030983288056286362e-02
1.658013185757800483e-03 5.186978670673747516e-03
2.878056660104160724e-01 2.421387625946680444e-02
1.707126648191159557e+00 1.806365269912735272e-02
1.563531420659546978e+00 1.309212276038307365e-02
1.451535242878910115e+00 1.866477998066384814e-02
1.369509667156761479e+00 1.911779762806542493e-02
1.262602423450759348e+00 2.624556761317231590e-02
1.317059062431515937e+00 3.735372999435160324e-02
1.385489860141129181e+00 5.617962713986734968e-02
1.465666178925495444e+00 9.238438377132229817e-02
1.518803569972053014e+00 1.758585750636898482e-01
1.525718643893547721e-01 1.983912072080484812e-02
-8.380951319645613129e-03 1.621173683777898944e-02
-1.941412437667572322e-02 5.374297318578857841e-03
-1.859587481754298999e-02 2.174691583023413699e-04
-1.789393738769157194e-02 -5.476141844930337843e-03
-1.913519432850924185e-02 -1.138126128136304413e-02
-2.253988804373663335e-02 -1.668976229201646344e-02
-2.813163906118992807e-02 -2.037440093538067654e-02
-3.514328563540197736e-02 -2.011438902288720243e-02
-4.131871431759359670e-02 -1.454496445722597286e-02
1.251273920405271411e-01 5.035688193908205434e-02
1.616858748397281165e+00 -2.407735970161017924e-01
1.530641470022790385e+00 -1.237002647477369877e-01
1.437405072783838333e+00 -7.584122645297508569e-02
1.362937825501986389e+00 -5.117810545945733480e-02
1.249400769523987709e+00 7.288721736684822261e-02
1.297990537915360454e+00 9.617082099330209743e-02
1.357050066107588382e+00 1.279916368726019549e-01
1.420839702387704406e+00 1.676798420072045381e-01
1.439507431546936278e+00 2.038278370999835332e-01
4.809136374181771645e-01 2.941218137169010483e-01
1.731147345291561557e-02 1.136353620751484605e-02
-1.438799512887167786e-02 1.030631679902360709e-02
-1.170219077026468657e-02 4.158948162197306786e-03
-1.034766605086112623e-02 -5.007678193003350930e-03
-1.186596164363673545e-02 -1.404550789554566241e-02
-1.605181486700579807e-02 -2.252140668901808640e-02
-2.283284018355369316e-02 -3.098264382325743860e-02
-3.561711431315506271e-02 -3.710767866771491619e-02
8.308080732848388550e-03 -2.451466001724078581e-02
8.671415120651376762e-01 -1.943107766522866875e-01
1.479371425596472278e+00 -2.816538426936543438e-01
1.462951083194865998e+00 -2.099708738362138227e-01
1.399697003425031561e+00 -1.529427734529176242e-01
1.339111464108285077e+00 -1.135315890711141584e-01
1.226164651928773885e+00 1.136085321234880929e-01
1.266889910485667903e+00 1.469215598307371806e-01
1.317762534414794739e+00 1.906615903683572810e-01
1.384568717866202503e+00 2.417790430801081136e-01
1.492997439234728940e+00 2.642266328908071671e-01
1.000233932453594710e+00 -1.458240789873399557e-01
1.093417024998011300e-01 9.278607305359454216e-02
-1.407602791548168142e-02 1.610250804712332062e-02
1.282665203575783508e-03 7.418545294471390328e-03
3.363262970323965817e-04 -4.976464915119882537e-03
-1.273848736779159552e-03 -1.735141095131581546e-02
-6.637701046411370598e-03 -2.874938945570976179e-02
-1.060140929061370585e-02 -3.695896323265113192e-02
2.450246748875173353e-04 -8.017602524285183385e-02
-7.065683264865230129e-03 -1.505921717341363042e-01
1.031235500810160355e+00 -2.421758216379787942e-01
1.460510234678599195e+00 -3.081719262377125013e-01
1.406990877207777713e+00 -2.702728710710600168e-01
1.352088064405727597e+00 -2.131272245533288867e-01
1.303502318510191271e+00 -1.650105841646576366e-01
1.194974479968247127e+00 1.462610565285493713e-01
1.225276074345954536e+00 1.874629305122765821e-01
1.262933470490466004e+00 2.438289099777146696e-01
1.314505305449468198e+00 3.250851619217076660e-01
1.390335376431298675e+00 4.702614279746542003e-01
1.297442761532152655e+00 7.205426938627490507e-01
1.416174682186388534e-01 -3.714261992033274229e-01
1.314056470170499313e-01 -6.706891634810641101e-02
-1.715694101957931927e-02 -1.494516781902321956e-02
1.236930014002490807e-02 -2.005343518032554062e-03
1.299142479470716260e-02 -2.285820130695270097e-02
4.973322383212686049e-03 -3.312611263988990418e-02
-3.333771910465577193e-02 -4.792416605965132970e-02
-5.632219965528872940e-02 1.955323215603554932e-01
-7.714058213812768905e-02 2.085362530320555852e-01
1.413604109498244332e+00 -5.521885851712637905e-01
1.428414823730009831e+00 -4.350334704698965993e-01
1.343397127642352862e+00 -3.358001468343063678e-01
1.295778538665599555e+00 -2.617918525095941362e-01
1.259448998606342851e+00 -2.050646948747392173e-01
1.158561993788198574e+00 1.689965894589096074e-01
1.176240840406299615e+00 2.141085538645204345e-01
1.194620456845976175e+00 2.762442667322884127e-01
1.210821178280689914e+00 3.668065346315829700e-01
1.208055444199207518e+00 5.084880815085801586e-01
1.119692829636789178e+00 7.150587637181538003e-01
8.353954291892873307e-01 7.950305385440592509e-01
1.355035815690230905e-01 -3.769602325523702113e-02
-3.586389322390060030e-01 -5.534778990746436200e-01
-4.341641400548379437e-02 -3.034749378151965771e-01
-1.464705798067789111e-02 -2.742451109698766307e-02
-8.183316779906357752e-02 2.330945469452275209e-01
-1.699262463594841677e-01 4.696352061136582767e-01
-7.079100424810969017e-02 2.160867242309083558e-01
7.511599964728943313e-01 -7.299415653873519982e-01
1.183357673669984678e+00 -7.862426026996394146e-01
1.266804754494870178e+00 -5.251281439461763512e-01
1.250238922904918226e+00 -3.821308915234222781e-01
1.229169955559592520e+00 -2.942299437721107580e-01
1.209442722683582438e+00 -2.320618849639566328e-01
1.120478517970942001e+00 1.810851468071406067e-01
1.125710844036469371e+00 2.251934500718388854e-01
1.125676149878946930e+00 2.836405188328683380e-01
1.113505824615248496e+00 3.623585280352048521e-01
1.073241676972784830e+00 4.667552743249769875e-01
9.764462891773928455e-01 5.886823162590859582e-01
8.061983993553645256e-01 6.840680141133748116e-01
6.665230672349942154e-01 7.241182103356791355e-01
-2.551564395827377041e-01 2.896594114268086217e-01
-1.071464269035660166e-01 2.287439219207268448e-01
-1.756771253216449225e-01 6.265952703943267199e-02
-2.837982292655238936e-01 7.081202599226066319e-02
4.386926608914398784e-01 -3.036900115667062749e-01
4.688524917332625996e-01 -7.382354598677243196e-01
8.298986586995038550e-01 -7.475301866234129733e-01
1.016177390511803225e+00 -6.359072338612070663e-01
1.117354195014474971e+00 -4.979523217595849260e-01
1.151959840328322660e+00 -3.855697154485149269e-01
1.159965462933894020e+00 -3.044430890030147552e-01
1.157846296075069059e+00 -2.445333665322713124e-01
1.084183094019373073e+00 1.834554495218121417e-01
1.079379752792521963e+00 2.227857371329045044e-01
1.066287803215677510e+00 2.718995127868706341e-01
1.038565847298908995e+00 3.322370553424125461e-01
9.860372469419242947e-01 4.023385453569616743e-01
8.965402177308567921e-01 4.733751778461570137e-01
7.635538240388850539e-01 5.293487404741792357e-01
5.748935422043510712e-01 5.632986794021943577e-01
2.641782055205998958e-01 4.883296410384208031e-01
1.158176725672710461e-01 2.288692420376123304e-01
4.515990566133831763e-02 -1.101941973401786116e-02
1.273885586534406755e-02 -3.277630039832576947e-01
4.297820845571531656e-01 -5.286631667636043641e-01
6.108014420091167906e-01 -5.663909572579983731e-01
7.873082069718417841e-01 -5.673007247047279211e-01
9.290839371127623814e-01 -5.122104776721903008e-01
1.021458127401173588e+00 -4.347886563724467912e-01
1.072773399270261496e+00 -3.590321909246707577e-01
1.098393964348158836e+00 -2.951829217089629864e-01
1.109791938173039227e+00 -2.437082266710732803e-01
1.052099146222107429e+00 1.782244234589414056e-01
1.040483270304926045e+00 2.109156760970187783e-01
1.020004317777212233e+00 2.491339432100647677e-01
9.860950049832695186e-01 2.920237292254945771e-01
9.329277983849748601e-01 3.362217329158045942e-01
8.548224443926977223e-01 3.743868235607628048e-01
7.482695927110460943e-01 3.950811449570523770e-01
6.120305829331340597e-01 3.811765771357722432e-01
4.618450537539886547e-01 3.013694021342450124e-01
3.540789458464987938e-01 1.491471385703327379e-01
3.156920784567329719e-01 -3.965271567216820114e-02
3.703853448473637400e-01 -2.389790329442942340e-01
5.130407646289913970e-01 -3.656968212891359427e-01
6.521800336137495435e-01 -4.196327375956587780e-01
7.784196031264745130e-01 -4.318234776592477786e-01
8.846113341414296727e-01 -4.101090032766807614e-01
9.635057793115375802e-01 -3.683205396765720785e-01
1.016382552628423142e+00 -3.201106528901642712e-01
1.049329647500927276e+00 -2.739081200463910903e-01
1.068740380834853898e+00 -2.330912681241015250e-01
1.025374035098096659e+00 1.678493528023361492e-01
1.009897279717175689e+00 1.935876880903864006e-01
9.863439490219483297e-01 2.216604262553856231e-01
9.518192935777780583e-01 2.503361516330970815e-01
9.032868058229204244e-01 2.760904419286447364e-01
8.385508402003405415e-01 2.930231308528685741e-01
7.577228617315978632e-01 2.926752488074757519e-01
6.655780746975215045e-01 2.641535459558064236e-01
5.762505054719091468e-01 1.971074160117569640e-01
5.126470187664633471e-01 9.231693529952983424e-02
4.933543347261282186e-01 -3.463746871779559838e-02
5.268307073015288111e-01 -1.595065371232701201e-01
6.026587128834592910e-01 -2.543177045922828672e-01
6.944486648843328780e-01 -3.096176135328754242e-01
7.850398834314153973e-01 -3.317521049724092563e-01
8.653797064604851208e-01 -3.283833913156353201e-01
9.302864395438281697e-01 -3.080018438883480592e-01
9.787708943838580034e-01 -2.788862052903406941e-01
1.012897899826523673e+00 -2.472145583915308364e-01
1.035864718340633317e+00 -2.165918777648401239e-01
