9.771874574179006956e-01 -1.300276618271833939e-01
9.601849992833533243e-01 -1.420332672905244564e-01
9.383524887911165457e-01 -1.526743236164218587e-01
9.111257927919669264e-01 -1.603518618680488395e-01
8.784160341312063913e-01 -1.628880020220901947e-01
8.410183742224530690e-01 -1.576195324082418914e-01
8.010664283380775075e-01 -1.417805913793912520e-01
7.623051111484602238e-01 -1.132765320084649918e-01
7.298287813308190763e-01 -7.173156081367093595e-02
7.090642434485272538e-01 -1.935933079387053279e-02
7.041978483541266876e-01 3.892152693236638344e-02
7.166831777998461384e-01 9.646153089032355465e-02
7.446402458215972686e-01 1.466946996307250117e-01
7.835339215008096936e-01 1.849307866080529550e-01
8.277202678007733461e-01 2.092719017356015065e-01
8.720268527265950809e-01 2.204185566861394108e-01
9.127289076249378574e-01 2.207495808164017248e-01
9.477755886001459906e-01 2.132663339261897661e-01
9.764989856508843324e-01 2.008139341244219445e-01
9.991381490401063381e-01 1.856918123824002897e-01
9.918610562393603836e-01 -1.447488157543785903e-01
9.746582433655315292e-01 -1.617312606120435703e-01
9.512687693673127498e-01 -1.783357953245179317e-01
9.204158310276899790e-01 -1.927114282466746431e-01
8.812089748950668877e-01 -2.020056543972259533e-01
8.337893078320601781e-01 -2.022650635146550080e-01
7.802628155049440295e-01 -1.887576425214099185e-01
7.256098097093621746e-01 -1.571257177620344336e-01
6.777172117442531452e-01 -1.054252883617173842e-01
6.457798275395987275e-01 -3.613044988990232742e-02
6.373476759063279040e-01 4.320239213769517389e-02
6.551799828917093116e-01 1.215184935491794849e-01
6.958673450534202942e-01 1.879064388485285342e-01
7.513475239033673425e-01 2.351842598086362202e-01
8.121534640786887138e-01 2.614017507023780329e-01
8.703878854574398360e-01 2.689817220305990020e-01
9.211650282430339232e-01 2.626356219217984567e-01
9.625216614831821893e-01 2.473856857716261182e-01
9.945193811658703531e-01 2.274075629679539468e-01
1.018277308224135869e+00 2.056810945711706751e-01
1.011443316496243305e+00 -1.585675013386556031e-01
9.953950009820888845e-01 -1.815224276652460667e-01
9.718362604282981820e-01 -2.058276435678640937e-01
9.384407009446626979e-01 -2.296306709989726080e-01
8.928997503085911447e-01 -2.495456445433319459e-01
8.337557757097413536e-01 -2.600941479365515008e-01
7.620430820137991113e-01 -2.535021960920413875e-01
6.837581818183768867e-01 -2.209998512273392279e-01
6.111899180483115757e-01 -1.568866315964739799e-01
5.603274925197632150e-01 -6.312790599842077466e-02
5.454710247921723543e-01 4.856567275351207635e-02
5.722451737941969263e-01 1.587930363067152628e-01
6.339888838577167895e-01 2.484757208592741629e-01
7.156142988788327663e-01 3.064487029218343483e-01
8.007467696141867819e-01 3.317735770812202389e-01
8.774090676768153685e-01 3.308500299983241355e-01
9.398032542768408604e-01 3.127627765386553627e-01
9.870733884994997709e-01 2.856564280028939251e-01
1.021006522025622587e+00 2.553043354286588240e-01
1.044270531687920833e+00 2.252042624387828873e-01
1.036522324880793100e+00 -1.699325912902827085e-01
1.023672152585863859e+00 -1.995626394494798284e-01
1.002394441953093907e+00 -2.332017405129072074e-01
9.690204867772034270e-01 -2.695207689722733946e-01
9.190907550802096537e-01 -3.051779382244967920e-01
8.480462309507275087e-01 -3.335238391550032766e-01
7.532256460010922083e-01 -3.428721832477221731e-01
6.395003658745279651e-01 -3.158062046042320326e-01
5.265192141449670515e-01 -2.376565624228593743e-01
4.422473729011611177e-01 -1.082084154454396319e-01
4.150584484268327046e-01 5.550140981858758121e-02
4.578893114669568831e-01 2.167252681936848724e-01
5.560829469254580104e-01 3.406158235378115018e-01
6.800507858985072041e-01 4.094891117095833533e-01
8.007803959609449684e-01 4.270055208199763364e-01
9.006562406360640871e-01 4.082893601659121074e-01
9.746357980250119901e-01 3.705252725312035977e-01
1.025464852135642424e+00 3.261451965767214745e-01
1.058361341165945380e+00 2.822517539754110238e-01
1.078375709359458146e+00 2.421869950843902330e-01
1.067201988730821505e+00 -1.767621926922346987e-01
1.060312141437775857e+00 -2.130647461993850911e-01
1.045084620622067639e+00 -2.569893637822895371e-01
1.016452117001853672e+00 -3.085720777030709350e-01
9.672649229360597012e-01 -3.656760496153244056e-01
8.883479504373692492e-01 -4.220104709744987304e-01
7.689892438811996023e-01 -4.637992994229334087e-01
6.011258673161345989e-01 -4.587543756637657566e-01
4.213380439050173898e-01 -3.640303584659559943e-01
2.765638991650343215e-01 -1.848827768230082436e-01
2.226735542256030875e-01 6.428362309094391713e-02
2.980162267471309079e-01 3.054594659291806624e-01
4.623049721532090928e-01 4.839427446546307188e-01
6.543370538677195647e-01 5.591147483353564596e-01
8.272514766090033334e-01 5.538048004940898661e-01
9.525945512027345075e-01 5.007643741175327179e-01
1.033809921414947652e+00 4.321379880657061356e-01
1.082177130966823775e+00 3.644184207657663599e-01
1.108666771980271193e+00 3.043497837904229897e-01
1.121300039428367867e+00 2.535736606862015741e-01
1.102730820266236700e+00 -1.765738670881544792e-01
1.105070547926422231e+00 -2.182961920285775292e-01
1.100973182369966441e+00 -2.718649148219332012e-01
1.084392162865225329e+00 -3.398135702258375801e-01
1.045393163090267974e+00 -4.227483950970567506e-01
9.694798313283914393e-01 -5.168622803608857730e-01
8.368188991960034961e-01 -6.071824346468612799e-01
5.900966436858134934e-01 -6.706913406400694111e-01
2.586400863232629632e-01 -4.585341907316170529e-01
3.033441950618498417e-02 -1.072146496776976710e-01
-2.381094207255518569e-03 4.059787287399816563e-02
5.928748704947861548e-02 1.570516546391315105e-01
3.392371371625080290e-01 5.575737118092793931e-01
6.480709335921430725e-01 7.688319521147035651e-01
9.065793717525649775e-01 7.064781749065895955e-01
1.051029792014921416e+00 5.996889897711787931e-01
1.126375064182214558e+00 4.875652562781884747e-01
1.160634298649791951e+00 3.923828149732289106e-01
1.172625660157478045e+00 3.157937633192142712e-01
1.172546361155663019e+00 2.553984059666780659e-01
1.141123974752784598e+00 -1.668812416342202454e-01
1.155828225004047471e+00 -2.109696178766862218e-01
1.168665849652532618e+00 -2.706892495028268009e-01
1.174096974059253284e+00 -3.525278477206872374e-01
1.158568261376214936e+00 -4.621514980156060659e-01
1.103199593576462689e+00 -5.938991434814377968e-01
9.118572065595853537e-01 -7.317942351286210734e-01
4.992028313758445357e-02 -7.932666933990639713e-02
9.145875740288467171e-03 -1.598730236879730704e-02
-2.907580345789639864e-02 8.711962488642810420e-03
-2.589206647559683105e-02 9.573757811448384628e-03
-2.326645685334916003e-02 2.452377838748132088e-02
-7.524032275618708354e-03 4.712567935937272967e-02
8.720993664937948253e-03 1.935406310192000490e-01
1.012107964654648251e+00 8.580925257044791366e-01
1.217247906871022911e+00 6.741600723610607915e-01
1.256436286412999648e+00 5.170047943780264887e-01
1.260158393705674840e+00 3.982880395498278325e-01
1.248096182990867664e+00 3.093809336033936930e-01
1.229681425451630838e+00 2.432997391917091079e-01
1.178995492332474138e+00 -1.459370226012479677e-01
1.207820402062626419e+00 -1.873899356413222250e-01
1.242095189032849101e+00 -2.455618183127827869e-01
1.281364900616398961e+00 -3.306784761505210390e-01
1.313855834815375490e+00 -4.644654733994890705e-01
1.219937882371306959e+00 -6.379804421635926204e-01
1.793924837139415640e-01 -2.883781766566229088e-02
-2.311139494416081241e-02 -1.693144489635423078e-02
-2.331824414776084708e-02 2.513123457896226931e-03
-2.800455311352312293e-02 9.169000564576423873e-03
-3.059659989608443098e-02 1.098979738209727303e-02
-3.227376153630889810e-02 1.514952277293868388e-02
-3.443527480161745480e-02 2.158732859343093224e-02
-2.365095146331319675e-02 3.340416750551633562e-02
2.951915055054166181e-01 1.604267420881499984e-01
1.407277575362338329e+00 6.485333364745549112e-01
1.410748714773563117e+00 4.984005826735482536e-01
1.373470623625635989e+00 3.698225786587738817e-01
1.328937786891358774e+00 2.780368697281376811e-01
1.287828488050546838e+00 2.135684423092598649e-01
1.211968663181966388e+00 -1.136697458203439481e-01
1.253854594303269732e+00 -1.465744347112241108e-01
1.308569754565565457e+00 -1.925186963917080440e-01
1.382291166209355548e+00 -2.574514682341244587e-01
1.489947386671870877e+00 -3.432092586933732647e-01
1.143906165847170531e+00 -4.876033721638628471e-01
7.353354679277890327e-02 -1.193754733408769475e-02
-1.793172855506175445e-02 1.264457367048277270e-02
-2.677754385444319762e-02 8.152837925667344443e-03
-2.943549284102453534e-02 8.033526811800639766e-03
-3.235739533205550522e-02 8.527409822997605512e-03
-3.563689424249005810e-02 9.977605053020088821e-03
-3.842092681522024655e-02 1.233902120636398703e-02
-3.418951976615958177e-02 1.505087097144364172e-02
2.636289426462101737e-02 2.863403807669695489e-02
1.304882582814436587e+00 4.962445587605834874e-01
1.581828112397451580e+00 4.251808157783854014e-01
1.487777463672220080e+00 2.948792013965828573e-01
1.404280673239303612e+00 2.168923895751051489e-01
1.339702380986240060e+00 1.647008071133493345e-01
1.235814706986431366e+00 -7.221056134975700758e-02
1.286702110872129934e+00 -9.183473845307821293e-02
1.354695566130647677e+00 -1.177151220931316189e-01
1.445453995858366092e+00 -1.522619922087287136e-01
1.526959055091426931e+00 -2.000196220998362584e-01
3.509744544584714188e-01 6.314798700572055168e-02
-3.221744467611920015e-03 6.043559873214476852e-05
-1.856182486372176532e-02 7.733501194751024599e-03
-2.529698826693849156e-02 7.746394548550639136e-03
-2.873208634603385825e-02 6.147805673489270539e-03
-3.236063222447543852e-02 4.868336377971423275e-03
-3.688672980470319995e-02 4.642649115603192378e-03
-4.124023487068279037e-02 6.437042849776752895e-03
-4.050656360440746395e-02 1.235068390366578228e-02
-1.285154134699706407e-02 3.369787241191191107e-02
3.722427815323089972e-01 2.434150062224404998e-01
1.718408681093992474e+00 1.950588814938369886e-01
1.570485770714083351e+00 1.663022467091379575e-01
1.458493082278219832e+00 1.281346287550721996e-01
1.376897785002062724e+00 9.932411181719391635e-02
1.247743793742921437e+00 -2.547239458190908579e-02
1.301868076150638931e+00 -2.974571154229721515e-02
1.373607422027908420e+00 -3.220781086316737429e-02
1.472065288451900988e+00 -2.846678784787171068e-02
1.607972215079609857e+00 -9.124378854987735821e-03
-4.070801726836446033e-01 1.646794626411929308e-02
-7.147463598953851310e-04 6.433034950295013488e-03
-1.966095477831000804e-02 8.058217813998735934e-03
-2.348090055032220000e-02 6.762108966840707502e-03
-2.625628211146023919e-02 3.636624166137303327e-03
-3.039059926836392561e-02 1.822673995881106011e-04
-3.654469060771610434e-02 -2.293146748389429668e-03
-4.446903202544803813e-02 -2.025530640891171075e-03
-5.154956805689935723e-02 4.688280384587129035e-03
-3.712467448965862948e-02 2.112758915349788325e-02
3.428475164280727072e-01 9.486562842973000897e-03
1.708979378785120851e+00 3.615822936397172782e-02
1.596331402200021454e+00 2.132523785828288609e-02
1.479787435529304362e+00 2.527127805078688283e-02
1.393133614083372107e+00 2.473910560012448911e-02
1.247127538476465736e+00 2.200742292863155924e-02
1.298881240535779691e+00 3.195848255762800960e-02
1.363886662708433839e+00 4.968635325267811709e-02
1.441815746437611345e+00 8.631094439996322976e-02
1.499841804463520223e+00 1.632888112910824141e-01
8.505117296370268143e-02 3.369852670043194109e-02
-3.009024620980460529e-03 1.275975718457167396e-02
-1.911049598050079679e-02 1.050272949555952628e-02
-1.986120451893502725e-02 7.306551519162818309e-03
-2.127717807411222406e-02 1.239907786353966479e-03
-2.559589742341744634e-02 -5.428725512086738161e-03
-3.315082214331799282e-02 -1.154116374501384934e-02
-4.475154009215637219e-02 -1.597115639924429065e-02
-6.129566805425895604e-02 -1.569856935173419288e-02
-8.042772434140976756e-02 -1.070661925548499482e-03
2.478955926864093162e-01 1.437898177520047227e-01
1.696778384965895059e+00 -2.524956293619284864e-01
1.570099720290808909e+00 -1.253347831382134459e-01
1.466221577315959257e+00 -7.550010253376981950e-02
1.386906812364091524e+00 -4.955229633511804010e-02
1.235273218353308167e+00 6.646144501775586022e-02
1.281379645081582197e+00 8.754735876267627503e-02
1.336128527199035743e+00 1.168608217337974153e-01
1.391245811360998674e+00 1.573231322605117555e-01
1.396589747119030722e+00 2.191554085888136605e-01
6.139281643028826618e-01 1.986608800063094371e-01
3.149631296456845142e-03 1.199744585870354818e-02
-1.851804700897463629e-02 1.775452386139075855e-02
-1.216356621509984137e-02 1.043638297414606342e-02
-1.248202153515232116e-02 -9.656320998285838897e-04
-1.705721407866012118e-02 -1.161083209218974170e-02
-2.494258424801998331e-02 -2.204615198408615973e-02
-3.687450913035572597e-02 -3.378256122590350685e-02
-5.809469081395790546e-02 -4.577705411626942222e-02
-2.414866872965493183e-02 -4.987391851038691648e-02
7.462717321172551710e-01 -2.966873767146627205e-01
1.504705197265435057e+00 -3.393286772509607196e-01
1.491131934258774105e+00 -2.259885612364853635e-01
1.425004336366593627e+00 -1.579460376627261908e-01
1.361864510802088146e+00 -1.151579688658643796e-01
1.214182353867223618e+00 1.055692007038966373e-01
1.253472540130513568e+00 1.355377997222073638e-01
1.301289950565820419e+00 1.733084331460599259e-01
1.357762962572854892e+00 2.114304476199291294e-01
1.405446172924824655e+00 1.933594195977694774e-01
8.577516777418625615e-01 -3.066490712910763250e-02
1.296576764897672263e-01 1.504963183265328741e-01
-1.028979211919800463e-02 3.752424592117997726e-02
6.193964510715632699e-03 1.180380192430607877e-02
9.328267515207322447e-05 -4.623825856623631214e-03
-4.806107171854145932e-03 -1.801925964022754387e-02
-1.261430991441270244e-02 -3.155091595179654318e-02
-1.931393706390394094e-02 -4.410622945746012213e-02
-7.054597069267032339e-03 -9.154418298932820441e-02
-7.785387462705406492e-02 -2.054833622275742400e-01
1.175819279632884795e+00 -2.313404017920961397e-01
1.446961340235076721e+00 -3.239954193117045023e-01
1.421256097351548675e+00 -2.793443113208637918e-01
1.372988358878062254e+00 -2.182359148483237199e-01
1.324650312501414184e+00 -1.682544181472334088e-01
1.185572060410887696e+00 1.377049926151951986e-01
1.216308131160329653e+00 1.754365029633864204e-01
1.255656425886489957e+00 2.251734159134355373e-01
1.314276418623256948e+00 2.906506299745781341e-01
1.435782003068187818e+00 3.954136217694736999e-01
1.284188492699180895e+00 5.787347826388988814e-01
1.609356225176872268e-01 -5.543507290189730874e-01
1.246307482210784467e-01 -2.511724328344522306e-01
7.600694000080565615e-03 -2.913225221972126633e-02
9.641542965743710170e-03 -6.467163215723992220e-03
1.039300910077534112e-02 -2.475214926293951498e-02
7.383270062033542303e-04 -3.783088415827973172e-02
-3.067590509255424536e-02 -5.136887959347802290e-02
-1.097176295657531497e-01 1.731664293735313276e-01
5.950413616987892951e-02 3.006488598841983162e-01
1.430609921230674431e+00 -3.543785304126834124e-01
1.431179747708983818e+00 -3.979285112891028930e-01
1.361380892780194030e+00 -3.323757908952251761e-01
1.316704475371228700e+00 -2.649287798122035298e-01
1.280051709089395917e+00 -2.091424007383868577e-01
1.151391221787636532e+00 1.611029595416146876e-01
1.170867511956792395e+00 2.039864813590508419e-01
1.193683930433615537e+00 2.631236710859874428e-01
1.221252896355216055e+00 3.517000188971253216e-01
1.241309988541574594e+00 5.082375474637190749e-01
1.140014423820583378e+00 7.654781844771496591e-01
6.580511066252436869e-01 8.152190488879096364e-01
-2.353788247457688776e-02 -2.052384952100649862e-01
-2.691320153959697592e-01 -6.026872659014226308e-01
-2.185267081911690390e-02 -3.687036183694111791e-01
-1.437381593269781987e-02 -3.313589680390723047e-02
-9.754562802281374623e-02 2.474124495339871666e-01
-2.330700847207300974e-01 5.155673713051617257e-01
-4.285146690649832557e-02 3.158873107370263611e-01
5.306983221423156039e-01 -6.640004920993414217e-01
1.314053652679691986e+00 -8.270020578300374403e-01
1.323982372408267771e+00 -5.120068866008220532e-01
1.280497253442003380e+00 -3.819327116445836445e-01
1.252842528058186744e+00 -2.989756926001141402e-01
1.230268907303697645e+00 -2.377795459536669043e-01
1.114625445950596649e+00 1.744727280786828594e-01
1.121783588651628083e+00 2.178620729431313130e-01
1.125352086374402649e+00 2.765385408304510406e-01
1.118896728084772807e+00 3.590798638559533629e-01
1.082476949908566244e+00 4.764636753106055167e-01
9.731444981875769784e-01 6.195835974557195591e-01
7.677009216627928012e-01 7.246999946228704914e-01
5.375444092418657505e-01 7.055444443048108916e-01
-1.928755802624571025e-01 2.404479995127634107e-01
-1.928230039840661547e-01 1.716292331342020305e-01
-2.001963406380657950e-01 4.944055787572538413e-02
-2.912145111983810430e-01 1.047131299832795848e-01
3.190557115194714299e-01 -3.981208171399647222e-01
4.183853973248852220e-01 -8.293612749296397357e-01
8.140278440171133667e-01 -8.266044108535530732e-01
1.061154177790815112e+00 -7.016983644881946702e-01
1.162559949301966711e+00 -5.217457170673056588e-01
1.183421488674962774e+00 -3.976811803272117807e-01
1.184104456202901279e+00 -3.140094681618910144e-01
1.178268917800038285e+00 -2.528883353842270587e-01
1.078766812602991454e+00 1.780671658327315221e-01
1.075291172068271184e+00 2.175920657703067640e-01
1.064025052500059410e+00 2.680656143711734885e-01
1.037845783667206145e+00 3.321316363424542395e-01
9.838218185305258601e-01 4.091453725066718228e-01
8.855191958487096393e-01 4.874057353712135665e-01
7.366020276292317703e-01 5.421908513729178924e-01
5.411733151185726953e-01 5.582692672260036737e-01
2.601225897533088194e-01 5.025462213838344239e-01
5.896775687502131547e-02 2.229194060187558724e-01
-5.467669855419021729e-03 -3.146247973811316934e-02
2.409995238557671726e-02 -3.488817560972712339e-01
4.000146877057897399e-01 -5.589369554362583203e-01
5.855714887559937409e-01 -6.179435105774366832e-01
7.866504886998426649e-01 -6.240852063979074327e-01
9.493893174227374665e-01 -5.593988299022922828e-01
1.048924398077910602e+00 -4.649919447566897013e-01
1.097844115517894181e+00 -3.782258903655155713e-01
1.119877761454570742e+00 -3.090086416955806214e-01
1.128587966196186176e+00 -2.546724610596795557e-01
1.046606529572067235e+00 1.736587032370495720e-01
1.035642075748695046e+00 2.068344097831675832e-01
1.015709050541953040e+00 2.463368502459717391e-01
9.815469943444421475e-01 2.916057873682120771e-01
9.260864053207495949e-01 3.389386769897106966e-01
8.426811394419408963e-01 3.791710123003144695e-01
7.292817072521207145e-01 3.980132452433204904e-01
5.894358019199619214e-01 3.785695022129031972e-01
4.373636297505290038e-01 2.964564257932433833e-01
3.226183392729486954e-01 1.381994526780222499e-01
2.841377783063259166e-01 -6.284410698519335425e-02
3.502443195730720049e-01 -2.703408990131214718e-01
4.961599471146316276e-01 -3.967432269260540156e-01
6.405886926751902521e-01 -4.578248781863480943e-01
7.785247971842279568e-01 -4.725444982004001204e-01
8.957707071749498873e-01 -4.463803841568991793e-01
9.806743773164661171e-01 -3.965570164019838195e-01
1.034850371930085000e+00 -3.411135927247332944e-01
1.066991510741610583e+00 -2.899234361838853857e-01
1.085126969217635740e+00 -2.458449529383144316e-01
1.019638730955616523e+00 1.636812033508716624e-01
1.004331575949846123e+00 1.898503357176628548e-01
9.806650992742516060e-01 2.187782339225807782e-01
9.453410108714499493e-01 2.486961894183470356e-01
8.948562566983131461e-01 2.756694527954528517e-01
8.269177553732443009e-01 2.929071953128936645e-01
7.424365132840304859e-01 2.910809802305192040e-01
6.474376857872155000e-01 2.595451369313883649e-01
5.559455510129418521e-01 1.888695957336622433e-01
4.907113816449615307e-01 7.899515343792018474e-02
4.724723974196676224e-01 -5.438906312705393126e-02
5.100965260160861270e-01 -1.843311474871528466e-01
5.904521537426421496e-01 -2.823050899183859874e-01
6.876067341692082557e-01 -3.404197241457374012e-01
7.851715731586850211e-01 -3.633407145986466968e-01
8.721851909058120356e-01 -3.576918877263546293e-01
9.416503657631603019e-01 -3.330148272295052614e-01
9.922949281418702583e-01 -2.993111310360840882e-01
1.026965914971087468e+00 -2.637791134212275068e-01
1.049692467886393921e+00 -2.302029090986734694e-01
