9.667174396444333517e-01 -1.215668079161780213e-01
9.495906762383321542e-01 -1.324748155365584878e-01
9.277695121116580346e-01 -1.418748199528074849e-01
9.007481184196697299e-01 -1.481744748564617353e-01
8.685077406811725353e-01 -1.492262407218247766e-01
8.319140911833655672e-01 -1.424351270475177067e-01
7.931439709761711754e-01 -1.251478124293436966e-01
7.559241326565313557e-01 -9.540427681138829996e-02
7.252669940125633374e-01 -5.293676770951882826e-02
7.064926212703603881e-01 -1.587774358297044941e-05
7.036820139629806903e-01 5.841726934075247568e-02
7.181825203836700311e-01 1.157153765097226894e-01
7.480104327966041744e-01 1.653454187398772923e-01
7.885433460190616195e-01 2.026833260628513322e-01
8.340839359801588415e-01 2.259229924227468267e-01
8.794503629469629935e-01 2.358604757254645357e-01
9.209415826129796478e-01 2.349508441995040720e-01
9.565432004710050506e-01 2.262468125683247955e-01
9.856245444262445865e-01 2.126267120633951180e-01
1.008459918194224425e+00 1.964115918342712597e-01
9.803111034692735259e-01 -1.365474982018444194e-01
9.628163540126633002e-01 -1.523300625425894061e-01
9.392607649637696454e-01 -1.675354620144231532e-01
9.084427253895688281e-01 -1.802998609886286019e-01
8.695771095866522415e-01 -1.877829734398850370e-01
8.229364877731470962e-01 -1.861011932973011263e-01
7.707383791238764381e-01 -1.706903515444191388e-01
7.179525993042790155e-01 -1.374360668351148895e-01
6.723027328885944343e-01 -8.456873775188944453e-02
6.428121528503583093e-01 -1.460127676894851234e-02
6.369086764231601805e-01 6.489506785476339967e-02
6.572122394181367788e-01 1.428582882128079379e-01
7.001647929088394839e-01 2.084174310074621284e-01
7.575727935743148400e-01 2.544842818069981139e-01
8.198901058069418823e-01 2.792556877252072578e-01
8.792302599299461896e-01 2.853075090511780765e-01
9.307728063699571841e-01 2.774500175119265499e-01
9.726203559806401167e-01 2.607550392171886777e-01
1.004886764719701286e+00 2.394257610768346645e-01
1.028736030457351180e+00 2.164605489460758037e-01
9.987409815059988816e-01 -1.508087051954154489e-01
9.821822782801503671e-01 -1.724866840620475905e-01
9.582061544872599868e-01 -1.952533326194716423e-01
9.245704122179843054e-01 -2.172104632511739908e-01
8.791049871475564714e-01 -2.349358897766218313e-01
8.205803439127157262e-01 -2.429719573504618424e-01
7.503295552594879680e-01 -2.337630121438027953e-01
6.744255912017260712e-01 -1.990653498191430337e-01
6.047089693374330110e-01 -1.335322045194481388e-01
5.568625628450196707e-01 -3.895819341946882286e-02
5.451649890282328492e-01 7.292323139407468069e-02
5.750271637545600889e-01 1.826425279210730501e-01
6.395687721881238019e-01 2.711790448682716015e-01
7.234983112545889661e-01 3.274797310623855928e-01
8.102777192673937812e-01 3.508604510963253542e-01
8.880179082547057234e-01 3.480036673603259523e-01
9.510862055870816789e-01 3.280950651847680533e-01
9.987306692259667606e-01 2.992982149989220630e-01
1.032796986228217140e+00 2.673971004918263006e-01
1.056003388962458711e+00 2.359062902726116739e-01
1.022628972009473891e+00 -1.628410291105675256e-01
1.008999669905290553e+00 -1.911648025584189448e-01
9.869733015211035188e-01 -2.231784776629996969e-01
9.529552392446594133e-01 -2.574688693185245292e-01
9.026176097487903505e-01 -2.905802175190808079e-01
8.316947882224257071e-01 -3.157091653268317977e-01
7.382453659811405444e-01 -3.211900282370938609e-01
6.279647208562133542e-01 -2.908467700190286997e-01
5.188319759726933711e-01 -2.114179969340873599e-01
4.380512217600940339e-01 -8.088322027510558287e-02
4.149711744206507902e-01 8.309188800621100657e-02
4.617382374787126764e-01 2.435830843298628090e-01
5.634351370095691536e-01 3.659064582886656369e-01
6.903192456941797950e-01 4.323873535008748714e-01
8.126642249349913527e-01 4.472032693919281154e-01
9.134341409151924829e-01 4.260981302059496656e-01
9.878969886114896681e-01 3.862011453458125132e-01
1.038929524388469972e+00 3.398830548454001566e-01
1.071770524523794066e+00 2.942306955491114095e-01
1.091520595922008674e+00 2.526221168385078819e-01
1.052131873465862455e+00 -1.705979099246413000e-01
1.044154408207085272e+00 -2.056377817556898080e-01
1.027777295910450306e+00 -2.479408698307183911e-01
9.979863574790281966e-01 -2.974336198943605680e-01
9.476880743636462157e-01 -3.518365680990243050e-01
8.678089461756588463e-01 -4.044948453355567963e-01
7.482493027442793654e-01 -4.405823521760976469e-01
5.862838841558781766e-01 -4.280845846236669416e-01
4.135462323331418055e-01 -3.361367530724007624e-01
2.704782607557687513e-01 -1.534348731486162576e-01
2.232883238676519611e-01 9.538239660621954108e-02
3.036812113549780534e-01 3.361378752868784958e-01
4.710608255972781322e-01 5.124983487974682506e-01
6.686305614270326991e-01 5.831758179066148795e-01
8.419901659854311937e-01 5.748412761174781505e-01
9.679682454911353595e-01 5.188526554243133582e-01
1.049323184443398116e+00 4.479100246867462332e-01
1.097729382271330767e+00 3.780139192922926661e-01
1.123907771490992857e+00 3.159444952961254494e-01
1.135983826059201451e+00 2.634803541709129782e-01
1.086570171287402076e+00 -1.716159350804291606e-01
1.087497375130983546e+00 -2.122182437640174335e-01
1.081794657468818643e+00 -2.642968283759894454e-01
1.063476215074877773e+00 -3.302170282635885634e-01
1.022728789298337215e+00 -4.106176651412840606e-01
9.445013288441550525e-01 -5.014082155930599249e-01
8.097029759588181275e-01 -5.892569734915675816e-01
5.583288038933920117e-01 -6.257107699661634825e-01
2.725500470958175381e-01 -4.411994470623137321e-01
2.200737876934311110e-02 -7.682196283928244274e-02
4.425848297614498605e-03 8.704061093864735865e-02
6.436892857869525031e-02 1.885002931168955342e-01
3.401826145247155431e-01 6.157613306562104150e-01
6.596229522010377266e-01 7.812594110174420070e-01
9.290545980693132311e-01 7.302341533942324769e-01
1.068539531469087089e+00 6.168494889444087192e-01
1.144366444603202027e+00 5.033772632511723799e-01
1.178691175814274850e+00 4.054918170525878551e-01
1.189924857075285169e+00 3.265812458686978559e-01
1.188851386756587525e+00 2.644143278638466654e-01
1.124043909624646842e+00 -1.633967373160905012e-01
1.137048072339245097e+00 -2.066276665291466585e-01
1.147802201753993501e+00 -2.652170538949327749e-01
1.150588937416689994e+00 -3.452236155121046757e-01
1.133195998149839623e+00 -4.514920484016582414e-01
1.076150667695332519e+00 -5.857873635056254358e-01
8.750187066115200363e-01 -6.830850011919331610e-01
1.121626848598844539e-01 -1.156178248232808681e-01
1.216050284719716323e-02 -1.103190770289030898e-02
-3.076915030753246683e-02 2.568472888176964730e-03
-2.530636492816151772e-02 3.889850854720398009e-03
-2.209283367217595995e-02 1.843149639769975368e-02
-1.033546721907807608e-02 3.571138314395372326e-02
1.145541255628690358e-01 3.021665594281219835e-01
1.002920659828031580e+00 8.161723661202058278e-01
1.233387284962166319e+00 6.967563623039874088e-01
1.278706444602700776e+00 5.329750398829635749e-01
1.281390534075000920e+00 4.099695376814671555e-01
1.267559779750477844e+00 3.186537440393633069e-01
1.247562247048559225e+00 2.509545232777599111e-01
1.161235994642327185e+00 -1.441370581206857793e-01
1.188201827370284347e+00 -1.850576428480388280e-01
1.220253042231094209e+00 -2.427721887395128952e-01
1.255811785743851550e+00 -3.279857998277435627e-01
1.277240760218911086e+00 -4.582552385393423577e-01
1.212787871087970704e+00 -5.810622532441778176e-01
-2.263049491494362186e-02 -8.398419155352221388e-02
-8.819735420046992402e-03 -3.041459791986889094e-02
-2.039007558548799892e-02 -2.302990070864319172e-03
-2.759409006400925790e-02 4.491155531742008211e-03
-2.977126851761102699e-02 5.832451834508179354e-03
-3.037591986985499481e-02 9.589548059248109713e-03
-2.900802270702995678e-02 1.491971520829860065e-02
-5.354174378158216285e-04 2.677438266134535283e-02
1.303871232296249794e-01 1.724848113376431513e-01
1.430873736464554513e+00 6.736305741359371879e-01
1.441042053545429358e+00 5.087405914811737873e-01
1.397403950117421800e+00 3.778481698404312361e-01
1.350163734717639841e+00 2.849511967529716472e-01
1.307019281937375377e+00 2.193800917323551758e-01
1.193776439979675086e+00 -1.137069697344861297e-01
1.233699902814019866e+00 -1.462913584661706956e-01
1.286628673725165317e+00 -1.918366245704627993e-01
1.360691042581122945e+00 -2.578833000503544248e-01
1.473139833711614166e+00 -3.655093754427451991e-01
1.025806200930077239e+00 -6.284812359623859201e-01
6.472313874954671586e-02 1.970396155838938235e-02
-2.513861451684085146e-02 3.095896626417182773e-03
-2.735228360194852382e-02 1.970308953799793095e-03
-2.916526151807152800e-02 3.295361770385418776e-03
-3.150661925992226386e-02 4.077754178840868604e-03
-3.389100159476854390e-02 5.931977886241834863e-03
-3.519369418724438425e-02 1.015217277814339791e-02
-3.140641380140252181e-02 2.029547311170998292e-02
1.527375860573720878e-02 5.046844904290859191e-02
1.371724149442975937e+00 4.350311252864624834e-01
1.598761134435152664e+00 4.197648700974365710e-01
1.511195509847161444e+00 3.000768865206770997e-01
1.426624684267448373e+00 2.211581849510735331e-01
1.359771997865943938e+00 1.683074833583164676e-01
1.217442207452433367e+00 -7.426768142789530458e-02
1.266034418138523465e+00 -9.382273748868241725e-02
1.331331686094923583e+00 -1.188275742159583537e-01
1.419502407397583710e+00 -1.475904717508136343e-01
1.508998100411730992e+00 -1.469077352928782609e-01
4.395525087181190171e-01 9.329321717129968050e-02
-1.087461569073994161e-02 -5.257262868805234746e-03
-2.273629382948422206e-02 4.819667409208250319e-03
-2.689023547302632489e-02 3.832965638284058230e-03
-2.882281451898671687e-02 2.224058453927646450e-03
-3.173843498444267608e-02 1.004314397107126337e-03
-3.598043783198029422e-02 1.141984680824159604e-03
-4.076085843572441192e-02 4.115431649319156726e-03
-4.263516825572744029e-02 1.167086186653398805e-02
-2.057075853142437127e-02 2.885225490625753508e-02
5.061416475610092114e-01 2.122515502315613922e-01
1.764112200860805668e+00 2.398494745797008498e-01
1.599928862375345373e+00 1.687935058960632340e-01
1.481772614816988964e+00 1.289150614125844641e-01
1.397243162731681920e+00 1.004425925431262634e-01
1.229591092763494098e+00 -2.975694108615201117e-02
1.281130572950950786e+00 -3.460890211394174187e-02
1.349182592115411028e+00 -3.779363261993573531e-02
1.439556581660281998e+00 -3.769372861292197285e-02
1.537867850283875626e+00 -6.436765995380344663e-02
-1.908026995646145141e-01 -2.640590416167709620e-02
-3.156351604361108849e-03 7.984311008475408755e-03
-2.215912122435796314e-02 7.128280624655314313e-03
-2.439532430143054320e-02 4.566331526905664795e-03
-2.603095142560042652e-02 6.274190390059830591e-04
-2.965462910751002698e-02 -3.354632578618957188e-03
-3.595625320763642940e-02 -6.087065522999424161e-03
-4.486382038369981368e-02 -5.700181196617304380e-03
-5.351545898475161545e-02 1.187938370597052540e-03
-4.151334523052175457e-02 1.411153298414347113e-02
3.611062406749050990e-01 -3.751909567081823660e-02
1.721125341425565169e+00 -5.226569910723011247e-02
1.619109189249775094e+00 9.711980769064876284e-03
1.501344604082103462e+00 2.211936046609741524e-02
1.412831393236211763e+00 2.353961146167593554e-02
1.229760055482588710e+00 1.543392154132128269e-02
1.278979154654417139e+00 2.410993564528007838e-02
1.341100759651305818e+00 4.032990487979448702e-02
1.418972989077526448e+00 7.452804391528067285e-02
1.486075645938482070e+00 1.660974888419586293e-01
1.711195023380074343e-02 -9.898985613603361600e-03
-1.035912307832370649e-02 1.477281757183313005e-02
-2.026672278802960081e-02 1.103050572158426057e-02
-1.953034293374705799e-02 6.329551853067050260e-03
-2.010467183893693832e-02 -1.108102990108328356e-03
-2.413508649589307664e-02 -8.871162784979942303e-03
-3.200696460630647611e-02 -1.601698562268910608e-02
-4.499678800831408143e-02 -2.139723890877798240e-02
-6.426364044134269538e-02 -2.071954168267886587e-02
-7.778243559176833966e-02 5.325672123664970670e-03
4.762508660894668178e-01 6.678048531048919045e-02
1.715875994158861939e+00 -1.726303709560372823e-01
1.587801368895735976e+00 -1.259696017609823748e-01
1.485571744242493608e+00 -7.937589151140622690e-02
1.405505180306398261e+00 -5.224244447859849316e-02
1.219322685585247257e+00 5.771712956965213692e-02
1.262961906529898481e+00 7.677427189277663544e-02
1.314088565731551972e+00 1.044437256420982507e-01
1.364963168318399811e+00 1.479322724797360600e-01
1.378960478538660439e+00 2.327627631463502489e-01
5.292770233170485117e-01 1.347031801250697658e-01
8.093475094479996024e-03 1.136540087168347313e-02
-1.852832999092279831e-02 1.976011430551705139e-02
-9.883912459304755593e-03 1.049324668085993562e-02
-9.878302145522876998e-03 -3.045945164987795550e-03
-1.437010626333723451e-02 -1.495449077368415751e-02
-2.214968227801650258e-02 -2.710934950564819479e-02
-3.519452619704266372e-02 -4.157540276667037737e-02
-5.992449660571219638e-02 -5.771553794475248189e-02
-3.947566485861753183e-02 -8.204841658427275419e-02
6.141781846108668175e-01 -3.325412311557018885e-01
1.546750761292275289e+00 -3.882511871279481497e-01
1.514032173800183179e+00 -2.355518117728627736e-01
1.443400674263059402e+00 -1.630856283307369203e-01
1.379439656555906835e+00 -1.187766512107435446e-01
1.200391716468083292e+00 9.502334019498404061e-02
1.237742582552082693e+00 1.217664156420394939e-01
1.281255263226346308e+00 1.549157576549675674e-01
1.324169637956871259e+00 1.879733803553995664e-01
1.315912847428434285e+00 1.882147061990013803e-01
7.636716858526704232e-01 2.163607291614499939e-01
1.166302518036699265e-01 1.872015615189726034e-01
-5.201346404923867794e-03 4.590103813362556018e-02
1.301925148770588514e-02 1.244161540053967396e-02
3.769729062880200487e-03 -7.862209089602723022e-03
-1.215925672228834742e-03 -2.051332422863428456e-02
-6.931960379301660424e-03 -3.596953470412028731e-02
-1.346889871289280727e-02 -5.302106696147002030e-02
3.537620903356630819e-03 -1.023044993751320852e-01
-1.070814767887129371e-01 -2.212510630276909307e-01
1.124087469011878504e+00 -3.079436989135109215e-01
1.431294847089578104e+00 -3.501323329388350558e-01
1.432413806696640757e+00 -2.891257180394513071e-01
1.388904542595342795e+00 -2.233187472748832114e-01
1.341325382086980822e+00 -1.721917669204686696e-01
1.174597139275626034e+00 1.262616685654216475e-01
1.205078092759399588e+00 1.599761689332823700e-01
1.243890601964062759e+00 2.019873036423325274e-01
1.300608814321099205e+00 2.472164239572771649e-01
1.422334284225174050e+00 2.636707729937426414e-01
1.331496614066399742e+00 -5.188701230656178609e-02
1.410719859851194968e-03 -5.676121884022444775e-01
2.637355214316294827e-02 -3.508211600835231536e-01
4.452890865056513547e-02 -5.772312886276997901e-02
6.990891164518897583e-03 -1.536300981017757472e-02
1.292810777957176249e-02 -2.197642993531672209e-02
1.074593625208342118e-02 -3.876458801424648160e-02
-1.232284789523863111e-02 -5.892311007029749081e-02
-1.174859972511699269e-01 5.030686438349141199e-02
1.122928802302491924e-01 2.886739232440038716e-01
1.450176604226669497e+00 -2.983901255195797741e-01
1.425059010529815540e+00 -3.776303072894715562e-01
1.372247064855895982e+00 -3.303032079250289854e-01
1.332544282650034440e+00 -2.675169473680161225e-01
1.296673185500957226e+00 -2.129614104285915133e-01
1.143223047474553056e+00 1.500715626306003969e-01
1.164364916484097456e+00 1.897148291614692006e-01
1.191491653554592745e+00 2.434069021330764748e-01
1.232441842184823777e+00 3.227344840644974511e-01
1.299073533207113496e+00 4.804293395447767345e-01
1.175846620116332009e+00 8.705658971403806845e-01
5.859726471631043765e-01 6.198567185179915118e-01
-1.688974797268316674e-01 -4.163046408013859612e-01
-2.478641630202360613e-01 -5.811770549792916185e-01
-4.118315486796753078e-02 -3.668561687681015648e-01
1.521974750473553684e-04 -1.620768968950387148e-02
-8.548751919395525256e-02 2.419538042308067016e-01
-2.465044432897978144e-01 5.526763374134779916e-01
-8.780253253020120496e-02 4.623195977714433802e-01
6.727818944340779872e-01 -3.535421476580680178e-01
1.460664349807354601e+00 -6.546961184031530046e-01
1.356980468758401948e+00 -4.811757424676699202e-01
1.302523861196085431e+00 -3.768456183499813150e-01
1.271899449936151338e+00 -3.012354331254329942e-01
1.247782056652673166e+00 -2.422198571491440688e-01
1.108436372260936942e+00 1.648442514504400158e-01
1.117983302728051687e+00 2.067250851818092094e-01
1.126456967577516011e+00 2.643583965186446783e-01
1.129649997429416075e+00 3.496658043814293571e-01
1.104612063987349124e+00 4.859926090988220260e-01
9.726898659854632534e-01 6.694706014711204745e-01
7.024848610394585080e-01 7.721904431429560400e-01
4.142013961736590311e-01 7.154253808642696555e-01
-4.587884621563231846e-02 3.016796692294088089e-01
-2.606269910503056231e-01 1.006339402045497433e-01
-2.132414185662256934e-01 3.036138311915299870e-02
-2.956654513072543011e-01 1.120029454264329094e-01
1.549065823068218606e-01 -4.108785110043383648e-01
4.361682601329697206e-01 -8.561412890327235736e-01
7.734343545072452919e-01 -9.651610091419982052e-01
1.146502788358381153e+00 -7.577791545478618218e-01
1.211775075077048403e+00 -5.275923326314213568e-01
1.212505473449603244e+00 -4.020301737517328888e-01
1.205692222019920656e+00 -3.198268540506843394e-01
1.196476264741261897e+00 -2.592744383413636555e-01
1.073475240895707117e+00 1.700555703657946616e-01
1.071946142537198998e+00 2.094398250553464180e-01
1.063677041368278342e+00 2.611395204866595599e-01
1.040904018427075695e+00 3.299036156009726994e-01
9.863089326989271655e-01 4.175976989605056922e-01
8.744906233459914802e-01 5.078127703058621378e-01
7.015197678513285240e-01 5.591707261682388186e-01
4.957829683662406950e-01 5.498506001002878563e-01
2.393780818526636267e-01 4.711714471245143088e-01
1.529528515202605021e-02 2.150488919121859577e-01
-4.755867783712064423e-02 -5.492818274490381819e-02
1.203512375746407237e-01 -3.771037557374479210e-01
3.685076739520320999e-01 -5.748608237051744396e-01
5.521109677397117999e-01 -6.720793777704026084e-01
7.843922818190929291e-01 -6.936546451614056252e-01
9.812180571508810623e-01 -6.094837839404643187e-01
1.082757267559542047e+00 -4.895020159731156006e-01
1.124206253041801773e+00 -3.922572643076205345e-01
1.140819828370858158e+00 -3.194900860810889753e-01
1.146319314466088812e+00 -2.636085912314412028e-01
1.041441879186510988e+00 1.669093368213037110e-01
1.031625959591784270e+00 2.005331677463284556e-01
1.012913779470769882e+00 2.415821952478025558e-01
9.791056534260111910e-01 2.901395454310495836e-01
9.210395880035582294e-01 3.422713923510012357e-01
8.301481530356302763e-01 3.858236655937519188e-01
7.067869067768439706e-01 4.016388564511763626e-01
5.617586388172512990e-01 3.726779136362179390e-01
4.120510519398168370e-01 2.825766079042651979e-01
2.970360146768613596e-01 1.208889881581567960e-01
2.598211458783028505e-01 -8.847361627744483592e-02
3.359173715691832207e-01 -2.976860985822263328e-01
4.781506925219325410e-01 -4.257350157883316166e-01
6.270436727197381543e-01 -4.977619647448805473e-01
7.798534139577562030e-01 -5.171828625368479759e-01
9.114750582963648817e-01 -4.841578606253083006e-01
1.001785104113281921e+00 -4.230535141584845782e-01
1.055215291220781282e+00 -3.594247616188694927e-01
1.085122581016477739e+00 -3.036206245588157770e-01
1.101268051534236569e+00 -2.569331603878510784e-01
1.014266533653762625e+00 1.576877252509945038e-01
9.994587014462474883e-01 1.843660041112871184e-01
9.760112245775443007e-01 2.144297983257548168e-01
9.400325176714319220e-01 2.461417392762688117e-01
8.872361357969738016e-01 2.750140803160716629e-01
8.150911835555851859e-01 2.928299875736750657e-01
7.258217013311352162e-01 2.887665323321098043e-01
6.278014463414383073e-01 2.524457525220125120e-01
5.358398736784075744e-01 1.766121207459481202e-01
4.713068484373206246e-01 6.214473368058665015e-02
4.551164046306621636e-01 -7.578140870215438474e-02
4.960274054854507675e-01 -2.089471793377570275e-01
5.791600224855231183e-01 -3.100557014679106160e-01
6.812676453726207448e-01 -3.721163056098131250e-01
7.867875735905349721e-01 -3.963560441991220706e-01
8.814913407617641639e-01 -3.876143088757977306e-01
9.554491794683150907e-01 -3.573639831645158971e-01
1.007443251359869674e+00 -3.183588004922821568e-01
1.041819764853846308e+00 -2.788925874940773042e-01
1.063723810332084518e+00 -2.426093139602136795e-01
