9.585452119346449251e-01 -1.161112323443269645e-01
9.411782762529408153e-01 -1.262267812872708284e-01
9.191814961944588802e-01 -1.347092106204117457e-01
8.920816382833529623e-01 -1.399537575777576315e-01
8.599062447254968156e-01 -1.398030096550484380e-01
8.235875017623728311e-01 -1.316637102037643281e-01
7.853888045178814004e-01 -1.129139330070016989e-01
7.491283433247808432e-01 -8.167562139640760499e-02
7.198813644857038341e-01 -3.782580002590962831e-02
7.029536811511771788e-01 1.617127593784878359e-02
7.023011889546326714e-01 7.519078573556736700e-02
7.190603523777028272e-01 1.324850686487330509e-01
7.510177919473637331e-01 1.815352112819934582e-01
7.933653471930202095e-01 2.178305243238809474e-01
8.403028372932652701e-01 2.397339925684094375e-01
8.866329745608347856e-01 2.482128834208419121e-01
9.287007209573805433e-01 2.458578517827780807e-01
9.645667460330997756e-01 2.358113774454118072e-01
9.936825853863062719e-01 2.210007873020813918e-01
1.016398820268080705e+00 2.037637125882674205e-01
9.713815782399182197e-01 -1.314132648222754440e-01
9.535148851963493044e-01 -1.463578756710437467e-01
9.296357108064290387e-01 -1.605721285824901479e-01
8.985728286399674580e-01 -1.721689293731132331e-01
8.595881495263602012e-01 -1.782766167230787069e-01
8.130384794608080945e-01 -1.749801228091563132e-01
7.612770929647094675e-01 -1.577176902432653183e-01
7.094432240882420082e-01 -1.224568378013790593e-01
6.654167833565138856e-01 -6.762672703228223003e-02
6.382631150840323286e-01 3.926752965001945039e-03
6.352153555489392645e-01 8.428419575842430178e-02
6.585248923253317344e-01 1.622122625139962859e-01
7.042521954700786679e-01 2.268818182633952629e-01
7.639121553568162248e-01 2.714147298063029901e-01
8.278265769599735258e-01 2.943052009864643992e-01
8.881370345934502808e-01 2.984025491706399080e-01
9.401369833938888476e-01 2.886988209172192121e-01
9.820605653999936457e-01 2.703658750824744494e-01
1.014147544611301299e+00 2.476500919742563589e-01
1.037670478341901070e+00 2.235497618968218525e-01
9.890263987414149582e-01 -1.461303400470947977e-01
9.719388691343588960e-01 -1.669424099540761652e-01
9.474602601630421894e-01 -1.886644046033758571e-01
9.133685008362113500e-01 -2.093693954140851687e-01
8.675193314445617254e-01 -2.255777082000864908e-01
8.087656123229880478e-01 -2.317314439857320885e-01
7.386475298778050202e-01 -2.201975179168058627e-01
6.635308392948036094e-01 -1.827874323429812264e-01
5.955918653251268680e-01 -1.143646274960385956e-01
5.507878208966121569e-01 -1.731137330532567242e-02
5.430479390340003931e-01 9.587251014385389514e-02
5.770630273446042402e-01 2.054736627080941402e-01
6.453304728011155511e-01 2.925818082183151425e-01
7.320781140442744750e-01 3.465337513832378313e-01
8.206038359045364494e-01 3.671981023606951666e-01
8.991877519358459914e-01 3.617118315969070075e-01
9.624536695268415265e-01 3.394599203678927424e-01
1.009852021488681917e+00 3.086893224649012168e-01
1.043410452613648953e+00 2.752102085040797341e-01
1.065999003458901750e+00 2.425043467956600196e-01
1.012120595267593792e+00 -1.587765668359875093e-01
9.977788214263871858e-01 -1.862272947018839275e-01
9.750466595886142507e-01 -2.171640000082386557e-01
9.403395631339450667e-01 -2.501621174525370250e-01
8.892873808717904893e-01 -2.817106564753713016e-01
8.176087015410749004e-01 -3.047803179207431157e-01
7.236863825315476006e-01 -3.073800127083969880e-01
6.137648798100547864e-01 -2.734424322315132105e-01
5.061736323089993661e-01 -1.896581467652752595e-01
4.295461393723254417e-01 -5.482423797069202465e-02
4.123401435430218420e-01 1.110330399681504349e-01
4.650238238631110299e-01 2.712544606324385210e-01
5.719139846385234982e-01 3.911798188354609351e-01
7.023581266884715291e-01 4.539023143567100238e-01
8.263371900106930568e-01 4.646676179044384458e-01
9.275433251535214474e-01 4.401016835856252918e-01
1.001738863191408146e+00 3.972820174854674313e-01
1.052004868714639940e+00 3.486321875325826269e-01
1.083847019600110428e+00 3.012538359166416768e-01
1.102583157470313768e+00 2.584285459349366931e-01
1.040846326653519505e+00 -1.673341617611345811e-01
1.031933894184677847e+00 -2.015180673765892827e-01
1.014618548729702141e+00 -2.427116680984320318e-01
9.839408669395255380e-01 -2.908839773872640144e-01
9.326717809117979208e-01 -3.438556281177573837e-01
8.512666746001840146e-01 -3.947018148568326446e-01
7.297661613736372566e-01 -4.271980840725819739e-01
5.681261564940132125e-01 -4.099234677964835871e-01
3.945898136298420233e-01 -3.125137801179028729e-01
2.579117908189010322e-01 -1.203857758855789162e-01
2.205836886834222632e-01 1.293800583566327711e-01
3.092321932106156801e-01 3.709039954135634476e-01
4.838538053249807902e-01 5.426759226659139124e-01
6.867454938385120222e-01 6.072926732678851636e-01
8.600091407873655669e-01 5.926708843422778816e-01
9.858180161204943559e-01 5.326170038930744255e-01
1.066194430173845742e+00 4.580367920965300321e-01
1.112998562125870894e+00 3.854601471068619389e-01
1.137452682651947100e+00 3.216440852285251673e-01
1.148003436749138739e+00 2.681230057440897596e-01
1.074567360411399219e+00 -1.693800084139107653e-01
1.074265863981186397e+00 -2.091951993272678223e-01
1.067282468876830093e+00 -2.600981916664180105e-01
1.047920743926884501e+00 -3.244723399122206864e-01
1.006472675027836328e+00 -4.035764399688623882e-01
9.266361143372348064e-01 -4.939088700358817974e-01
7.843424364903683887e-01 -5.804457865020440366e-01
5.355988925669796785e-01 -6.004970403238429899e-01
2.365105166079572996e-01 -4.207733120997259046e-01
1.368051695919358934e-02 -5.757434660492111167e-02
5.328857479210968862e-03 1.313925359675751636e-01
7.017251089131981701e-02 2.198575007582007079e-01
3.444385625774015747e-01 6.540052065326151798e-01
6.943306833289031310e-01 8.008956422169766221e-01
9.501495871094689516e-01 7.496386337243121645e-01
1.091603070816908883e+00 6.293003669379149123e-01
1.164904941926654391e+00 5.113865375700088478e-01
1.196254649363143185e+00 4.105826798120904009e-01
1.204698403965258624e+00 3.302384296566418520e-01
1.201513591581997442e+00 2.674873797463206415e-01
1.111476289325046274e+00 -1.624568516485158653e-01
1.122875215380743086e+00 -2.051288370784010162e-01
1.131660786253629869e+00 -2.625894437715792229e-01
1.132654113385752614e+00 -3.402135953590246231e-01
1.116201189019130346e+00 -4.436670834362366200e-01
1.058135357773660745e+00 -5.807183204122035036e-01
8.877228387575863966e-01 -6.702844300682109235e-01
5.858280792716108465e-02 -8.458922771795163165e-02
4.931880167846625085e-03 -2.362621635367601058e-02
-3.631179847994658871e-02 -1.340453706684840984e-02
-3.030716586909454335e-02 -9.913733358533780016e-03
-2.645615215053687130e-02 2.233669207401256518e-03
-1.857601963267452305e-02 1.706984797138155763e-02
2.125094266444016444e-01 2.441286910979223457e-01
1.088395966135864423e+00 8.256439002725879384e-01
1.258243891625999700e+00 7.069151436704790292e-01
1.304117915809428485e+00 5.368092771817289943e-01
1.300825831229264207e+00 4.109223398568251362e-01
1.282770916986889498e+00 3.194409949753751476e-01
1.260241059024528321e+00 2.521591676043066776e-01
1.148416756333571653e+00 -1.447343354731467358e-01
1.173496837211127630e+00 -1.856257182682874429e-01
1.202663507747904648e+00 -2.431149006258093159e-01
1.232851481445280006e+00 -3.264136020923191772e-01
1.249362306067968609e+00 -4.425015058355641351e-01
1.244913776476790357e+00 -5.602837553444572904e-01
1.773952876285922464e-01 -2.696418783111054207e-01
-2.468037353812957413e-02 -4.491423380507675311e-02
-2.998862885202790984e-02 -1.658868283779479924e-02
-3.434260354052254272e-02 -8.811122441133856231e-03
-3.428743169609393959e-02 -7.591150963187941365e-03
-3.325980395078143026e-02 -5.277158155950756324e-03
-3.075291432781956935e-02 -2.230210634678875259e-03
-1.049992007986055853e-02 6.853906340191784352e-03
2.920581853619663715e-01 3.413417342067959215e-01
1.496283019877114873e+00 6.662088799415188944e-01
1.470601430793109676e+00 4.998407057804588050e-01
1.415980510977244977e+00 3.723053424595357264e-01
1.364048409811474682e+00 2.825332974144734166e-01
1.318790215320675419e+00 2.188463029811660299e-01
1.181145408206527581e+00 -1.159029030183278408e-01
1.219331812671940352e+00 -1.490768258601038454e-01
1.269927104239948923e+00 -1.960356719886413579e-01
1.339319948007094974e+00 -2.677868433022112526e-01
1.419420833833316964e+00 -4.055333502649460797e-01
1.012227017476514002e+00 -4.729824934448556562e-01
1.156686392716432810e-02 2.734475564843408257e-02
-4.332668317990673312e-02 -7.997851353712670530e-03
-3.813407307230509691e-02 -8.245854891396064978e-03
-3.591324475680668371e-02 -6.970997888305074941e-03
-3.501411355633754496e-02 -6.940072053542431160e-03
-3.449033544416169050e-02 -6.918261314491636060e-03
-3.328215879919271813e-02 -6.295805361258843824e-03
-2.791836906759770365e-02 -3.824840136514850997e-03
2.250392236958997927e-02 -5.051172102810141951e-06
1.408459472783997191e+00 4.668721277318854668e-01
1.620368436133474033e+00 3.915151930676463721e-01
1.522182333078377026e+00 2.894572331260891751e-01
1.436995888043637315e+00 2.171259030063499296e-01
1.369854211182836456e+00 1.669182655252021696e-01
1.205365859468640499e+00 -7.791168376050983113e-02
1.252561162830641450e+00 -9.829975593491413477e-02
1.316816764392221284e+00 -1.243246367892991699e-01
1.408807882523417820e+00 -1.530048568731356973e-01
1.541965137286139154e+00 -1.381409772939901082e-01
5.529362632059192650e-02 9.421280257701836192e-02
-1.786369145590216423e-02 -3.282863032750826804e-03
-3.628185251753596186e-02 1.987907281086886968e-03
-3.691190197602639556e-02 -1.852962099267441154e-03
-3.496088097772687142e-02 -4.335993357841849694e-03
-3.396732618133002646e-02 -6.505862440585671522e-03
-3.406602305962735944e-02 -8.119282941346783744e-03
-3.394777485591055077e-02 -8.383113868282165981e-03
-2.891770289947054318e-02 -7.159085689283362086e-03
2.737857898839901605e-03 -4.268377188118011034e-03
4.353552039981095634e-01 -3.573900208602154294e-03
1.728544837713019033e+00 2.373250692549078167e-01
1.601711820493356253e+00 1.660216040186401898e-01
1.488972340395466887e+00 1.266260134629870748e-01
1.405750362917475460e+00 9.946098690897242633e-02
1.218290302315738094e+00 -3.466954320427095837e-02
1.268543446759776039e+00 -4.051708280163435205e-02
1.334804209346520221e+00 -4.465746592736907772e-02
1.418883724658469569e+00 -4.366287402009616514e-02
1.460810907140388526e+00 -5.124793684218698075e-02
1.987164262413501081e-01 -2.991373380991424469e-02
-1.169997183550780008e-02 7.419332296239034008e-03
-3.288444531305790425e-02 5.116234344522130328e-03
-3.352436545796087797e-02 2.116176035257266719e-03
-3.158067193098399589e-02 -1.987006278500180745e-03
-3.079778772112148552e-02 -6.554693606842859274e-03
-3.217649369507821072e-02 -1.043574924134427206e-02
-3.498503843384071638e-02 -1.156346437011179784e-02
-3.399665463560771345e-02 -6.462960558224484231e-03
-4.497221341771765434e-03 4.856216389003131795e-03
2.414906171347243335e-01 3.839989054972292593e-03
1.788674735173636732e+00 -5.104945130358640171e-02
1.628225320638927665e+00 9.380195443604577576e-03
1.508048796966493965e+00 2.189392791519084724e-02
1.420596330482243985e+00 2.361147351801706762e-02
1.219431759048386521e+00 9.408820940441930958e-03
1.267565681136341604e+00 1.685265430719340429e-02
1.328608078713439111e+00 3.120936492604142742e-02
1.406941482494544760e+00 5.913587295811373323e-02
1.506260483453142784e+00 1.258954443955428992e-01
1.142916559611689697e-01 -9.439450569970198046e-02
-2.403450716241095630e-02 9.402285858959302800e-03
-3.198675887422341990e-02 8.766354059931424914e-03
-2.963837753055531543e-02 6.817078840857249133e-03
-2.575627614055109316e-02 7.536033494423555190e-04
-2.457209103856466959e-02 -7.163920325154802225e-03
-2.727791951807612136e-02 -1.511771688809282477e-02
-3.504072452611389776e-02 -2.062651772602674960e-02
-4.732707484667419973e-02 -1.638186566953137024e-02
-3.888281873588889104e-02 2.275864678433547894e-02
3.564348159111124792e-01 -8.975305031808544776e-02
1.645536850557257624e+00 -1.888369309311732636e-01
1.587537247068804724e+00 -1.254018522244737532e-01
1.491740243891126916e+00 -7.764935653418181261e-02
1.413264735709930831e+00 -5.097826352230105940e-02
1.210146553236070455e+00 5.074242973626352793e-02
1.252805885054141699e+00 6.848612519921859487e-02
1.303179019373623015e+00 9.530010346273432020e-02
1.356648043622247668e+00 1.405751057859627728e-01
1.386260451755155110e+00 2.252302948088114043e-01
5.470308735536305589e-01 -1.459867022880922960e-02
6.951786432120021786e-03 -2.043251133881929249e-03
-3.650374058994820814e-02 1.580745127709892728e-02
-2.392625642794021790e-02 1.590928408310599007e-02
-1.609627574350180890e-02 4.884087013993787529e-03
-1.394897813435658218e-02 -7.679043040264278003e-03
-1.632166942885870942e-02 -2.141140214681841458e-02
-2.601558538339820981e-02 -3.735201104752894352e-02
-5.076361828679820665e-02 -5.133757782243564272e-02
-4.392321914284347262e-02 -7.549404847031038202e-02
6.018675066283618591e-01 -1.953185438496130022e-01
1.608292865745085010e+00 -3.469325207610940431e-01
1.523117714473388062e+00 -2.253877657214364838e-01
1.451219043686055477e+00 -1.590436590566657316e-01
1.387996655993665618e+00 -1.164828029911912921e-01
1.192620908290430437e+00 8.723247941889722412e-02
1.228918030582287768e+00 1.121798884428515386e-01
1.269904820090977937e+00 1.439726985912859192e-01
1.306089159353929219e+00 1.811791755733849207e-01
1.285508464079494484e+00 2.200843064825219741e-01
8.025148496319900460e-01 3.103417899819682635e-01
1.185260018223011080e-01 1.834389989983897795e-01
-4.585345877360813560e-02 4.595890868098195803e-02
-6.646263426889342796e-03 3.135346944825312399e-02
-1.094460174773104200e-03 8.517054494349141081e-03
9.998380984754806633e-04 -7.000047608958131877e-03
1.708071453034865073e-03 -2.505602550364971481e-02
-1.918484695262456796e-04 -4.786120307494368120e-02
1.117524520344415073e-02 -1.077684782850329981e-01
-5.637514551648403760e-02 -1.754579870105144046e-01
1.080927146652206350e+00 -4.364145097359972691e-01
1.431959491376489924e+00 -3.770995111598973715e-01
1.442049816851027622e+00 -2.863542861380041771e-01
1.398520878247192512e+00 -2.190631561584832632e-01
1.351170977436733089e+00 -1.694289698635165209e-01
1.168665764868709322e+00 1.180093325282260963e-01
1.198764756930978947e+00 1.490212373926635969e-01
1.235495813278506549e+00 1.861632639268262501e-01
1.281712062912349070e+00 2.200294626852028479e-01
1.339002809208651446e+00 1.962323426777379254e-01
1.145258662010272266e+00 -4.162784285046239319e-02
-2.001002282094588303e-01 -3.908581417135947866e-01
-4.298167220286530643e-02 -1.307891044166020755e-01
2.990077863859408325e-02 -1.641597023310736869e-02
1.098147066198595923e-02 3.524922921148698762e-03
1.625876842911821996e-02 -2.201627429192974401e-03
2.224614387158152518e-02 -1.967422162774790095e-02
1.682612187995813358e-02 -4.275921393830262041e-02
-9.233979965652228117e-02 -5.564489983442832965e-03
7.555262622861547150e-02 1.631760487723976638e-01
1.389714988805039741e+00 -2.114728732157256097e-01
1.411565199136539661e+00 -3.548951359043051035e-01
1.379818168774717968e+00 -3.210281641468415437e-01
1.343858215910516130e+00 -2.622631835637911912e-01
1.308142422784770442e+00 -2.101673740003628943e-01
1.139365554990880991e+00 1.422017010787590685e-01
1.161722601829013879e+00 1.791062203397197905e-01
1.191315609725618341e+00 2.270988180828270586e-01
1.239996771481237658e+00 2.910704537228347988e-01
1.355614688913275856e+00 4.022077289703851477e-01
1.362206225697035755e+00 7.870169020849826502e-01
3.427361372435133724e-01 1.962786626013446334e-01
-3.403533767274469213e-01 -6.011213264698145320e-01
-2.858485439428404273e-01 -6.815181803979375452e-01
-1.027420245478549710e-01 -3.553144034071747948e-01
-1.168597718248509665e-03 -1.534485282831993952e-02
-5.928825962593808896e-02 2.422064660561859539e-01
-1.819926074837452390e-01 6.212428272314424182e-01
-1.858753902727272589e-02 5.986092476559912168e-01
7.844944982182755489e-01 -1.200344264543851125e-01
1.514533971416620606e+00 -5.840355217684445321e-01
1.380474218194331915e+00 -4.454601587422946096e-01
1.319893292224580961e+00 -3.638173916251719042e-01
1.287115206175970528e+00 -2.960423185078830954e-01
1.261311349944083116e+00 -2.402427252272931746e-01
1.106191947426424793e+00 1.583043435348141514e-01
1.118080711377560377e+00 1.987638311293027371e-01
1.131608790945355381e+00 2.544896485810932418e-01
1.147298017477256238e+00 3.392928971084696599e-01
1.149496611407843094e+00 4.948867178564353431e-01
9.945175572810582842e-01 7.674515562242645306e-01
5.802750322927452409e-01 8.606488713754867348e-01
2.831738175231102161e-01 7.016474672955885783e-01
-7.250612042568604920e-02 3.424420402156391763e-01
-3.197300199294406120e-01 8.523668266355033385e-03
-2.219856569588163353e-01 6.723828491315957806e-03
-2.898580061244326878e-01 9.018423290252292057e-02
3.173962294195531442e-02 -3.749071548527654896e-01
2.415135262181555831e-01 -8.372028460407754391e-01
7.625859279406399516e-01 -1.121866547469753117e+00
1.250487753262021773e+00 -7.426235002102810068e-01
1.256396132393009513e+00 -5.155744563176423156e-01
1.238785632665231340e+00 -3.964988258296187063e-01
1.224648642004051435e+00 -3.181065200540866833e-01
1.211774323126644237e+00 -2.594400841719668449e-01
1.071875558688826224e+00 1.652352273423418616e-01
1.072551088084525706e+00 2.047210673437338535e-01
1.068082970192909542e+00 2.578175418222672377e-01
1.051029329568482495e+00 3.322750634090354538e-01
9.990506723188929961e-01 4.366570756423771016e-01
8.665148018122748041e-01 5.521724927182591891e-01
6.479019990304912824e-01 5.996172513578923446e-01
4.227653258936325820e-01 5.481619162276241131e-01
1.830192243340600378e-01 4.497179644787629993e-01
-1.458218131793698191e-02 2.008944769393461449e-01
-8.488880188567415885e-02 -8.043452665540636037e-02
1.114540908315486689e-01 -4.073735520169305402e-01
3.103416580177853490e-01 -5.881218023319273458e-01
4.973433987122954925e-01 -7.361716527816608568e-01
7.939905388667112263e-01 -7.878865767379994445e-01
1.032668576587618681e+00 -6.504514760941759732e-01
1.121637820762342308e+00 -5.018817712525369679e-01
1.150994208834192900e+00 -3.974081565369314006e-01
1.160660423406765229e+00 -3.230075813973454224e-01
1.162172902581859457e+00 -2.667525671523240938e-01
1.039625712545988456e+00 1.635324960866135768e-01
1.031181049474385603e+00 1.980774248412964234e-01
1.014124161287663917e+00 2.414432683201095386e-01
9.812142872490281498e-01 2.949745047131480113e-01
9.199212868726380776e-01 3.553461855682682469e-01
8.169753189456052667e-01 4.060488227459158050e-01
6.758407080696304803e-01 4.179533970421234201e-01
5.210110410291401983e-01 3.727472821196842201e-01
3.751706593612391671e-01 2.666653948305491850e-01
2.685216305160054162e-01 9.837168009375729660e-02
2.370189720145932100e-01 -1.155484712106239764e-01
3.199179830429521587e-01 -3.209723477797907232e-01
4.537941709745196839e-01 -4.547128209284517775e-01
6.092175918015652059e-01 -5.438533913584520096e-01
7.857780291338123391e-01 -5.682471201770045166e-01
9.353208638762722238e-01 -5.204620442571761263e-01
1.027683892699833290e+00 -4.436556252304479919e-01
1.077239456661822636e+00 -3.713887856480613259e-01
1.103154917281827796e+00 -3.115435999205606876e-01
1.116315854763834103e+00 -2.629094841844548114e-01
1.011806612446539688e+00 1.551820104671675082e-01
9.975491117320589574e-01 1.829167618980975796e-01
9.743244787333305013e-01 2.149248645145385161e-01
9.373998972519959061e-01 2.496811032731938162e-01
8.810990842621779784e-01 2.820840111156952545e-01
8.020760718561481539e-01 3.015953400474447044e-01
7.045617449432017843e-01 2.944233511008165216e-01
6.013329230694353100e-01 2.502318298670413999e-01
5.094054743565368248e-01 1.656216674337451789e-01
4.481233072831924957e-01 4.474512181368378583e-02
4.359059511421059518e-01 -9.722058720598379666e-02
4.799493408951760465e-01 -2.328973545213305907e-01
5.653777609677890226e-01 -3.382767792938223828e-01
6.740140669176963861e-01 -4.059011155807135118e-01
7.905060954208931179e-01 -4.309790141133351682e-01
8.944561371389836424e-01 -4.164506632150177801e-01
9.721871500880419070e-01 -3.782508040352583478e-01
1.024065696807923143e+00 -3.329406886710750690e-01
1.056904388862982547e+00 -2.894113960247701733e-01
1.077106762549677743e+00 -2.506475091616300332e-01
