9.519659114423406621e-01 -1.099746927536671137e-01
9.346515253091003395e-01 -1.193844704693924896e-01
9.128109011289087249e-01 -1.271144993847728166e-01
8.859868913799573420e-01 -1.315793413347532415e-01
8.542172464726482950e-01 -1.306433141828300393e-01
8.184413048988847805e-01 -1.217333678533760732e-01
7.809331695394128303e-01 -1.022482215726372434e-01
7.455269220908333772e-01 -7.034192408874262448e-02
7.173057940946092614e-01 -2.594634778462223679e-02
7.015515826568674562e-01 2.840243337783848743e-02
7.021522286554349179e-01 8.752011861963418515e-02
7.201507452325350833e-01 1.446404979937260249e-01
7.532448429224869457e-01 1.932704493023712500e-01
7.965616732774227771e-01 2.289561548436247485e-01
8.442678886484311640e-01 2.501319368882359839e-01
8.911645685090063829e-01 2.578363184067322678e-01
9.336206308668759668e-01 2.547176807936413212e-01
9.697339545818306483e-01 2.439552599348826512e-01
9.989946397719329241e-01 2.284930916786587218e-01
1.021785651340185730e+00 2.106709167735032473e-01
9.640727798904324963e-01 -1.253038121585836606e-01
9.461901494059388185e-01 -1.394413537741412412e-01
9.224174844068677714e-01 -1.527788877936142597e-01
8.916063068714286111e-01 -1.634563122485999109e-01
8.530277636746008696e-01 -1.686323048234261712e-01
8.070389162652569226e-01 -1.644115475269436466e-01
7.560060258894463203e-01 -1.462389938040864479e-01
7.051110160844253905e-01 -1.101036687725842622e-01
6.622840119941364456e-01 -5.451138858159454426e-02
6.365825425746884925e-01 1.755531521698577846e-02
6.351255773515207537e-01 9.805617622478315920e-02
6.600012572472579997e-01 1.757312978449698804e-01
7.071296281965655517e-01 2.398040107529109122e-01
7.679345731825293342e-01 2.834936641303520410e-01
8.326980008330142624e-01 3.054055498751051534e-01
8.935709607829611656e-01 3.084996083711488701e-01
9.458997085233900037e-01 2.978499176719062724e-01
9.879851615638535201e-01 2.786701250482237491e-01
1.020128049660944392e+00 2.552165296674413497e-01
1.043646053633473514e+00 2.304770730298666415e-01
9.808914279248903689e-01 -1.401381568971116209e-01
9.636865022294238692e-01 -1.600268571783991511e-01
9.392376328582274780e-01 -1.807197782960257015e-01
9.053607050804957090e-01 -2.003315840374941814e-01
8.599179249210830989e-01 -2.154373352790428520e-01
8.017317311552663028e-01 -2.205051996273410531e-01
7.323348786699490631e-01 -2.078646689951357818e-01
6.581856030516664013e-01 -1.692931688274545987e-01
5.916226830363680023e-01 -9.974046119970880753e-02
5.486830490163630003e-01 -1.876086278093935800e-03
5.430541478287320700e-01 1.115126366184166357e-01
5.791127944782670234e-01 2.207241563506184834e-01
6.491411281032655189e-01 3.069510775951911352e-01
7.372525863715684302e-01 3.597126534525563191e-01
8.266957058165957939e-01 3.790259923271244169e-01
9.057756236593106358e-01 3.722235828182340889e-01
9.692386819694354116e-01 3.488022546136915203e-01
1.016648109934774613e+00 3.170445198023652544e-01
1.050125780805992726e+00 2.827526506853539345e-01
1.072601192235531631e+00 2.493718902989283670e-01
1.003054956734572567e+00 -1.530326496732437036e-01
9.884418688592266911e-01 -1.794295927465627827e-01
9.656151495091647163e-01 -2.091437500594039989e-01
9.310685848681665711e-01 -2.408126012099764957e-01
8.804536195166834389e-01 -2.710450741868819513e-01
8.093708952238953813e-01 -2.929015745771823553e-01
7.160641079790996955e-01 -2.942366107734262215e-01
6.069802823158565452e-01 -2.587649787686185920e-01
5.008196140362031201e-01 -1.731972256678693256e-01
4.267657187366058480e-01 -3.690235043032508155e-02
4.125434359866897438e-01 1.290977680537095662e-01
4.679761078811139896e-01 2.887581577220912910e-01
5.770736608697557557e-01 4.072714761593237975e-01
7.092002346340331442e-01 4.683689734870744026e-01
8.341148138830134506e-01 4.771557955013128183e-01
9.356027564868085733e-01 4.508794117375569677e-01
1.009751720857703372e+00 4.066325577288543158e-01
1.059774184287527454e+00 3.568650347351631780e-01
1.091336785052976488e+00 3.086384667903274703e-01
1.109825323280497766e+00 2.651403620460057731e-01
1.030748007077904038e+00 -1.620304333207212011e-01
1.021325019736050166e+00 -1.950284454895734321e-01
1.003694768328524667e+00 -2.347527299402263345e-01
9.730672398245832078e-01 -2.812358595771180525e-01
9.223574573207837801e-01 -3.325275657973358889e-01
8.418158777969231288e-01 -3.821424340457957314e-01
7.205682591454221075e-01 -4.135422265759192140e-01
5.594043128376369189e-01 -3.941723019345844126e-01
3.866717349842319074e-01 -2.942944447675505115e-01
2.540441085874500793e-01 -9.884055345086240063e-02
2.216249203880171770e-01 1.490377003153308400e-01
3.141657151072352328e-01 3.919053299410588109e-01
4.901878876787391093e-01 5.601761693345275184e-01
6.965845073118703823e-01 6.234759984181070802e-01
8.699553903128243171e-01 6.052944397163695367e-01
9.957265039237039872e-01 5.434465691975765012e-01
1.075668497140958024e+00 4.670637461066906582e-01
1.121781314704346499e+00 3.933111929936217166e-01
1.145697038109347865e+00 3.287108370710711824e-01
1.155859881919769627e+00 2.745805230057163371e-01
1.063366072226296088e+00 -1.647940783045154234e-01
1.062184239261455554e+00 -2.033337151146996646e-01
1.054473401739561833e+00 -2.524848968318504916e-01
1.034854137727119205e+00 -3.146299988231326950e-01
9.940188047251419245e-01 -3.912115128478665937e-01
9.165550927024668226e-01 -4.797859907257340240e-01
7.741341461510276023e-01 -5.678714008693330761e-01
5.225150133120870510e-01 -5.830877553068447572e-01
2.336988080859525585e-01 -4.057225096605232562e-01
1.897469286391229026e-02 -5.775277140835560763e-02
1.499724803869728618e-02 1.273265237493978463e-01
7.354501643096811314e-02 2.119682013622101180e-01
3.327365356412048669e-01 6.731269872744688465e-01
7.181589159232204533e-01 8.137201386298154038e-01
9.586557319926780618e-01 7.624292391135034652e-01
1.104885577233490901e+00 6.399590266323085253e-01
1.175922949584548016e+00 5.193242124975405716e-01
1.205896393237183561e+00 4.177544469209792943e-01
1.213585319420555919e+00 3.368509284565246453e-01
1.209913090226645282e+00 2.736176091827724477e-01
1.099197866907635213e+00 -1.589653965928317092e-01
1.109183201023165033e+00 -2.004262455238015050e-01
1.116470214913950487e+00 -2.559214350463179244e-01
1.116527593320690848e+00 -3.305675398717622393e-01
1.100135780677659048e+00 -4.309450580188389779e-01
1.042001110235755146e+00 -5.593833208276866031e-01
8.967290484624679259e-01 -6.797215211010121383e-01
6.841489008886814105e-02 -1.226251550723589379e-01
-2.366720060135163450e-03 -1.579268795715627061e-02
-3.557854348891997809e-02 -1.136533976366704835e-02
-2.835575599390516288e-02 -5.423974761333533352e-03
-2.333010694966386467e-02 4.676142159295570977e-03
-1.347076530003987749e-02 2.448308956224387600e-02
2.434537973238404263e-01 1.984093790396390666e-01
1.124276853980487045e+00 8.751595132853573489e-01
1.275246356063657327e+00 7.074278130213262905e-01
1.315095881097982922e+00 5.435503839322963771e-01
1.311033825347968085e+00 4.174183277159304595e-01
1.292128249051673894e+00 3.255529360268338834e-01
1.269079839407251109e+00 2.579467864078455186e-01
1.135286623226573477e+00 -1.427660379590678374e-01
1.158350231741645420e+00 -1.828710701656666160e-01
1.184659822450629285e+00 -2.387415514033630615e-01
1.211510956404037609e+00 -3.176929557222130107e-01
1.232841941067945868e+00 -4.255388564123641082e-01
1.234235434634252115e+00 -5.805417688081537797e-01
2.953734862197388011e-01 -1.559664118422632306e-01
-2.768377745868910722e-02 -3.207612076099319864e-02
-3.049270325793940195e-02 -9.805667592092670581e-03
-3.394120617459805977e-02 -4.190830613418350392e-03
-3.270251393203249535e-02 -3.106486516026484446e-03
-3.069760376680608083e-02 -4.799374784322796295e-04
-2.789993135431712012e-02 3.925522194639929907e-03
-2.101403120534528490e-02 1.655674230287118576e-02
3.925092263850393781e-01 2.294807078750249474e-01
1.500054437170412758e+00 7.102354807343047582e-01
1.485806885234266517e+00 5.072509174907491314e-01
1.426844002640419884e+00 3.777870964960117206e-01
1.373620010737375274e+00 2.881558626668412337e-01
1.327953922229326844e+00 2.243683971889920414e-01
1.167647316606262198e+00 -1.157620365301381682e-01
1.203570818458973735e+00 -1.489867609739548016e-01
1.250393931922200608e+00 -1.963267289288594952e-01
1.310040986481867398e+00 -2.687424146742367626e-01
1.354613293810887242e+00 -3.848963020631379628e-01
1.056242464024624184e+00 -2.965530817715622547e-01
-1.567299090481699686e-02 -1.417581462194172914e-03
-3.905871117804216031e-02 -2.741813116291513808e-03
-3.661775632703867522e-02 -2.488676662267264028e-03
-3.487337786707123133e-02 -1.794409145206288247e-03
-3.356334987810905002e-02 -1.787088693125481317e-03
-3.238062566208232962e-02 -1.503798912252940490e-03
-3.056079291439695034e-02 -9.703544005990050181e-04
-2.289711225056834110e-02 -1.134321808673455223e-03
3.129960279754873120e-02 3.983601707665540559e-03
1.357911586723771658e+00 4.094520733960349546e-01
1.631732053493802015e+00 3.890260407456302971e-01
1.531485497777586247e+00 2.935586032134507306e-01
1.446296317720868085e+00 2.227100284501726257e-01
1.379317794880785542e+00 1.724113196467924602e-01
1.192067094058959498e+00 -7.958223177116252600e-02
1.237366620144837892e+00 -1.006609933718816130e-01
1.299627742285518694e+00 -1.284395202362809130e-01
1.392467219528890521e+00 -1.650221787780736804e-01
1.552993896254351691e+00 -2.208469205044005790e-01
2.344644569279674684e-01 -2.174644455374163954e-01
7.765946425632164196e-03 3.488698302278603336e-03
-3.257810438597602554e-02 6.074982597631395365e-03
-3.541407568506127479e-02 2.661211046103284517e-03
-3.404485557306269339e-02 7.559058976863708423e-04
-3.285489073476116628e-02 -8.953564440869959474e-04
-3.230306774892194310e-02 -1.973899799878608974e-03
-3.095416311314463931e-02 -1.756891579845487605e-03
-2.318557970861195860e-02 4.774664889906077292e-05
1.452516333651704405e-02 5.531988168857582266e-03
3.861468683509514110e-01 5.705059077907970178e-02
1.729329574164442107e+00 2.365802047316600820e-01
1.607854804816457595e+00 1.737842420172852620e-01
1.498453375705545820e+00 1.334489891173928910e-01
1.415859206231057099e+00 1.051718630977638291e-01
1.205565962132368885e+00 -3.793243245116872941e-02
1.254218153821057280e+00 -4.462476396366987785e-02
1.318873582530429855e+00 -4.935798496449095296e-02
1.401960753891675848e+00 -4.299209820624927403e-02
1.434539371884988590e+00 1.967463845253814014e-02
-1.875160226378164707e-01 -4.976499618981167217e-02
-1.461611260851148827e-02 2.337605965463396274e-06
-3.199249936176010167e-02 6.073836440017021943e-03
-3.332115489743188441e-02 5.719640162010763973e-03
-3.152781715495566600e-02 3.061335175933155295e-03
-3.040523901864274070e-02 -5.205955923283167109e-04
-3.118703142795807570e-02 -3.503554239862038955e-03
-3.303511110871826251e-02 -3.395138737503633486e-03
-3.026812020697362826e-02 3.867198727429688176e-03
1.741302467416093805e-03 2.132033993050730381e-02
7.697179106925571002e-02 1.681999915456500183e-01
1.794173635275843059e+00 1.929651857198289022e-02
1.641275533449566781e+00 2.407860649161097655e-02
1.520008798755213997e+00 2.950281396821630153e-02
1.431939040065284940e+00 2.921236301441476613e-02
1.207521885979085274e+00 4.732761046926103887e-03
1.254166599016075967e+00 1.106687423501062639e-02
1.313073548254209300e+00 2.386876069784493737e-02
1.385416514970880142e+00 4.620075209546214978e-02
1.462842273386061764e+00 4.365069518480702015e-02
2.667929219223869053e-01 -9.936900794497827150e-02
-2.926746828978865622e-02 1.254256616489812792e-02
-3.364953842501489101e-02 1.001941495085589828e-02
-3.155001314416400193e-02 1.027933414291970493e-02
-2.704571200571354028e-02 6.209504147564326448e-03
-2.509250736593721109e-02 -6.242136837088181666e-04
-2.734812445328776986e-02 -7.715886852195652512e-03
-3.500377521932163116e-02 -1.176196404409413088e-02
-4.702287718562125907e-02 -4.268420228888958334e-03
-3.448247705221452186e-02 3.680537222681690146e-02
2.280854193931239338e-01 -2.577074170761251004e-02
1.687241421587141632e+00 -2.513562724017281980e-01
1.606382490148979825e+00 -1.229843352465609385e-01
1.505767946750981023e+00 -7.224758384934748534e-02
1.425782665402006710e+00 -4.625017199173298010e-02
1.199292408783747987e+00 4.482324242212509802e-02
1.240701379108658964e+00 6.123118282100437071e-02
1.290015830510884864e+00 8.641393072557512767e-02
1.345830453133895377e+00 1.292585194003947890e-01
1.382074786432292868e+00 2.232687279716460971e-01
4.087260982502471940e-01 1.456356011913295667e-02
1.921860850637613360e-02 -6.351010599427997505e-03
-4.069644815585915509e-02 1.359010372090629915e-02
-2.928065392191814276e-02 2.021141819346872204e-02
-1.870823361761086989e-02 1.175782284133397582e-02
-1.501039044417784574e-02 -4.689560616746331475e-04
-1.706606760766282704e-02 -1.407715503897621900e-02
-2.778326773762329616e-02 -2.957370997825226056e-02
-5.517295668312605095e-02 -4.129527541433919424e-02
-5.842879216865048964e-02 -5.820118895763615186e-02
8.847596031870380573e-01 -1.181934092142489234e-01
1.595626567916355487e+00 -2.972917132348906755e-01
1.535257900064911807e+00 -2.205078181702058160e-01
1.465096553965776094e+00 -1.550697573430181997e-01
1.401157170140777009e+00 -1.127743329512198578e-01
1.183066839061123199e+00 8.024847555535563615e-02
1.218178211119685939e+00 1.036079373429066308e-01
1.257458884120773446e+00 1.343055618505539783e-01
1.291909894025228267e+00 1.745439280476768218e-01
1.276336561479179954e+00 2.364970976876157316e-01
7.139717019535174458e-01 4.380988086233805756e-01
1.164073849619828849e-01 1.530601852787760730e-01
-6.750730375159053054e-02 4.176165350776139817e-02
-1.756092612664295061e-02 4.206277004763669947e-02
-2.946614755249266082e-03 1.851246706236375772e-02
4.412448376744926293e-04 7.151488441456388921e-04
1.301032620951714236e-03 -1.790263536710356984e-02
-6.244976265545876259e-04 -4.240087711503026657e-02
1.294536589121486614e-03 -1.134239908169920596e-01
-1.136666048184409306e-02 -1.547690415940117248e-01
9.814214495164219620e-01 -6.329511055888292770e-01
1.471563162960958238e+00 -3.975318761980650706e-01
1.458029000379369444e+00 -2.838901433460927493e-01
1.412675803143459419e+00 -2.157464305273837368e-01
1.364835004930841089e+00 -1.665035241932089072e-01
1.160767296471107990e+00 1.102114398195053191e-01
1.189956844980223361e+00 1.389317245898236131e-01
1.224125792101026233e+00 1.730276865344371195e-01
1.261367990311508258e+00 2.041583073395814019e-01
1.287375641105825697e+00 1.877057093591005810e-01
1.106335143585719383e+00 -1.251923646460650907e-01
-7.292347316631198062e-02 -2.799678650707959626e-01
-9.565586680377102802e-02 -5.570351761070901908e-02
4.965247640824621556e-03 2.812159251009749283e-02
1.876274727416138433e-02 1.141201390325669029e-02
1.578348659263983933e-02 4.004678047989033117e-03
2.207216830871661095e-02 -1.186393391211043591e-02
2.168494982260016357e-02 -3.205148401820567816e-02
-2.459606757698629131e-02 -5.996872484528292802e-02
6.579217424134142789e-02 -8.918277857816292453e-02
1.235621335835630497e+00 -2.291075468239045509e-01
1.396531196645905970e+00 -3.561048119177101512e-01
1.390853473839954724e+00 -3.173193551477782037e-01
1.358297536298813668e+00 -2.588670257747893722e-01
1.322527680004274009e+00 -2.078663870574604111e-01
1.133490047782628185e+00 1.341905105276075538e-01
1.156080909035901438e+00 1.682610516814464496e-01
1.185572051913534875e+00 2.107663865758646615e-01
1.231946630550562194e+00 2.604357319763117573e-01
1.332569395216141039e+00 3.085906549268591093e-01
1.463428988242196915e+00 2.023588112645657855e-01
4.205864757169153201e-01 -1.520338553307887253e-01
-3.245920816652636542e-01 -8.046942078112639951e-01
-4.207515885784063325e-01 -7.962501084909923144e-01
-1.191740891357606635e-01 -3.107635372646272431e-01
-9.607076949104120800e-03 3.462764578060065213e-02
-7.701086592280304011e-02 2.894540175825424666e-01
-1.692257914787331785e-01 7.061027564076188812e-01
-3.246543963696391089e-03 7.421625428120837142e-01
8.898458041673817931e-01 1.008382337468582968e-01
1.549363388099538330e+00 -4.502506665652528106e-01
1.395131393361672689e+00 -4.104321207289851614e-01
1.336510087724720464e+00 -3.535457815401099602e-01
1.303870742309043429e+00 -2.923207953268702752e-01
1.276936615092596483e+00 -2.388598969065891531e-01
1.102265074937804901e+00 1.510029197670115231e-01
1.115807565699178383e+00 1.892276714519924852e-01
1.132997410605838251e+00 2.409060967255549635e-01
1.159166891206118155e+00 3.174577046455850926e-01
1.203376928687516223e+00 4.635533729871599284e-01
1.095615183665148429e+00 8.688290467189951904e-01
3.659487857109366971e-01 9.772057821225466068e-01
8.577170401683043011e-02 6.520344904810726483e-01
-1.286370226480260115e-01 3.274246472558084431e-01
-3.532920016942941999e-01 -6.784177018439863094e-02
-2.353713544010171965e-01 2.362682871430315558e-03
-2.850766150990646786e-01 9.446566042357440462e-02
-5.739021536067312468e-02 -3.107967760641550115e-01
-1.680542478566637854e-02 -7.146524622051053655e-01
1.017952093726046670e+00 -1.037951440825295446e+00
1.338889202442423709e+00 -7.266480514568807170e-01
1.299302991230537607e+00 -5.004230670711784512e-01
1.264922902050651388e+00 -3.907679040381872859e-01
1.244729033662610451e+00 -3.168773916192035855e-01
1.228733103359707091e+00 -2.599821524590795185e-01
1.069203112584335980e+00 1.593533933170077077e-01
1.072072993950905495e+00 1.980153684242313972e-01
1.071947767129926010e+00 2.506422699222365935e-01
1.063780728240024676e+00 3.274541082048476603e-01
1.025605351360405759e+00 4.485103902785980701e-01
8.783710660415500193e-01 6.127920585768531492e-01
5.800230534151973316e-01 6.696347525702661674e-01
3.229798341523770766e-01 5.537160945808206058e-01
1.285255405376184434e-01 4.066559885673637353e-01
-2.948861994763518624e-02 1.745278067561856217e-01
-1.185361697507603118e-01 -9.854588420927679060e-02
9.005055958985375142e-02 -4.253002306720943260e-01
2.227433276617030167e-01 -6.051602508492548438e-01
4.009930987401100211e-01 -8.376598989144246055e-01
8.412959096677985471e-01 -8.940629233775687634e-01
1.093007076150591672e+00 -6.820938623056338468e-01
1.162945604668654820e+00 -5.111867921633383993e-01
1.179221070461093923e+00 -4.017641933007487509e-01
1.181952191845183631e+00 -3.265739727567962269e-01
1.179602794716363423e+00 -2.701187541310878792e-01
1.037300351638925644e+00 1.591674688351973899e-01
1.030610545433392478e+00 1.940544996176418735e-01
1.016257747857951532e+00 2.390197547129790934e-01
9.866620156134908726e-01 2.973769185195895837e-01
9.256100070596406937e-01 3.689165962359997053e-01
8.097696348254990184e-01 4.344886826891813936e-01
6.416023733648135163e-01 4.465946011691579454e-01
4.698930488684238682e-01 3.797512593250618185e-01
3.288111285250616689e-01 2.514253548469791433e-01
2.352050777140068938e-01 7.390029357010219346e-02
2.118626863179762232e-01 -1.408836330578542573e-01
2.934691709846526386e-01 -3.408284687144172431e-01
4.146468547141779482e-01 -4.897849498031592308e-01
5.845276336062221745e-01 -6.061775369911071021e-01
7.989650274273718544e-01 -6.302543680206196264e-01
9.663529885765465011e-01 -5.584146795441979894e-01
1.057412759089397802e+00 -4.640124319194249836e-01
1.101555599969139543e+00 -3.832868664774879974e-01
1.122951839158117249e+00 -3.196607472779677828e-01
1.132958460961992486e+00 -2.691537137217880904e-01
1.009180510980391965e+00 1.519506199645759281e-01
9.959006042781903822e-01 1.805218652695561588e-01
9.736867092714684979e-01 2.144394853187403527e-01
9.369634819809080639e-01 2.528648750070616735e-01
8.779756534152349801e-01 2.907349524010593989e-01
7.909477090755268058e-01 3.148133744181380589e-01
6.817159068010458789e-01 3.059282839136778787e-01
5.700765606354307735e-01 2.523323924981835109e-01
4.773471214561708642e-01 1.563128013118830761e-01
4.200873982226438486e-01 2.747577304486187311e-02
4.119618674404734726e-01 -1.187068423834016784e-01
4.576141871622874113e-01 -2.581242443731046610e-01
5.452489462923582053e-01 -3.714327427595770503e-01
6.640929312706278509e-01 -4.475140058378757058e-01
7.962127290015574843e-01 -4.721982664318946643e-01
9.109748162365693958e-01 -4.486814920259629691e-01
9.919087958480643508e-01 -4.005983902796206308e-01
1.042917434096009011e+00 -3.482903880564336419e-01
1.073766615022762050e+00 -3.004782144705631097e-01
1.092036344886531118e+00 -2.591197062175853993e-01
