9.435228672499573754e-01 -1.002896669821007336e-01
9.264854113021203652e-01 -1.087927086591200521e-01
9.050770875941926974e-01 -1.156019001234920296e-01
8.788554753404054232e-01 -1.191721059692629758e-01
8.478579301127231460e-01 -1.174160444382921220e-01
8.130032591523361774e-01 -1.078090966132938533e-01
7.765254777375352191e-01 -8.778706125505020275e-02
7.422075452284770947e-01 -5.552036275018545908e-02
7.150827572234708107e-01 -1.093574317732548540e-02
7.003912794613120774e-01 4.345222095644862836e-02
7.019933226264507553e-01 1.024946018231132072e-01
7.209286144794679885e-01 1.594650083391357942e-01
7.549126724647248210e-01 2.078941304267944989e-01
7.990924827534828800e-01 2.433299536496036364e-01
8.476455886487022084e-01 2.641944678701668714e-01
8.953700370267037023e-01 2.715069128706404378e-01
9.386151996147984455e-01 2.678996824063717419e-01
9.754487321314742054e-01 2.565503283494696696e-01
1.005331856489879438e+00 2.404188616973712556e-01
1.028629677273222853e+00 2.218730439111160635e-01
9.546568185349779689e-01 -1.154416343121633659e-01
9.370026427128541613e-01 -1.285133221097423117e-01
9.136520556344818189e-01 -1.407438838233932010e-01
8.834863578036644682e-01 -1.503267490319992739e-01
8.457853815800953079e-01 -1.544916853532640744e-01
8.008815554520021252e-01 -1.494198380428302109e-01
7.510800468341738423e-01 -1.306159732671541285e-01
7.014812579487705868e-01 -9.409003375267288583e-02
6.599439453661859467e-01 -3.833140184819949781e-02
6.354690213247593533e-01 3.370722153248406627e-02
6.351237785837748895e-01 1.140414663362930014e-01
6.609971623951604869e-01 1.914952635793770730e-01
7.090638916970015693e-01 2.553292205810198112e-01
7.707875526152885293e-01 2.987523185185858576e-01
8.364735630529063215e-01 3.203461028975507219e-01
8.982766784833495777e-01 3.230297095780398919e-01
9.515114368553878599e-01 3.118382340072778369e-01
9.944233238831690080e-01 2.919764462698015706e-01
1.027263031730045739e+00 2.677279246049102390e-01
1.051322508532528399e+00 2.421277847095049118e-01
9.703421468102679803e-01 -1.301813396132001088e-01
9.532750456844651943e-01 -1.488138056120003050e-01
9.292027316676465531e-01 -1.681617956584480211e-01
8.959989285327862873e-01 -1.864082908425235274e-01
8.515572843427543503e-01 -2.002337419870992008e-01
7.946767004982935312e-01 -2.042329719374080810e-01
7.267940861642374628e-01 -1.908426950400921029e-01
6.542190993018426326e-01 -1.518672649254415585e-01
5.891912092290341185e-01 -8.218970614829845811e-02
5.477104191692827584e-01 1.553942072039515843e-02
5.433192571382927660e-01 1.285776205914784809e-01
5.803836056920608222e-01 2.374658417274649880e-01
6.513809490974131755e-01 3.234255265404795132e-01
7.404478113416934626e-01 3.759127559470420987e-01
8.308833960244177419e-01 3.949363073975387106e-01
9.110277499551533431e-01 3.877423413074709835e-01
9.755705542171111411e-01 3.637315996269263607e-01
1.023960627460778205e+00 3.311649776378211563e-01
1.058230276550324866e+00 2.959029141090674386e-01
1.081276983221657328e+00 2.614765352099301943e-01
9.911901041150850133e-01 -1.431162504755478793e-01
9.765567352639958898e-01 -1.680371289988391581e-01
9.539942018646607735e-01 -1.961054568792852670e-01
9.201041964462031153e-01 -2.260366758029830336e-01
8.706241752085386310e-01 -2.545938614830078883e-01
8.011508052013338599e-01 -2.750556363928446935e-01
7.097908125081531239e-01 -2.754843300834697306e-01
6.026717683522164748e-01 -2.396870188542932212e-01
4.982731655645955549e-01 -1.540469846358932804e-01
4.260920042704707811e-01 -1.795336171010158965e-02
4.133168608592030502e-01 1.471880147897464686e-01
4.694973870194796284e-01 3.064833348526016521e-01
5.797047522987086587e-01 4.247379305725113019e-01
7.127343547261877355e-01 4.855225984133626493e-01
8.386711616545761139e-01 4.941305251408101284e-01
9.414177356008446296e-01 4.675843503029941672e-01
1.016944475119254676e+00 4.227126410262238565e-01
1.068185187109806922e+00 3.719395957901405758e-01
1.100655394040832569e+00 3.224787478518553741e-01
1.119722169705812398e+00 2.776777679562902890e-01
1.017374248593478914e+00 -1.523662987072738062e-01
1.007669779291355816e+00 -1.836531316605927167e-01
9.900706991546059932e-01 -2.213663121116993260e-01
9.599732831597629357e-01 -2.656008121739672490e-01
9.105118224124031379e-01 -3.146092818322787643e-01
8.320103886231899892e-01 -3.623363652604538743e-01
7.133656150507095006e-01 -3.925326470373169396e-01
5.550587506269244464e-01 -3.733267308851240251e-01
3.836784406964577343e-01 -2.736918267820098727e-01
2.537777211324199200e-01 -7.788790162115449833e-02
2.241658745171903888e-01 1.669241217364804963e-01
3.150401618020381989e-01 4.108196860504523262e-01
4.937963039208836946e-01 5.780622494219422869e-01
7.003866400469016540e-01 6.414954868534661347e-01
8.746209223447487524e-01 6.233677089283895523e-01
1.002033602781258192e+00 5.617325144763274380e-01
1.083970869112382829e+00 4.846485608489992103e-01
1.131658538292965588e+00 4.095181419072435602e-01
1.156591241446982554e+00 3.432621808675051511e-01
1.167271461015930711e+00 2.874693528397531672e-01
1.048306002494385769e+00 -1.556992417474534207e-01
1.046434865937027059e+00 -1.923149938085111366e-01
1.038323847638111808e+00 -2.390525639202500940e-01
1.018860360310380742e+00 -2.982956471567366208e-01
9.791916810722955944e-01 -3.715699534993532893e-01
9.047643541009142698e-01 -4.574285086767138075e-01
7.651423155322623071e-01 -5.448660526691773143e-01
5.238290534329514969e-01 -5.590455452115894452e-01
2.362552653783200896e-01 -3.924193231759653955e-01
2.420256479531368576e-02 -5.390691052593155064e-02
2.337929594548704415e-02 1.000668818299430829e-01
7.893349980281572087e-02 2.137349660047158095e-01
3.188143983076585641e-01 6.667685813912765935e-01
7.214193353037656742e-01 8.310208535719743050e-01
9.616990948908910042e-01 7.816166949574954170e-01
1.111698522788653332e+00 6.609911739518503637e-01
1.185925200010112812e+00 5.389220131474692366e-01
1.217868276895148760e+00 4.352634839560454161e-01
1.226592583599636077e+00 3.520295057666333882e-01
1.223211009463247567e+00 2.866513842871243334e-01
1.082344272400466156e+00 -1.508871468320771569e-01
1.091040598631167757e+00 -1.903127601416154668e-01
1.097201289573337402e+00 -2.430120688375492222e-01
1.096711555424444429e+00 -3.140828436755760400e-01
1.080185680856892150e+00 -4.100785758766911648e-01
1.027026977568548105e+00 -5.301052725326438342e-01
8.901922002025053349e-01 -6.565626709696648078e-01
1.078947470440483336e-01 -1.474034503523335982e-01
-7.144574859038188563e-03 4.230307897497564973e-03
-3.301930070964020913e-02 5.142489973114228174e-03
-2.458360292715955353e-02 1.290712460178767076e-02
-1.886589574197850006e-02 2.298616789635665736e-02
-7.303516972452239742e-03 4.811097016470033960e-02
1.883698237328823577e-01 2.043695430682246350e-01
1.104156966782374738e+00 9.039401805798541467e-01
1.287205067620605936e+00 7.319612258972063579e-01
1.327463421889391038e+00 5.655291840597964637e-01
1.326201063482753684e+00 4.363266416714317586e-01
1.308024818291853020e+00 3.409832623873709778e-01
1.284668641062873817e+00 2.706842065968340094e-01
1.116700305134853854e+00 -1.362792687992575580e-01
1.137671910339031367e+00 -1.745123872982468072e-01
1.161570083929418518e+00 -2.273808621239470362e-01
1.186815137000565734e+00 -3.013638249998829011e-01
1.210669807294823430e+00 -4.062391966156986278e-01
1.169208511418355911e+00 -5.753205944407446815e-01
3.074686777196344867e-01 -1.965007820202813171e-02
-2.354598951789688144e-02 -5.954925976301428392e-03
-2.815804138104671672e-02 1.054249928832684535e-02
-3.157311566493792299e-02 1.371858014875132481e-02
-3.013316769664209360e-02 1.508177549883065079e-02
-2.811767942274445709e-02 1.926198144362123443e-02
-2.509014927047248378e-02 2.688457776662822596e-02
-1.749092037281241296e-02 4.894071182573345169e-02
2.687480467062652867e-01 1.422813615302409573e-01
1.479254874044783508e+00 7.276375510291699378e-01
1.503084906347618155e+00 5.370698811569663000e-01
1.447818609037028637e+00 3.972905430737339039e-01
1.393269036663514759e+00 3.026857006083938373e-01
1.346074343065890577e+00 2.360247162792239450e-01
1.147685506544495082e+00 -1.114643225639655455e-01
1.180758170298795706e+00 -1.435148675914010852e-01
1.223230807929033270e+00 -1.889316766912396695e-01
1.275039222869830402e+00 -2.556010864792068737e-01
1.318082666488293864e+00 -3.421934639908741360e-01
1.071522423397155865e+00 -2.081203376226570256e-01
-3.873047037576404783e-03 -3.114895044181498207e-02
-2.913432823503703251e-02 1.529008434778655889e-02
-3.170939225788815818e-02 1.543647848953222379e-02
-3.194812443923111811e-02 1.537103056612559859e-02
-3.190846998258001221e-02 1.568960079045176453e-02
-3.205517844795002791e-02 1.743642329805034086e-02
-3.211752181989102617e-02 2.095834172702759624e-02
-2.728169251942580420e-02 2.648188127461481578e-02
2.047496525427072722e-02 6.192241575921464403e-02
1.403960224680120827e+00 4.240307876283466726e-01
1.675080895272844872e+00 4.091255980532793046e-01
1.559726946544434112e+00 3.076626122651160422e-01
1.469421947016930075e+00 2.342246929552471713e-01
1.399681245072437186e+00 1.820231150752116278e-01
1.171374120656369922e+00 -7.784067756976487118e-02
1.213693216096271010e+00 -9.874215123067076050e-02
1.271752675014781397e+00 -1.273319549727736089e-01
1.355249937849171138e+00 -1.715362952846954947e-01
1.450233106216601175e+00 -2.796644734224562612e-01
3.928871516823231880e-01 -2.320028175512423019e-01
1.868705270069936919e-02 3.022884126295477536e-02
-2.529092496272450363e-02 2.142520550967530468e-02
-3.017542843884335468e-02 1.784515677608400352e-02
-3.113659172633287398e-02 1.600617361281087003e-02
-3.202728255789460965e-02 1.484521390129989356e-02
-3.372389603329251084e-02 1.481731894307947162e-02
-3.560510291832130747e-02 1.664441375902103726e-02
-3.410621033749700048e-02 2.075231163852886418e-02
-1.008651617722455818e-02 2.883014071787703969e-02
4.952943405092349871e-01 2.049127739549017058e-01
1.755349201005320658e+00 2.236018406605455588e-01
1.634977924909286617e+00 1.800284393513207348e-01
1.522963359119928084e+00 1.410992074248573758e-01
1.437652695524331170e+00 1.121767508437376826e-01
1.184779306590590942e+00 -3.877386961852025138e-02
1.230717295466266181e+00 -4.580461823207260252e-02
1.293002195540407184e+00 -5.105705529904192019e-02
1.381056742703275386e+00 -4.365508879191848379e-02
1.477942104263649137e+00 6.763824668480022950e-02
-4.047138394039993536e-01 -5.553071456817715301e-02
-5.048119388251415610e-03 9.983328053220219545e-03
-2.388066305095998612e-02 1.860905366722453991e-02
-2.813564619497831154e-02 1.823019638387490815e-02
-2.898518377367017770e-02 1.591690051806232686e-02
-3.028395685907270957e-02 1.292160776277612513e-02
-3.352444590635059174e-02 1.060898623370942762e-02
-3.829873377316739963e-02 1.094536412718061236e-02
-3.994043442049990955e-02 1.613880680168544579e-02
-1.758497692787456407e-02 2.208134322768451341e-02
3.722235811239233971e-01 9.005236927255522161e-02
1.819352613882143199e+00 3.992530748997635826e-02
1.668228953090582722e+00 3.134852223588113773e-02
1.545201688979354504e+00 3.420848200299975161e-02
1.454437582937425866e+00 3.354398351590681671e-02
1.187122804075208427e+00 1.367851127238584041e-03
1.230993603796156632e+00 6.961656053630083107e-03
1.286236285263585577e+00 1.946771680437553442e-02
1.349209119020516878e+00 4.473908876436283322e-02
1.354705959622860556e+00 5.248998683882843963e-02
2.470742442090997915e-01 1.189376780573625503e-02
-1.650132721378205769e-02 2.346971259904129248e-02
-2.528203652613913999e-02 1.915808595973844675e-02
-2.678518044529842879e-02 1.969732464822571139e-02
-2.514739906593232988e-02 1.644766046192847053e-02
-2.566486315101812465e-02 1.038987949202061639e-02
-3.020151034275164736e-02 4.002099399666447788e-03
-3.966120103576359357e-02 2.065523690147896829e-04
-5.178296300936996444e-02 6.116773957320909005e-03
-3.296378241495867556e-02 3.639078333040557389e-02
2.339920713835272337e-01 5.057202572817276476e-02
1.761430226701215407e+00 -2.370995201401537855e-01
1.639570298891959599e+00 -1.234690921794245888e-01
1.531454594865196306e+00 -7.151855983979382714e-02
1.448300859932833973e+00 -4.462300703308219596e-02
1.179804883167587137e+00 3.899668266552192009e-02
1.218509298178754197e+00 5.394891733633944142e-02
1.264270715260224387e+00 7.712507307611637941e-02
1.316655771125037511e+00 1.142638176780730319e-01
1.381928025746987254e+00 1.882541112049906928e-01
1.662561432502740466e-01 3.619302525499912271e-02
3.040780162858580660e-02 2.952972797601871591e-03
-3.199657148115098160e-02 1.711985375517421915e-02
-2.605817190992343324e-02 2.628185556608819695e-02
-1.778364247769725903e-02 1.950386112045121578e-02
-1.640667950087382199e-02 8.125054497261436498e-03
-2.080581134136672006e-02 -4.454438635795587853e-03
-3.298876352832325054e-02 -1.854133007977987191e-02
-5.895507255781862188e-02 -2.964342447849821482e-02
-5.318747229652198705e-02 -3.991167770576731222e-02
8.639745389187281077e-01 -2.157688790506384624e-01
1.588859687269174481e+00 -3.426870708913121177e-01
1.559229339121608771e+00 -2.303682051610844717e-01
1.488458225620723940e+00 -1.578979996613383285e-01
1.422798772116793842e+00 -1.133977825897614089e-01
1.165086375382373696e+00 7.218516147587283882e-02
1.197832039091204503e+00 9.340122644621917658e-02
1.234046703432580827e+00 1.216587489532927613e-01
1.265727630332511566e+00 1.612694972804651350e-01
1.254089233938957548e+00 2.328259356839867955e-01
7.685956105389979420e-01 3.066872214452531775e-01
8.897544978595184340e-02 3.410296458047024082e-02
-7.014651584988595978e-02 4.081196234158368519e-02
-1.782592341432964744e-02 4.780278799511927801e-02
-2.528230314740032014e-03 2.428623589268180671e-02
-1.698472690034869004e-03 6.628942059886744516e-03
-4.078679850182398425e-03 -1.098589842071506784e-02
-8.232022938203797935e-03 -3.185978980972836716e-02
-3.676656381516041350e-03 -1.106218549638993132e-01
1.543894235247589286e-02 -9.529673802251448222e-02
1.204971204967948406e+00 -4.796081009003139162e-01
1.504002629516011380e+00 -3.868007265528694560e-01
1.477439568801385272e+00 -2.889052977233097508e-01
1.433357627713502946e+00 -2.190571442578237438e-01
1.385326892350624561e+00 -1.683300959562350485e-01
1.144875105046894159e+00 1.003547331645782137e-01
1.172282635080938995e+00 1.261842271778412794e-01
1.203414693562789850e+00 1.564439771444026128e-01
1.233339958189741958e+00 1.834805335170508478e-01
1.228190794388135387e+00 1.677322465556851938e-01
9.131788087661096842e-01 -3.421391740052737163e-03
4.748127247055755618e-02 -2.732150133213284704e-01
-7.467338541767842841e-03 -2.960497725605915065e-02
1.479620063522535389e-03 4.292814847908499321e-02
1.956107593919509391e-02 1.279362282298301956e-02
1.317949090776870946e-02 6.865103833318384786e-03
1.641190061658859278e-02 -1.058081017274448143e-02
6.438423942078941309e-04 -2.851247229651132642e-02
5.189411941035060316e-02 -8.508597277735230335e-02
7.693326701488478747e-02 -3.235816877143171677e-01
1.143682173389775070e+00 -3.472573305951198730e-01
1.402114455130071269e+00 -3.785196207486118958e-01
1.407562434368681004e+00 -3.212417362543984467e-01
1.377803749748225393e+00 -2.613470351884217280e-01
1.342428205429094801e+00 -2.101489545669199543e-01
1.120148122012027958e+00 1.232832065252065235e-01
1.142115093837734463e+00 1.539212500803111006e-01
1.170537239480100578e+00 1.907925238876551077e-01
1.214050681071361382e+00 2.294357225113308196e-01
1.310119828294227240e+00 2.534514899150819289e-01
1.429126392752375629e+00 3.191179320302339750e-01
5.679506138398493498e-01 -3.507527013796307713e-01
-3.468404302941507922e-01 -9.369178496667740497e-01
-4.669241472781282543e-01 -8.187691469597274674e-01
-1.068623857401473920e-01 -2.696022039977036266e-01
-1.777067784045183174e-02 1.672504954465214161e-02
-5.850063546569361783e-02 2.884044510673769435e-01
-1.766496400357608909e-01 7.251627317739728351e-01
9.539325442288415502e-02 7.860715241327942415e-01
9.835545198894779517e-01 1.745070228991218997e-01
1.493151928696456743e+00 -2.909754143567244711e-01
1.397192011958672264e+00 -3.874099784689932768e-01
1.354381819596275349e+00 -3.501329887693693799e-01
1.324343517548409732e+00 -2.935908277570109526e-01
1.297147803819225231e+00 -2.416026802392079453e-01
1.091536434502586861e+00 1.400466964697377747e-01
1.105891167229520189e+00 1.751454037636235306e-01
1.125147821712544349e+00 2.216896924187761186e-01
1.156701830148048060e+00 2.883329132477330248e-01
1.216644419885284378e+00 4.073681279120311416e-01
1.302267779090655608e+00 6.673252645949312445e-01
2.106347548992149044e-01 8.844098225053220741e-01
-1.582593739861026805e-01 5.221861129616611752e-01
-1.866268691073180719e-01 2.484965532154459478e-01
-3.615209884733894263e-01 -1.346323202327642798e-01
-2.484737986539986565e-01 -7.461673440840768234e-04
-2.600851557927441604e-01 1.263500002319617455e-01
-1.227508184744219299e-01 -2.162223136544394464e-01
1.157029913480656091e-02 -4.182157541000774970e-01
1.106217729911327385e+00 -9.007355834184815890e-01
1.443392392712607997e+00 -6.784998743471026827e-01
1.341099972613373215e+00 -4.800697186931013327e-01
1.292582498536736235e+00 -3.874074098681123957e-01
1.268154618089951668e+00 -3.192185311097994749e-01
1.249818948245622341e+00 -2.640735945465388923e-01
1.060587842321927265e+00 1.492418915415294478e-01
1.065170789938738594e+00 1.858983575116668341e-01
1.068716469697443827e+00 2.360278008269722783e-01
1.068834661268009967e+00 3.104318399539174322e-01
1.050754086811909183e+00 4.351193553933674352e-01
9.272864689904292135e-01 6.569952449411509132e-01
4.987461119782921060e-01 7.721620398978334965e-01
1.904458707003864326e-01 5.560420516151076686e-01
5.447510857726545197e-02 3.474385199271068370e-01
-4.901017169068433432e-02 1.240423184435024417e-01
-1.459075008524624018e-01 -1.178254283400841790e-01
6.639148859244770051e-02 -4.134797520911520641e-01
9.620195820887911253e-02 -6.263204384961945648e-01
2.980401417969891220e-01 -9.872724348200923039e-01
9.047453502100455403e-01 -9.942530685468309315e-01
1.168101369916045851e+00 -7.144633444001724509e-01
1.211090493230895238e+00 -5.194710580850281367e-01
1.211568642001075169e+00 -4.077604852910154953e-01
1.207147784067941210e+00 -3.330376493163900165e-01
1.201103443133826332e+00 -2.766735921140672794e-01
1.029971313785540410e+00 1.503127244377333582e-01
1.025023489969383306e+00 1.844126547690594364e-01
1.013750083060358520e+00 2.292849362702220617e-01
9.891778542227669391e-01 2.899761788575694332e-01
9.337304120806888541e-01 3.710315400673036557e-01
8.115837531311753672e-01 4.585357039751059016e-01
6.081462318857644433e-01 4.819010288424385724e-01
4.089625048076150904e-01 3.889301427274283185e-01
2.735770997419351147e-01 2.313713169015668702e-01
1.961844338996598935e-01 4.280897018646256935e-02
1.824497259102075830e-01 -1.701538185131929171e-01
2.539355375293883554e-01 -3.664140744171287545e-01
3.614448621338106626e-01 -5.418820350317893331e-01
5.598904706419616240e-01 -6.922605997347852647e-01
8.234309419257779261e-01 -7.053977636643382620e-01
1.007690332409596490e+00 -6.021828257120320771e-01
1.094374390141459319e+00 -4.874162229637968302e-01
1.131024116516143874e+00 -3.980132510087508457e-01
1.147088689689139684e+00 -3.308619103085508328e-01
1.153701809068343742e+00 -2.785615011141651109e-01
1.002389770739697816e+00 1.442597695993153017e-01
9.903512470093578379e-01 1.728108935959360437e-01
9.698440632586380339e-01 2.076382506942220374e-01
9.348222621059787407e-01 2.488962038268938137e-01
8.755174334116877510e-01 2.926314690080245029e-01
7.819110654761085577e-01 3.241502709024879358e-01
6.587082317470915882e-01 3.167229950019145868e-01
5.350119587969892621e-01 2.533886686861841486e-01
4.401250419125712909e-01 1.436265180569712419e-01
3.871039837257983507e-01 5.209706553776782822e-03
3.827845878271030067e-01 -1.460543005507958514e-01
4.289673338026878113e-01 -2.915784300699467146e-01
5.204094660440161668e-01 -4.169113417529340948e-01
6.548961925590113253e-01 -5.031067432394775718e-01
8.074268226545822102e-01 -5.244977051441479521e-01
9.341691063136225992e-01 -4.881640891459992915e-01
1.017546396172321899e+00 -4.278439977912218417e-01
1.066703242947104613e+00 -3.675400617551893845e-01
1.094939600583215711e+00 -3.150767274007537644e-01
1.110969961868852884e+00 -2.709205624693344916e-01
