9.312555573045977475e-01 -9.016231484987979883e-02
9.141254440385337965e-01 -9.741172205262049744e-02
8.927898499059949700e-01 -1.028280981750451240e-01
8.668628594217131500e-01 -1.048887559611433318e-01
8.364371301228379352e-01 -1.015541428680521996e-01
8.024696236505879376e-01 -9.037432565351721792e-02
7.671975229594574230e-01 -6.887363550944991530e-02
7.343708273262872233e-01 -3.529723743996182606e-02
7.089796821813898475e-01 1.038250402620788382e-02
6.962336614077746511e-01 6.561512462791602163e-02
6.999634385513164858e-01 1.251985658156573589e-01
7.211488004870059143e-01 1.823357792906377117e-01
7.573944663146048306e-01 2.305023021963364949e-01
8.037058347879222353e-01 2.652502786866772766e-01
8.541390190944420091e-01 2.850741317684990506e-01
9.034253670600334019e-01 2.911014461239780360e-01
9.479001680284482312e-01 2.860703025132216304e-01
9.856482013574341394e-01 2.732435019446000091e-01
1.016162584403417224e+00 2.556464253060286573e-01
1.039848514987369299e+00 2.356956856386016597e-01
9.411435876205964668e-01 -1.055603005948668738e-01
9.232240628111454406e-01 -1.172423509253706086e-01
8.997799129812156238e-01 -1.278817726557313073e-01
8.697751836866518538e-01 -1.356851012946846957e-01
8.325830333525763294e-01 -1.379345477177951196e-01
7.886128920684920551e-01 -1.309189047422254504e-01
7.401807778694435846e-01 -1.102924030929730570e-01
6.923084930480682964e-01 -7.218147706999022972e-02
6.527669218277831753e-01 -1.509809419571905842e-02
6.305414388148578020e-01 5.800409580324794590e-02
6.327117222931000207e-01 1.390750888654052053e-01
6.613256801543632157e-01 2.168026804661660201e-01
7.121910250887109051e-01 2.803108166228163167e-01
7.765176436633769441e-01 3.228026963051200404e-01
8.444130477140210367e-01 3.430018410182533728e-01
9.079595534010942437e-01 3.440195344762808638e-01
9.624930317072477592e-01 3.310447795918736169e-01
1.006308414270420393e+00 3.093822999278450503e-01
1.039708275122315229e+00 2.833879899093250110e-01
1.064042527126631832e+00 2.561523567940171553e-01
9.554776252311425466e-01 -1.207453533568880744e-01
9.379080089179137047e-01 -1.378655456399280332e-01
9.134913195400762298e-01 -1.554174068487590432e-01
8.802158322317743533e-01 -1.715701175828643343e-01
8.361305088586856726e-01 -1.830409502248175890e-01
7.802060080853245871e-01 -1.845673983834683618e-01
7.139468071440591146e-01 -1.688770554696683579e-01
6.434485988387828037e-01 -1.280314302650875646e-01
5.806996391992136353e-01 -5.681427640230996001e-02
5.417735873218321174e-01 4.225721379470304129e-02
5.403364910690933165e-01 1.563552241889920869e-01
5.808169257582518341e-01 2.657656210899364546e-01
6.554266914265971522e-01 3.513242387217524465e-01
7.477591793541904508e-01 4.024734290180975727e-01
8.407821631919221161e-01 4.195512106677623532e-01
9.228061939370646449e-01 4.101732220020282149e-01
9.886593936227394686e-01 3.839415422389258481e-01
1.037888075201618410e+00 3.491912318169809737e-01
1.072585043021061502e+00 3.118555552033042133e-01
1.095726056574868323e+00 2.755347969555921317e-01
9.748977474879683136e-01 -1.343841585397731464e-01
9.594483925121788381e-01 -1.577106431124364327e-01
9.361764041239162282e-01 -1.838032176410675511e-01
9.018224732573942859e-01 -2.113094017775574152e-01
8.523512702398949870e-01 -2.369597758621755368e-01
7.837241397171057500e-01 -2.541288644641737093e-01
6.944546481449997977e-01 -2.514248610958680352e-01
5.901588895069997953e-01 -2.136232649289959706e-01
4.881870170658264563e-01 -1.264094362793738435e-01
4.188211652075346514e-01 1.140075843914734044e-02
4.093976625186512841e-01 1.780929226855992864e-01
4.699570386619233986e-01 3.386052305873318846e-01
5.851934612692799575e-01 4.563010959816560241e-01
7.224281303945057076e-01 5.149813219480658955e-01
8.512917783081852541e-01 5.207225040677587735e-01
9.558542912046075202e-01 4.913556260584250879e-01
1.032622703352743532e+00 4.438132969490449220e-01
1.084584961249386303e+00 3.904165906749845760e-01
1.117264234619868013e+00 3.384968160615109412e-01
1.136146895636518384e+00 2.915178591801592667e-01
9.996344095631681803e-01 -1.446573792256167224e-01
9.887237774945267788e-01 -1.743488482211774659e-01
9.699160544270379880e-01 -2.099920030236224200e-01
9.387419379264505537e-01 -2.515345394315704475e-01
8.885835822276688667e-01 -2.970740849081554558e-01
8.102320813425190060e-01 -3.403349674241540335e-01
6.941715987322272241e-01 -3.652039617287672346e-01
5.419063534222789968e-01 -3.441989874835482688e-01
3.708821961987873728e-01 -2.439492556461675399e-01
2.447704897248126343e-01 -4.594149576730877094e-02
2.190060810239180533e-01 2.004563049713610490e-01
3.153954086823196334e-01 4.487539465752729551e-01
5.018953464955311361e-01 6.142618073658734357e-01
7.138859376665007694e-01 6.741210417592424786e-01
8.910022189914101887e-01 6.511800842413173473e-01
1.019522065790525733e+00 5.865361077137709600e-01
1.102793394364927071e+00 5.064999484479115743e-01
1.151077639997921676e+00 4.281709492256480232e-01
1.175856915775836953e+00 3.589822528109731792e-01
1.185921439647028564e+00 3.007189816849309416e-01
1.029190536445669935e+00 -1.493801620699120036e-01
1.025669879550253905e+00 -1.845296125835726997e-01
1.015729486947436477e+00 -2.292769649311954261e-01
9.943307606864104642e-01 -2.857573958385217772e-01
9.529002790358065411e-01 -3.552209216001278591e-01
8.768711518615579514e-01 -4.361572321024032028e-01
7.357592163375836769e-01 -5.137073278862303027e-01
5.092097058070244042e-01 -5.161535723934873587e-01
2.014212857671682233e-01 -3.453579833045355985e-01
9.604870880632887520e-03 -1.875370982277940746e-02
2.479887558962223792e-02 9.987288089048025619e-02
6.345924493468269034e-02 2.318606839409845244e-01
3.524251750421092400e-01 6.783075125510573677e-01
7.462321298193153041e-01 8.667879272029965776e-01
9.799526344693432200e-01 8.064375680733038010e-01
1.132009887218446975e+00 6.874925921338936874e-01
1.208881890986022167e+00 5.614564427483825781e-01
1.241077944727709825e+00 4.535744378593054016e-01
1.248963406090894956e+00 3.668503392065192159e-01
1.244293687837134676e+00 2.987666196965221843e-01
1.062047837619704005e+00 -1.463370508902794853e-01
1.068656028510792666e+00 -1.845924700429968368e-01
1.072335831098610859e+00 -2.356582483345182055e-01
1.068809998409548934e+00 -3.043545796496704980e-01
1.048804067762312275e+00 -3.961989649326236318e-01
9.948334700265848429e-01 -5.108934332832992808e-01
8.503403816024035500e-01 -6.408781117364847901e-01
1.170976509794674492e-01 -1.350821092042253646e-01
-1.140868496978808544e-02 5.446224472838157027e-04
-3.347184448457163342e-02 4.602025041580415365e-03
-2.837751612498662368e-02 1.356225761354449416e-02
-2.696081794334337367e-02 2.102608511177606054e-02
-1.682810277997881521e-02 4.605397069394778775e-02
9.412795570604925999e-02 2.020672375427257084e-01
1.108949108941625905e+00 9.490519050700296777e-01
1.314422290558623363e+00 7.617001755458030487e-01
1.356598161391854296e+00 5.875880413411560532e-01
1.354121971252354450e+00 4.531602836791481792e-01
1.333882638633848705e+00 3.539173609152590494e-01
1.308243279892230548e+00 2.809032293987923090e-01
1.095552812533234777e+00 -1.338374164147460021e-01
1.114071503990932133e+00 -1.713563915745019983e-01
1.135005877817513609e+00 -2.231812872228133848e-01
1.156684354106619628e+00 -2.960505093657372910e-01
1.172775371470136552e+00 -4.007211800661325540e-01
1.123572856957493205e+00 -5.415504282863548013e-01
1.655280467059383476e-01 2.838192123251204180e-02
-1.622560141087636687e-02 -1.320907112405289574e-02
-2.854485381771132424e-02 7.946569472158659941e-03
-3.358776581361855307e-02 1.135988437506868509e-02
-3.366784446205528525e-02 1.278220184206065729e-02
-3.325872959413556096e-02 1.547442570831919495e-02
-3.110848041031455402e-02 1.928770076142449774e-02
-1.075822287490924012e-02 3.367548747597703951e-02
1.930343690824531944e-01 1.042556884656242744e-01
1.527702802424022455e+00 7.434326236198751658e-01
1.537945537639638927e+00 5.559816820073026911e-01
1.481245954579898827e+00 4.108020548677404626e-01
1.422670874993179790e+00 3.122184592653920454e-01
1.371855135066489817e+00 2.433838563303813984e-01
1.126146273054585700e+00 -1.113753116443394475e-01
1.156510306894164009e+00 -1.433278472968257944e-01
1.195498295807172928e+00 -1.883331795259746144e-01
1.244013190321058282e+00 -2.531931424839628519e-01
1.296454628345887095e+00 -3.398096967901809151e-01
1.092107349338561351e+00 -3.620056470661059400e-01
2.630982079749766278e-02 -6.834126401495055347e-02
-3.036467008187659911e-02 7.164252135444248992e-03
-3.363597674225504708e-02 1.123720135410066767e-02
-3.431929267395494865e-02 1.210973640147883224e-02
-3.483049856702780112e-02 1.228871952987819344e-02
-3.528152078558721705e-02 1.302647523428401843e-02
-3.461787338081445675e-02 1.489338270599160907e-02
-2.759931928299930171e-02 2.031952032775952155e-02
2.726442446557841848e-02 6.016559929120424144e-02
1.391470618412902649e+00 5.561378538976913255e-01
1.726014849235971038e+00 4.261370793760987929e-01
1.599614387503625057e+00 3.134649843813996917e-01
1.501371210201017048e+00 2.382398283631537161e-01
1.426752669379649952e+00 1.855881691728811234e-01
1.150011208609690305e+00 -8.017441420044235656e-02
1.189660136860216433e+00 -1.017722529207976123e-01
1.243794261340987584e+00 -1.315722399094698680e-01
1.318144320671672975e+00 -1.769677274618719487e-01
1.382199898349246281e+00 -2.599480840088097544e-01
2.906294880555318483e-01 -1.834224722083699355e-01
-1.014175942895712002e-02 4.161222152341936820e-02
-3.206850775733183223e-02 1.873256317584948150e-02
-3.316088919866788665e-02 1.461413320969384699e-02
-3.360556501533940033e-02 1.262934404452076276e-02
-3.448650479269316227e-02 1.124893541883133577e-02
-3.588062017735565989e-02 1.067104059944923300e-02
-3.698829493370886512e-02 1.152097801372153896e-02
-3.528841709870916832e-02 1.467008192434948732e-02
-1.591599675885152498e-02 2.328740158472064614e-02
2.214388868893824025e-01 1.269304998677167617e-02
1.817290996423552185e+00 2.016243888766933168e-01
1.674096746647096179e+00 1.714558507391195086e-01
1.554163808635858457e+00 1.384991706258520416e-01
1.464450249146111549e+00 1.117034178863196558e-01
1.164135158131327508e+00 -4.333859288109032093e-02
1.207906971415396269e+00 -5.161314541167305592e-02
1.268051742222620515e+00 -5.927293534035760203e-02
1.356793549387424580e+00 -6.086439254507913788e-02
1.488849337171285425e+00 -4.316557739182824704e-02
-6.145849664614582153e-01 -5.383735362394892476e-02
1.927031467436211756e-03 2.164591799717507925e-02
-2.469790591713785094e-02 1.996485829385608035e-02
-2.982069479767339437e-02 1.573752084102320037e-02
-3.117356826918573492e-02 1.248265187015484834e-02
-3.260034095142940597e-02 9.477746242934638118e-03
-3.519205751482429312e-02 7.226865972100593449e-03
-3.833067655357326464e-02 6.903790909502105499e-03
-3.800861707458565164e-02 8.890464784027107825e-03
-1.906404541092117724e-02 4.145679337992369540e-03
3.019628969530516183e-01 -9.246790406739480161e-02
1.804317661878211076e+00 1.277371299833518492e-02
1.694584348076728642e+00 1.956476029722598042e-02
1.572705035819814023e+00 2.773413614549413708e-02
1.479638286122975765e+00 2.990045239048111370e-02
1.167517672640376203e+00 -5.104674353253457753e-03
1.209599921746410400e+00 -8.166650925378604597e-04
1.263299567477730312e+00 1.052717995433161136e-02
1.325619708417966613e+00 3.995113903875413541e-02
1.300416559397709504e+00 1.160614269598658765e-01
5.146693403736496419e-02 -1.081231914969560393e-02
-8.553217725546791161e-03 2.059283353093355196e-02
-2.167850122182485295e-02 1.695456109103710141e-02
-2.692273606899886484e-02 1.544899920207232213e-02
-2.739822578144118781e-02 1.215100880932351579e-02
-2.859945495009563743e-02 7.025500646372584423e-03
-3.240017006147261069e-02 1.945056542776990582e-03
-3.899535160547112911e-02 -7.804482393486411596e-04
-4.412492943506124421e-02 4.251517371036683812e-03
-5.472123924954441776e-03 2.257202823691795146e-02
1.177295647670736911e-01 6.715712080401559092e-02
1.808451232135593889e+00 -2.417557980745166368e-01
1.667732504666707305e+00 -1.322102874384945004e-01
1.556405309057506292e+00 -7.968696470429970091e-02
1.471528000605931030e+00 -5.037084809578873390e-02
1.161420933643574793e+00 3.083965545935374308e-02
1.198415162871679263e+00 4.433845705466010756e-02
1.242097331621199618e+00 6.595370795750010728e-02
1.290319765293225673e+00 9.875488553026556815e-02
1.344922165253901625e+00 1.161686744134993177e-01
1.345761265460460043e-01 -6.153673496139822063e-02
3.765546522086160586e-02 1.154820374873910538e-02
-2.451002930235646193e-02 8.333480139806059839e-03
-2.659123554100528697e-02 1.801061274631921005e-02
-2.143482395802642770e-02 1.346012917687156030e-02
-2.123000178776091040e-02 4.439799787103997780e-03
-2.544138458561440164e-02 -5.169209272396502186e-03
-3.498083194173440269e-02 -1.516173818747579283e-02
-5.306293813178264429e-02 -2.209709594241493491e-02
-3.498658082998040708e-02 -2.157723870687688894e-02
5.292720535922262881e-01 -3.410209113116458024e-01
1.621094477126220790e+00 -3.941881978093064731e-01
1.583215263153357366e+00 -2.479843599979592028e-01
1.510412754594489426e+00 -1.681823068634691332e-01
1.443875037181667098e+00 -1.205028607955882514e-01
1.148162378513859494e+00 6.249603206405884848e-02
1.179276335372360096e+00 8.194689937937482682e-02
1.213550965342382604e+00 1.085669670116673480e-01
1.245414414533212444e+00 1.482437926174595688e-01
1.246739581447869893e+00 2.380469205049329240e-01
7.774690813113449561e-01 2.797599517269211411e-01
-1.373365827793704419e-01 -2.611170498014070418e-01
-7.342989876471750499e-02 2.475905536061917545e-02
-2.254227965506894193e-02 3.569711124615682074e-02
-9.433245509246068750e-03 1.635935287490425383e-02
-9.395758511575591498e-03 1.993919591469922332e-03
-1.338483450457061963e-02 -1.185834091259663214e-02
-1.641203962713833064e-02 -2.483340620300200641e-02
8.374793601606533855e-04 -1.098780363539075822e-01
9.207012269141778837e-02 -4.119838177003898316e-02
1.319190838711232772e+00 -4.036371397444993292e-01
1.498859611929321822e+00 -3.966578450185309634e-01
1.491410506061114916e+00 -3.034784874860885218e-01
1.451330434744304565e+00 -2.290804169898774667e-01
1.404260447756763286e+00 -1.757502482421346990e-01
1.129765575101642217e+00 8.934919983334621563e-02
1.155731196016085427e+00 1.128331361484913309e-01
1.184123991539577370e+00 1.405347104081910992e-01
1.207013366046552072e+00 1.675270594443900585e-01
1.181114531855093075e+00 1.731784668324043430e-01
7.993589389000477219e-01 9.942681914390516518e-02
-3.451436244654826346e-02 -1.334657723468624102e-01
1.947751289247168227e-01 7.463624774473598400e-02
-1.231945981254867206e-03 1.937909225699585569e-02
5.013437274890009121e-03 7.793437754934906536e-03
4.790539637491431080e-03 5.462628222223473318e-04
1.914122337497436988e-03 -1.743585634289585018e-02
-2.642947022469255280e-02 -2.402217788674498866e-02
2.221425206082483506e-01 -2.158330907295347156e-01
9.664537630097447263e-02 -4.377951353139064583e-01
1.143793121250541445e+00 -5.209500996761928793e-01
1.413109446817369941e+00 -3.952372652725677504e-01
1.419190814546055224e+00 -3.300842111267354717e-01
1.393610717376638775e+00 -2.689781690899595290e-01
1.360003713502340172e+00 -2.169514833341268378e-01
1.107270215933064961e+00 1.114325471279720148e-01
1.128604817790253012e+00 1.390505961178289951e-01
1.155451320787121983e+00 1.709731324744923064e-01
1.193376995147650277e+00 1.988849994183694569e-01
1.264621495624327352e+00 1.795112968693635125e-01
1.432462303622996647e+00 -1.325869428844694831e-01
7.340302068255466494e-01 -5.357854680112994483e-01
-2.905819076760018937e-01 -9.235583659314372529e-01
-3.733456256528600026e-01 -8.873409578559154909e-01
-1.172831944184160591e-01 -2.923336461798137220e-01
-1.949062034807047539e-02 9.664687965289714411e-03
-5.495531874726178323e-02 3.049487230640848812e-01
-1.395974676799527359e-01 6.924370924245382142e-01
3.827200096149074859e-01 7.886163725635386701e-01
8.924085998667075081e-01 3.505523207597627255e-01
1.419101403423439489e+00 -2.885938644642871420e-01
1.390331509581628211e+00 -3.841298739725695910e-01
1.365931862160740806e+00 -3.520065350449419483e-01
1.340504579468850821e+00 -2.984858865934469918e-01
1.314605658202199212e+00 -2.476468058214598145e-01
1.081056997483038629e+00 1.281675116047598095e-01
1.096110016548572652e+00 1.603085434594531122e-01
1.117052301080356802e+00 2.018111796363619703e-01
1.153930604638693236e+00 2.583026404217969585e-01
1.237880618265640997e+00 3.611919221654824597e-01
1.284215246126858556e+00 6.787649956485963809e-01
5.006491287855641126e-01 5.911581664253140467e-01
-3.891334419661984789e-01 3.056083504534623518e-01
-2.352586180965188234e-01 1.381082391682392219e-01
-3.810449539406302044e-01 -1.542767050700505349e-01
-2.724558336571480943e-01 -2.446270372504436973e-03
-2.320731176405965712e-01 8.958812054230991251e-02
-2.165462747471713634e-01 -4.087020720486556069e-02
2.316010711613203377e-01 -1.758573747902791862e-01
1.258787879376304097e+00 -5.652471352320098674e-01
1.511084554083701459e+00 -5.544987087030017747e-01
1.362782417860555206e+00 -4.540760389968756527e-01
1.312235248241722108e+00 -3.844740040316252383e-01
1.287190486355263008e+00 -3.230720480559479135e-01
1.268176972630816746e+00 -2.701799366651713719e-01
1.052141603097536127e+00 1.381754785528510610e-01
1.058369518431367950e+00 1.728260262193437313e-01
1.065386780616957019e+00 2.203291148459829429e-01
1.073252683871814828e+00 2.920864805149436805e-01
1.070821300870097303e+00 4.187055111844739663e-01
9.797112207335900713e-01 6.508413114775446484e-01
4.511007205742600945e-01 9.262876824496535377e-01
1.992759492807971711e-02 5.667123060967649284e-01
-4.031819587803964211e-02 2.938012890389590792e-01
-9.145234228819409950e-02 7.502474676620046745e-02
-1.784265451472699660e-01 -1.325516106885257783e-01
-1.249264789709103596e-02 -3.911946535453975082e-01
-7.260122342863439826e-02 -6.445438240556938814e-01
2.315531748243770949e-01 -1.074799473913193859e+00
9.940305232609913944e-01 -1.110285776566961591e+00
1.258505821908606492e+00 -7.224630396875364458e-01
1.255831743284332447e+00 -5.162378181866000837e-01
1.239606887023112503e+00 -4.105453878494347286e-01
1.229217546210148448e+00 -3.392628890780269302e-01
1.220432768276531466e+00 -2.841957556815954966e-01
1.022819068624725158e+00 1.405034191902276852e-01
1.019642289394715462e+00 1.737450931386663733e-01
1.011481031380265794e+00 2.182898233701324742e-01
9.920627726494668508e-01 2.806364831265151238e-01
9.433835280813607227e-01 3.690654867991249866e-01
8.227406189435626516e-01 4.771250629225809448e-01
5.868279181120139576e-01 5.286853625169574133e-01
3.420743814849780406e-01 4.142433656205912751e-01
2.075595848663769338e-01 2.199663057724593473e-01
1.459710147941284397e-01 1.676097692977274178e-02
1.407734793363113468e-01 -1.956827147557874125e-01
1.961206024716410923e-01 -3.944181223176609907e-01
2.916667858579735650e-01 -6.064705718970830883e-01
5.327639672369022250e-01 -7.955361754655265738e-01
8.591735888393747800e-01 -7.903288194153823554e-01
1.059204884012359127e+00 -6.425618188995174673e-01
1.133799796198053933e+00 -5.056577645419513267e-01
1.159668932003052877e+00 -4.100934338094908149e-01
1.169736618899210878e+00 -3.413894999757061122e-01
1.173077500948429552e+00 -2.884184147020874001e-01
9.958080183418083209e-01 1.356725702795302801e-01
9.851221627014972171e-01 1.641514866566495812e-01
9.665318965779712279e-01 1.997584581022571193e-01
9.337153102796924564e-01 2.436217602315271513e-01
8.753601897094398510e-01 2.931847942362808546e-01
7.772172415340250495e-01 3.338892399323523108e-01
6.394579468765715369e-01 3.325812994050758586e-01
4.987264269839308817e-01 2.620712868685659558e-01
3.974311660563900617e-01 1.370244713414686677e-01
3.464856792864146051e-01 -1.354735634050863169e-02
3.444982618688663401e-01 -1.727112115320392771e-01
3.905791948025916227e-01 -3.284927418488642337e-01
4.884977299850201682e-01 -4.705093638730384331e-01
6.448304849014463436e-01 -5.683487965637634698e-01
8.231223012211508205e-01 -5.829386935767255640e-01
9.623496436371836715e-01 -5.287704333366738396e-01
1.045735650191998989e+00 -4.539472953770262720e-01
1.091015102506920353e+00 -3.857454397639936694e-01
1.115701845797145708e+00 -3.293865862998313077e-01
1.129220521101741426e+00 -2.831111515810080803e-01
