9.184064282893267261e-01 -8.016058435315720487e-02
9.010498302438652019e-01 -8.593001787770448985e-02
8.796799582946013274e-01 -8.964422156215290372e-02
8.540016593195942640e-01 -8.979150783098965860e-02
8.242113040071630259e-01 -8.438084339852824911e-02
7.913640875627292459e-01 -7.106073098540166555e-02
7.577628192175955846e-01 -4.750420086523932106e-02
7.271647693080529606e-01 -1.214016393806582883e-02
7.044914520539991010e-01 3.486725324604977860e-02
6.948050601786115443e-01 9.080463422828116693e-02
7.017298745868938425e-01 1.503686343497381839e-01
7.260072477317658368e-01 2.067382735950207273e-01
7.649978495051756866e-01 2.534573385651289756e-01
8.135058677903495017e-01 2.862477053218248635e-01
8.654856673840183312e-01 3.038432293623050118e-01
9.156874666055503376e-01 3.076144554581206059e-01
9.605592218371006297e-01 3.004825023581370047e-01
9.983349620231485311e-01 2.858052847069814106e-01
1.028643299751306195e+00 2.666298726487292825e-01
1.051989999813673915e+00 2.453530817754101534e-01
9.268606467285933626e-01 -9.597310551504367737e-02
9.084560181413969815e-01 -1.060324569426751573e-01
8.847030204291872479e-01 -1.147350092281440581e-01
8.546888902108995545e-01 -1.202705412583737754e-01
8.179461729703008110e-01 -1.199547052100546907e-01
7.750535592477247882e-01 -1.101913190793624153e-01
7.284549674524387619e-01 -8.683884346602277482e-02
6.832151751544923712e-01 -4.629021271613464883e-02
6.470335188004727733e-01 1.264736199652227722e-02
6.286854515628803597e-01 8.676221167102649012e-02
6.349523323479688841e-01 1.678540588446786608e-01
6.675480198213157301e-01 2.445577668231188606e-01
7.219013669662044386e-01 3.060636190456911265e-01
7.888839647472911665e-01 3.458370738050109416e-01
8.584496684092113306e-01 3.630024351827598750e-01
9.227520071126371626e-01 3.610717403975072237e-01
9.773648346694607802e-01 3.455025296831903958e-01
1.020852603447217621e+00 3.216877716288624178e-01
1.053720662682438025e+00 2.939531878535706078e-01
1.077442114046376354e+00 2.653179366344882162e-01
9.396717037689050755e-01 -1.118512637796520437e-01
9.212738181179913610e-01 -1.272482883923431451e-01
8.961491289198275645e-01 -1.426518929990905349e-01
8.624403127159796512e-01 -1.561578729431767343e-01
8.184355933372056136e-01 -1.644653557568620528e-01
7.634042799531592927e-01 -1.624302934545474031e-01
6.990903860810959713e-01 -1.430752749765429321e-01
6.316887254025083109e-01 -9.883680659955262904e-02
5.731649792319326586e-01 -2.495986900380442464e-02
5.392566224471995184e-01 7.558189179712654360e-02
5.431629816286798196e-01 1.897973788725718369e-01
5.889229550254593271e-01 2.978842927211636238e-01
6.681370431860877979e-01 3.806145081854866996e-01
7.637462525220573006e-01 4.278680600664930278e-01
8.584810696386813156e-01 4.406808419487717732e-01
9.408299727305724502e-01 4.273846067914832680e-01
1.006154459498496134e+00 3.979897081457961505e-01
1.054494603328448576e+00 3.608266142952132327e-01
1.088212648807229677e+00 3.216634727912293101e-01
1.110401205554938375e+00 2.839419447063318280e-01
9.575410302301468057e-01 -1.265286665207376871e-01
9.408332774338945548e-01 -1.481174895650672063e-01
9.163022623199479355e-01 -1.719348523668351447e-01
8.808471569379050514e-01 -1.964561909642026372e-01
8.307602264855873386e-01 -2.182540638031871261e-01
7.625614018463533483e-01 -2.307460177702158610e-01
6.752690574677888691e-01 -2.230695522085679450e-01
5.744808695768854889e-01 -1.804998937144342008e-01
4.779779336888223540e-01 -8.926545970338817249e-02
4.153054632877628549e-01 5.057454740376582381e-02
4.128638920792493394e-01 2.175215222652268632e-01
4.806625574888667707e-01 3.766353016259549324e-01
6.023406052035262803e-01 4.901626241902756753e-01
7.437388344669515483e-01 5.431372271900425375e-01
8.741668072140273971e-01 5.425738979032246334e-01
9.779703827755170664e-01 5.079082777310439667e-01
1.053082354204544213e+00 4.567001044318530489e-01
1.103343201218409675e+00 4.008112566531729648e-01
1.134487439373521589e+00 3.471310884662459628e-01
1.152034116374196504e+00 2.988645925133748271e-01
9.807986380722999442e-01 -1.382393758369504511e-01
9.681357587005523513e-01 -1.663199114266489254e-01
9.473717148628169049e-01 -1.997452458022475064e-01
9.141190644211483196e-01 -2.381662180304333631e-01
8.620628726063683800e-01 -2.792393361434553078e-01
7.829412306430283408e-01 -3.162245004135000315e-01
6.691304720614033030e-01 -3.340039864803745484e-01
5.201735242836802442e-01 -3.074816394047996670e-01
3.568440505770431592e-01 -1.995134965967776397e-01
2.399200906189147275e-01 -1.463284901578876251e-04
2.234297867337953214e-01 2.459924717148136430e-01
3.297232170142416763e-01 4.961042835165621612e-01
5.249426797363510033e-01 6.536944278162459820e-01
7.436181884001125120e-01 7.057851663719161284e-01
9.217346716718388677e-01 6.723548245565114101e-01
1.046420719863341287e+00 6.006936941442586608e-01
1.126212280342699934e+00 5.171577220714640433e-01
1.171843584587792808e+00 4.366472360070994263e-01
1.194498561164463180e+00 3.659920148414963492e-01
1.202850278335474421e+00 3.067006563328500413e-01
1.009083055774537829e+00 -1.448139874956400064e-01
1.003315732304281838e+00 -1.786672383516596518e-01
9.906612562949967948e-01 -2.215531197618081372e-01
9.659713534302172278e-01 -2.752443319418262924e-01
9.206503316075365095e-01 -3.403263781607335225e-01
8.402856713318151982e-01 -4.137422985601046932e-01
7.007304620726084732e-01 -4.768638615372744471e-01
4.921449559639334836e-01 -4.782366208279809072e-01
1.951933059373878177e-01 -3.092035030496120829e-01
1.075539651776979966e-02 -1.803683419888402195e-03
3.024103307832870513e-02 1.202765095801361372e-01
2.749081572305689392e-02 2.711502047812211491e-01
3.638505980645345694e-01 7.238758542128415074e-01
7.909499308941925211e-01 9.086340574799500747e-01
1.022733478929609419e+00 8.195235676267897951e-01
1.162158150078211882e+00 6.969407340438760201e-01
1.234699139224167963e+00 5.689561790195396540e-01
1.263423611390268597e+00 4.594790740068921409e-01
1.268657710857286069e+00 3.718265409683829681e-01
1.261977119170337724e+00 3.031261289433007100e-01
1.041025918507287873e+00 -1.439908314917737187e-01
1.044988498158399004e+00 -1.814541121964574621e-01
1.045325594863736329e+00 -2.313598846364195438e-01
1.037382072396114685e+00 -2.982811448640032559e-01
1.011477399057478799e+00 -3.869705875332352107e-01
9.512552753237069059e-01 -4.978886059080234183e-01
7.684375663793452382e-01 -6.210870133963108941e-01
8.517327406160513092e-02 -1.271523898617210602e-01
-1.422999265736635266e-03 -1.610579222258545773e-02
-2.714135847411869307e-02 -1.057400931817276124e-02
-2.532468080949867861e-02 -1.770168196736062252e-03
-2.673609552229061492e-02 1.019871967564422999e-03
-1.032426398618335739e-02 2.356712548255424089e-02
1.405738867174366469e-01 2.113219453500492229e-01
1.124068527050430255e+00 9.404364539530130074e-01
1.349309653281266508e+00 7.708269061862216276e-01
1.384572641026273754e+00 5.907169740355611154e-01
1.377258703121743144e+00 4.559073233308486017e-01
1.354072427805185219e+00 3.566025340129885812e-01
1.326299163600521691e+00 2.834901212142360016e-01
1.074099786791137268e+00 -1.339695387425487993e-01
1.089744356254289670e+00 -1.713219965246093324e-01
1.107052925870144477e+00 -2.228746817621463094e-01
1.123961844987991121e+00 -2.956204859975342103e-01
1.132066822547793672e+00 -4.006341974950333729e-01
1.071925552470124332e+00 -5.394270563961511833e-01
1.424720455944628039e-01 -1.394449163232980293e-01
-2.319405668298468726e-03 -4.557881877354286182e-02
-2.187632472572365039e-02 -1.379549458643658522e-02
-2.879339942315262135e-02 -7.023113881262088576e-03
-2.987490836704576047e-02 -4.794461426558280746e-03
-2.920704203711932401e-02 -3.275160696108170288e-03
-2.530741889720689031e-02 -1.398763771055522298e-03
5.764951523540284839e-03 5.858810319729901295e-03
1.500237264803072623e-01 1.610650483227360485e-01
1.559190971120723024e+00 7.305251202948936928e-01
1.563887262018036628e+00 5.531484666049180099e-01
1.503802267377045032e+00 4.106417475049473076e-01
1.442763111703853518e+00 3.126695160006764951e-01
1.389874987098366654e+00 2.441850136774492697e-01
1.104826756643188412e+00 -1.141007049763498316e-01
1.132246092482543265e+00 -1.465740424234485140e-01
1.167512807403636055e+00 -1.920593822591243338e-01
1.212131111543693907e+00 -2.572854167401783521e-01
1.263614691884088481e+00 -3.484869053161077090e-01
1.077179343566161851e+00 -4.397854515259336239e-01
4.178168340307930606e-02 -5.860123094655000919e-02
-3.444582194667811237e-02 -2.019703600113498254e-02
-3.249716037453109774e-02 -1.083152128329656350e-02
-3.168357332943294580e-02 -6.569884808545478627e-03
-3.125476130557469645e-02 -5.068682924789770505e-03
-3.032594873591143436e-02 -4.215318620043873032e-03
-2.732163880829419078e-02 -2.714821068598438636e-03
-1.807633266058927823e-02 3.118494510309099965e-03
3.541335145176072174e-02 3.004375914550605486e-02
1.417505117775049062e+00 4.983341080938719081e-01
1.747298995528858923e+00 4.296783964326422733e-01
1.622342396933343034e+00 3.117111215459500428e-01
1.521091237754058634e+00 2.365045663667975084e-01
1.444331823274422222e+00 1.846658919602206517e-01
1.129448621440433120e+00 -8.543587826674414742e-02
1.166293401210736214e+00 -1.083657698732132246e-01
1.216401877786827068e+00 -1.398346495307078996e-01
1.284300830801377469e+00 -1.854855831057600213e-01
1.352117302990325065e+00 -2.549077369091490297e-01
3.927662758723107772e-01 -5.416345721932502855e-02
-4.815812449664141903e-02 7.324401287944759531e-03
-4.060012085372793900e-02 -3.264851826473291752e-03
-3.554452846602329519e-02 -4.200320498195520003e-03
-3.281798329690471805e-02 -4.345121478336599896e-03
-3.166414658652694225e-02 -4.635435857752559334e-03
-3.110743222019429766e-02 -4.561497763612143430e-03
-2.977599450301487982e-02 -3.229567317098447354e-03
-2.493292879145625474e-02 1.624538278977016859e-04
-5.386250431996253418e-04 7.519285696993005530e-03
3.006505289909292000e-01 7.377051966882541834e-02
1.861249027734424466e+00 1.822214800311905414e-01
1.697419454308608522e+00 1.632385732388930144e-01
1.572553875759524766e+00 1.341404995948791701e-01
1.481044542584340373e+00 1.092698693652449649e-01
1.144944535842150835e+00 -5.081968150658422445e-02
1.186539179045739800e+00 -6.117412972464597587e-02
1.243802141339938716e+00 -7.243031004771083303e-02
1.326827113918700007e+00 -8.364051676608585950e-02
1.430701297232965130e+00 -1.166619841524085821e-01
-4.753317963858589845e-01 -1.653252901848034639e-02
-1.059830253076756920e-02 1.450822062479706354e-02
-3.351454380246178533e-02 6.314022230176075112e-03
-3.320719042167607354e-02 1.158738019127469876e-03
-3.125887082482507739e-02 -2.005628238279655307e-03
-3.055362872449471703e-02 -4.496827180417366059e-03
-3.122380693488537723e-02 -5.857782101895969706e-03
-3.197924922069714238e-02 -4.990988947341512549e-03
-2.871156144924520356e-02 -1.633908693946528601e-03
-8.503616848191321298e-03 -1.503239919449228523e-03
2.753940683977116888e-01 -4.492306823434821794e-03
1.823634773888473948e+00 -3.968890135800373642e-02
1.707348945140196195e+00 7.083457134853254900e-03
1.587778247255531294e+00 2.241379843435975516e-02
1.494820117617886135e+00 2.670749961620533242e-02
1.150088404445271939e+00 -1.424080663995130891e-02
1.190863702968973925e+00 -1.219006790058374534e-02
1.243861739957080603e+00 -4.026108321029120418e-03
1.310469298359512313e+00 2.237234319054870468e-02
1.334361625477465285e+00 1.406838400617527185e-01
-1.929204268502626718e-04 -4.533882850388470942e-02
-2.373658614088974828e-02 9.556682728516507908e-03
-2.851055605345209631e-02 8.498584110250284596e-03
-2.913838787983652479e-02 4.510043265477103880e-03
-2.725945707072907620e-02 -2.376624786112890853e-04
-2.719317269789411906e-02 -5.433347120902779805e-03
-2.980844922314457301e-02 -9.342122228750693314e-03
-3.444475440710303982e-02 -9.928673399905441066e-03
-3.593179878053687215e-02 -2.636846213378563064e-03
7.046831248697371652e-03 9.755056623809155170e-03
3.544966226893528360e-01 -5.028863347357193092e-03
1.789552692196414885e+00 -1.670248544211117014e-01
1.676429699500113779e+00 -1.299922691774035854e-01
1.569969476367111705e+00 -8.289277573351849782e-02
1.485749731745150681e+00 -5.351965519378998337e-02
1.145812103142392235e+00 2.060126690651697956e-02
1.182028437447991021e+00 3.209105893624997208e-02
1.225287305337588339e+00 5.137573088432434432e-02
1.271162931234891991e+00 8.155338270335876771e-02
1.286533453777110481e+00 8.235078489589708894e-02
1.841566531662686135e-01 -9.963965674384844817e-02
2.141039124235522007e-02 2.224963669836488300e-02
-2.599422468866408042e-02 5.702591372805931869e-03
-2.558094133009169990e-02 9.355035703105252232e-03
-2.002487947442288529e-02 1.734211972325150342e-03
-2.043424636719692877e-02 -7.783466609680612588e-03
-2.501349902409910619e-02 -1.569914059011912055e-02
-3.392829890553672456e-02 -2.226841182107253125e-02
-4.868722817033155348e-02 -2.439873724382257691e-02
-2.636819329766615372e-02 -3.913160955710814903e-03
5.916850423710640072e-01 -3.194007759595141049e-01
1.675520750829907923e+00 -4.164513563960858811e-01
1.604385823338088546e+00 -2.503962258348702008e-01
1.525264731535679763e+00 -1.715798201416474100e-01
1.457767644898996684e+00 -1.237909621574506680e-01
1.134276033662481309e+00 5.150811689396350701e-02
1.164819885138219657e+00 6.919135873594717268e-02
1.199034180305872388e+00 9.408740091088274582e-02
1.234206875792220881e+00 1.313730489651598887e-01
1.271213711578894623e+00 2.157002618227821245e-01
5.999155109896114890e-01 1.049275696782459022e-01
-2.231911751989501536e-01 -2.993317369965897701e-01
-6.835927953074083518e-02 3.008307082154271228e-02
-1.554734892569187288e-02 2.787866902177527084e-02
-5.934605573524320832e-03 2.412480316429932437e-03
-9.490727805374632453e-03 -1.220226443274321712e-02
-1.631622373707730667e-02 -2.336278081772946713e-02
-1.889541045210663128e-02 -3.138286495528497255e-02
7.458713312897824466e-03 -1.279740993845368546e-01
-1.220265367828254899e-01 1.451005879980649116e-01
1.263872010452984362e+00 -4.157732525431134807e-01
1.503977748931992764e+00 -4.274921812783150088e-01
1.505827413125159220e+00 -3.142834939515259940e-01
1.464974224895618793e+00 -2.342257180877793665e-01
1.417574503252734264e+00 -1.793968291839997953e-01
1.117551954879150156e+00 7.778039372397849149e-02
1.142880178257544843e+00 9.949640177175478328e-02
1.170232254029842656e+00 1.260582162979639875e-01
1.191380789424981712e+00 1.562581583255773232e-01
1.157299526324352401e+00 1.841862730633603285e-01
7.545785236638113957e-01 1.933446067026745041e-01
-1.860464575784015473e-01 -4.814831201801594851e-02
1.181019543135197747e-01 -3.881895508444865861e-02
3.693019992727086809e-02 -1.217775377325869268e-02
7.204889035368200467e-03 -1.101768415711912308e-02
3.593468678069200450e-03 -1.867973300041018969e-02
-6.134341135249909982e-03 -3.336573220745014945e-02
-3.830516058004773683e-02 -2.600883876984982912e-02
2.025507018406580428e-01 -1.195929577361798390e-01
4.785296776031122690e-02 -3.960518804670942750e-01
1.288557553540555789e+00 -5.321334984608949714e-01
1.415398497052380300e+00 -4.074586374771005381e-01
1.426828377437889817e+00 -3.372259008121880619e-01
1.404996885050054933e+00 -2.732968867758689413e-01
1.372619554445717593e+00 -2.203560315186137153e-01
1.096873115985337321e+00 9.944913150287559844e-02
1.117729924905197514e+00 1.248094672255040116e-01
1.142782497303924671e+00 1.538306081533891145e-01
1.173329649749950132e+00 1.781818012418434627e-01
1.213845151451609095e+00 1.608089083522323826e-01
1.275081428574702525e+00 -9.258619386143251972e-04
8.356075916956751115e-01 -6.668520704152569589e-01
-2.808076925773606014e-01 -8.728887427495046758e-01
-3.226813267480499459e-01 -8.247361235079841979e-01
-7.399466196057580269e-02 -2.026260674550281471e-01
-2.495684605752557239e-02 1.403556393044212876e-02
-6.316373533440278187e-02 2.899242593250436761e-01
-8.047903427687019828e-02 6.291651620966776104e-01
4.911455233317640889e-01 7.319775273947337624e-01
8.920749184060983161e-01 1.267951025368707629e-01
1.305627733001117896e+00 -2.729499424653281103e-01
1.380260341631058818e+00 -3.824755874812635348e-01
1.372054397448043694e+00 -3.519455193597420539e-01
1.351613121680479424e+00 -3.001979473171734192e-01
1.327270796659174579e+00 -2.503007589307215675e-01
1.072681147819163350e+00 1.162191737852102946e-01
1.088139031563484238e+00 1.457601575611922051e-01
1.109405834786096889e+00 1.826582608980831246e-01
1.146165931967659812e+00 2.278115264311653121e-01
1.235956314498489750e+00 2.843957078704817398e-01
1.484153143355393389e+00 4.991951126056226595e-01
5.767243211977657324e-01 3.864218660810758710e-01
-5.300535416067364558e-01 3.164421646457471482e-02
-2.750419197962639117e-01 1.781639841132443003e-03
-3.793234550015700535e-01 -1.379180394174728264e-01
-2.765053944839501732e-01 4.774162472043100985e-03
-2.131972199226583875e-01 2.564145916110066592e-02
-2.333139852493926192e-01 1.798820759995206631e-01
4.195784122656931459e-01 1.202229825139067287e-02
1.388696245389731132e+00 -4.595917489666223599e-01
1.500233357298819126e+00 -4.831378529288754553e-01
1.370138307068067274e+00 -4.297612182486676424e-01
1.324391320038209585e+00 -3.780233980228975277e-01
1.300804273643967335e+00 -3.228941014880515326e-01
1.281937199602212196e+00 -2.724815452427420404e-01
1.045664441104923181e+00 1.269551252126954743e-01
1.053333198494834644e+00 1.595256924750443339e-01
1.063301385531569831e+00 2.037340810502219490e-01
1.078892054381941357e+00 2.699914013503867949e-01
1.101116452821353509e+00 3.945979075696715022e-01
1.025179889870633243e+00 6.839871275673092832e-01
5.794967451209687148e-01 8.783262541143033175e-01
-1.900591652806205012e-01 5.701016490838017869e-01
-1.430867126113755106e-01 2.417614832755965448e-01
-1.382429984403787948e-01 2.951169308788026413e-02
-1.997177108880721086e-01 -1.483365730786433134e-01
-1.082830079692809200e-01 -3.606305091165820653e-01
-2.545288648605126269e-01 -5.997549253364697908e-01
1.874182237313792854e-01 -1.064187276229453527e+00
1.147503168172376853e+00 -1.099500531998626185e+00
1.341649941565334903e+00 -6.760692259700662454e-01
1.288897787782927740e+00 -4.988393934495394255e-01
1.260968976904397465e+00 -4.060232313052281050e-01
1.246477059551087674e+00 -3.401283997614945598e-01
1.235709724272651133e+00 -2.873397375020991795e-01
1.017677730783344003e+00 1.305339244921688291e-01
1.016327191573112021e+00 1.627476362627056083e-01
1.011503408687410843e+00 2.064717679643890413e-01
9.983159383089779126e-01 2.696986810075929775e-01
9.587818811793780149e-01 3.663306064574256560e-01
8.382371629347251663e-01 4.966205221035424611e-01
5.761354189762046829e-01 5.730228965108608019e-01
2.804144284665577302e-01 4.510081203286708806e-01
1.395102279396920331e-01 2.175794558003724122e-01
9.305976625523237900e-02 -1.547613082690801889e-03
9.267900488201696874e-02 -2.125709953799654051e-01
1.249469543177528230e-01 -4.183589153822808715e-01
2.046877547242598183e-01 -6.755700470365794130e-01
5.009887163106863106e-01 -9.182482319598994636e-01
9.200072174641182876e-01 -8.744269751945132896e-01
1.121637803645005871e+00 -6.638841768274106325e-01
1.172164097504464486e+00 -5.102621197887202698e-01
1.185105630179357217e+00 -4.136760767873104427e-01
1.189085692445865927e+00 -3.458884399792405695e-01
1.189285236735555529e+00 -2.935524592450056147e-01
9.913011873643462479e-01 1.270410365669261132e-01
9.821641782850187852e-01 1.553690365142457175e-01
9.658773512728369148e-01 1.916204962687628743e-01
9.360153353016142930e-01 2.380941625621169067e-01
8.795653700348848858e-01 2.940807190190786180e-01
7.774821760641081880e-01 3.450469486129459362e-01
6.255621808983469201e-01 3.516040874543091554e-01
4.661028509514153484e-01 2.766672707922690488e-01
3.553189410502310963e-01 1.370449241971177790e-01
3.040878478103570259e-01 -2.637934004714070912e-02
3.020385125490032685e-01 -1.949508401852185491e-01
3.461811427166794353e-01 -3.644671246428787814e-01
4.521253479709086420e-01 -5.282107790945389514e-01
6.377766677277296736e-01 -6.398372319443590417e-01
8.485084589761804352e-01 -6.409160682596926062e-01
9.976061787551881999e-01 -5.616367084163587098e-01
1.075893757652968130e+00 -4.712714917048432817e-01
1.114559312217882070e+00 -3.967099107040872319e-01
1.134631529123346638e+00 -3.379551362309185514e-01
1.145237494471089690e+00 -2.906333128390303777e-01
