9.072195481907141534e-01 -6.893596233433552101e-02
8.899363163963047718e-01 -7.350507928538752012e-02
8.687859937505937324e-01 -7.590782594128597793e-02
8.435158379833018749e-01 -7.463541340235302357e-02
8.143807390573321037e-01 -6.771005014650999243e-02
7.825125828038936859e-01 -5.282089796123212722e-02
7.502939619902160295e-01 -2.773297869437252317e-02
7.215247541273051013e-01 8.970228413786029975e-03
7.010835551578731284e-01 5.693356711543862136e-02
6.938840957211156457e-01 1.132758440175907211e-01
7.033179390850508028e-01 1.726119708734900893e-01
7.298693913805553990e-01 2.281740910117177612e-01
7.707177285843558323e-01 2.736924948626306975e-01
8.206349099097520750e-01 3.051164464141764565e-01
8.736560035684348691e-01 3.213349126845133075e-01
9.246279308215910042e-01 3.237779134828722150e-01
9.700626119298649819e-01 3.153792487022366586e-01
1.008231931765455336e+00 2.995008364801221568e-01
1.038791110879386803e+00 2.791947003040817776e-01
1.062268515801474411e+00 2.568631704981760855e-01
9.144640311454454995e-01 -8.479773775387222656e-02
8.960032033415354924e-01 -9.352884716372411589e-02
8.723358383493362567e-01 -1.007546247034230014e-01
8.425925151147817260e-01 -1.046521338394801326e-01
8.063774699741044216e-01 -1.025217487046048426e-01
7.643916889970747697e-01 -9.077622308641508653e-02
7.192461913922576500e-01 -6.536719860798845261e-02
6.761415876912435508e-01 -2.291995109902522643e-02
6.427587951858471094e-01 3.742347035779358677e-02
6.276543604727957693e-01 1.121456560585049056e-01
6.372314745330598384e-01 1.928699888915752503e-01
6.727283422390684109e-01 2.682952919771500189e-01
7.292301984173588103e-01 3.279927066191723473e-01
7.976332959650322962e-01 3.658941051657860211e-01
8.681530987396524068e-01 3.813466082958205661e-01
9.331372585128860919e-01 3.778536182174541125e-01
9.882304606908953737e-01 3.608305843721715256e-01
1.032027194146973859e+00 3.356568091034772827e-01
1.065056389153162808e+00 3.066577349884758164e-01
1.088813791758971306e+00 2.768567188915271871e-01
9.259517988976462277e-01 -1.008683750121752709e-01
9.073343614208151386e-01 -1.148157648740366632e-01
8.821186003190462088e-01 -1.285886227364496648e-01
8.484741780781157594e-01 -1.402550597266083443e-01
8.047473588994735749e-01 -1.464471956687685150e-01
7.503723458511868394e-01 -1.419348243279383581e-01
6.874223429176939959e-01 -1.197647978198124186e-01
6.224695359766374558e-01 -7.271156325328154146e-02
5.675417555318484908e-01 3.335530380295104180e-03
5.380128311891940740e-01 1.048726961550686121e-01
5.465414456065698090e-01 2.185390647389465757e-01
5.962160617144918184e-01 3.244586060805429439e-01
6.778192432503371556e-01 4.042545011992143555e-01
7.745542016039097533e-01 4.489318696643840312e-01
8.699848790906750118e-01 4.597408633462296557e-01
9.528806006336876244e-01 4.446814948903266007e-01
1.018573122006101173e+00 4.136482515047346098e-01
1.067110200305210199e+00 3.749656770940523742e-01
1.100873531312076548e+00 3.343994366585212319e-01
1.122976018250829711e+00 2.953976056454732380e-01
9.423893062386601294e-01 -1.159140150665338709e-01
9.252671821721136780e-01 -1.359389086546736181e-01
9.004409253956868753e-01 -1.579922647491049936e-01
8.647956853314875403e-01 -1.805345056353635513e-01
8.145874438842248821e-01 -2.000165777176809989e-01
7.464590551331107271e-01 -2.095510645237363967e-01
6.600028713432948280e-01 -1.980030011343536511e-01
5.618510056735437352e-01 -1.509897094941181628e-01
4.701979175742376782e-01 -5.631254721110645622e-02
4.134912756056241534e-01 8.521566493738225168e-02
4.179949469917043636e-01 2.516758857792664172e-01
4.916600734667264661e-01 4.067779461275430886e-01
6.156046921097391156e-01 5.149388482125766275e-01
7.568244215973596312e-01 5.646519842527775168e-01
8.876388306372406944e-01 5.622159824408767825e-01
9.919256614265625771e-01 5.255942617506637049e-01
1.067253877382632332e+00 4.725514194604696350e-01
1.117574080416456894e+00 4.149882407006022511e-01
1.148622336188487303e+00 3.597590168617426087e-01
1.165926439690176952e+00 3.100925710129742718e-01
9.641088349110704669e-01 -1.282065871454740602e-01
9.508006758199072372e-01 -1.546029199728105041e-01
9.295392453536721611e-01 -1.861273280822062226e-01
8.958953478777909041e-01 -2.225129998893948802e-01
8.432696909495418502e-01 -2.613787169951620193e-01
7.630935779236502903e-01 -2.952933875690466614e-01
6.485886302221044453e-01 -3.080527471117577853e-01
5.012676390716208630e-01 -2.738538414858349146e-01
3.461804301114335125e-01 -1.605517731506833634e-01
2.364830390930361403e-01 4.053566630204896715e-02
2.311119624017976548e-01 2.888943607870264052e-01
3.472559858282520118e-01 5.308058135338700190e-01
5.438324494633950401e-01 6.758430921906616318e-01
7.574960516923345821e-01 7.274012584375966206e-01
9.376083552850511538e-01 6.929356328655777997e-01
1.062639437070267423e+00 6.184656868680415975e-01
1.142295990106478865e+00 5.330167763889770427e-01
1.187885247444306902e+00 4.507139993440190118e-01
1.210279905178295312e+00 3.783301385121329297e-01
1.218177722082534054e+00 3.175098263164577439e-01
9.907464482079086920e-01 -1.356358696250969942e-01
9.840273219077155797e-01 -1.676576652635852760e-01
9.706612658833868590e-01 -2.084032729747886670e-01
9.456177577314450744e-01 -2.599025658108611303e-01
8.998737825419833580e-01 -3.233676422372244730e-01
8.166397238494960131e-01 -3.952375231508820086e-01
6.733202780101277263e-01 -4.519023188510618017e-01
4.620602873996937365e-01 -4.506598913014414620e-01
1.895951185319366683e-01 -2.782965744522497564e-01
1.168487535511908426e-02 1.267115070986951642e-02
3.138920228520358791e-02 1.189135302186449389e-01
3.491899643567442091e-02 3.041014920876219940e-01
4.060823923031564586e-01 7.493800794744875926e-01
7.997460125857080993e-01 9.322862911684381970e-01
1.045973424426706044e+00 8.400328652709887489e-01
1.179938326597136378e+00 7.134410285798886697e-01
1.252689406381751747e+00 5.849363341469659971e-01
1.281611613715252229e+00 4.732857912127608202e-01
1.286302696291259373e+00 3.836013625364032009e-01
1.278847437712569146e+00 3.132526902257426471e-01
1.020948104082949337e+00 -1.360478779519169734e-01
1.023477642978865010e+00 -1.715305310003589767e-01
1.022670257303263108e+00 -2.188507043036214128e-01
1.014441174733829998e+00 -2.827176593821967288e-01
9.902006423829634585e-01 -3.690455842170736744e-01
9.316853274536618379e-01 -4.864190675596913316e-01
7.212520696926116859e-01 -5.887237553356139408e-01
7.873181096797021716e-02 -9.230825022673472269e-02
1.168228876469168398e-04 -1.311552782854552568e-02
-2.356144767176826527e-02 -9.584811912346780094e-03
-1.814510732199736687e-02 -2.586184051678264584e-03
-1.182421639626896059e-02 1.591741013097225377e-03
1.394623831185382024e-02 3.865941992642341063e-02
1.419116057587832547e-01 2.001244460392093139e-01
1.156436953644878196e+00 9.335001713547474989e-01
1.361012581784433184e+00 7.936320263978724476e-01
1.406515563600266860e+00 6.077785071869379330e-01
1.398294122692451680e+00 4.688496049221457795e-01
1.373768929397682914e+00 3.673287405612191137e-01
1.344760658571889644e+00 2.925764936645713910e-01
1.052283037168489255e+00 -1.278037920194341481e-01
1.065738638064543276e+00 -1.631872185982108370e-01
1.080865743002403789e+00 -2.117128222440856078e-01
1.096369992228550139e+00 -2.798903698431165488e-01
1.105168806203026710e+00 -3.782566155332300895e-01
1.054258308262969734e+00 -4.896579060678640793e-01
-9.197781071041855050e-02 -3.623566450017157159e-02
-5.184954222623439080e-03 -3.945675932307546319e-02
-1.951809186226727277e-02 -1.025747683409294897e-02
-2.439430683217280738e-02 -4.339442947209615209e-03
-2.308595978805505489e-02 -1.923516060925124652e-03
-1.980552053518325195e-02 2.352408995305588224e-03
-1.680937823577921542e-02 1.139420587590977973e-02
3.545603637045147138e-04 2.063860271023454374e-02
2.805697417297270402e-01 3.305468945863088148e-01
1.627333565359613265e+00 7.494887120441795503e-01
1.592108144283477689e+00 5.633859923849970919e-01
1.527283111692486761e+00 4.212310381555561811e-01
1.464412567680018373e+00 3.217611577090573327e-01
1.409857785664044849e+00 2.518162524298794835e-01
1.081533619514820632e+00 -1.103924444437298646e-01
1.105808777201063853e+00 -1.413713656516368822e-01
1.137112240528055374e+00 -1.840749967668053877e-01
1.177385623911166856e+00 -2.437959060968575287e-01
1.226906355007850058e+00 -3.259822037833859376e-01
1.022425672503596283e+00 -3.516877557801834087e-01
3.973345127585625747e-02 -8.100081376790635446e-03
-3.222702175563529892e-02 -1.163913754564815939e-02
-2.867995467889128403e-02 -5.823351787276886959e-03
-2.692970831729646353e-02 -2.488065539764938716e-03
-2.556023395836604095e-02 -6.719741060563278780e-04
-2.427910349876438723e-02 1.727113497728971492e-03
-2.291930933815522486e-02 5.256758409064032911e-03
-1.746510970068115842e-02 1.089776881748494297e-02
2.809724477145891797e-02 2.738525246496537058e-02
1.458877956697579581e+00 5.033879154502285402e-01
1.768728869536016601e+00 4.418399812822748629e-01
1.647496557413252960e+00 3.212039919349285455e-01
1.544660268330289687e+00 2.435514807886929312e-01
1.465656081789532994e+00 1.903838870972385244e-01
1.105356089460267643e+00 -8.480431408579125474e-02
1.138326947173807335e+00 -1.073964732697518798e-01
1.182618893464276066e+00 -1.379565861103171365e-01
1.241070763098296670e+00 -1.805053269322187681e-01
1.289595467077941926e+00 -2.379347497712691606e-01
1.750753365041940457e-01 1.366812105977122105e-01
-3.818834505764812093e-02 1.886670482234009683e-03
-3.372875821012616404e-02 2.368626602423651306e-03
-3.039751959080516652e-02 6.398326413109556299e-04
-2.787256598055232182e-02 1.034831543050840352e-04
-2.666445242686665829e-02 3.405911390380535371e-05
-2.635986490888003742e-02 7.823129821910024262e-04
-2.594645247598753590e-02 2.632945354630877866e-03
-2.225201863846754113e-02 5.385898476819583891e-03
4.920679154120644050e-03 9.974728703298074706e-03
3.992646454233689246e-01 1.234012778780213537e-01
1.902307561568032934e+00 2.088419019043064040e-01
1.728846486382791259e+00 1.691356948363531565e-01
1.598039765759711184e+00 1.377675803673938937e-01
1.503245150959474641e+00 1.125175314145865357e-01
1.121079814538270991e+00 -5.347888744741347011e-02
1.158912316264651077e+00 -6.501065051694121522e-02
1.210428822486413036e+00 -7.864417837550652379e-02
1.282183419018690484e+00 -9.542749310358811243e-02
1.348144500838888149e+00 -1.186818359132435496e-01
-4.110568291814080677e-01 -5.233167844584274420e-02
7.617731374413730470e-04 1.595093241898659642e-02
-2.745901538404130551e-02 9.566080769823903651e-03
-2.794483418094261332e-02 5.226817604773170700e-03
-2.634986480698217962e-02 2.209416545030373769e-03
-2.594716876332653702e-02 -6.988156283208225459e-05
-2.699592516060204603e-02 -1.036770769467232345e-03
-2.813941817630188913e-02 6.613122370879853662e-05
-2.544380969757575189e-02 2.978785218333834806e-03
-8.286835797844187626e-03 6.307520849669900898e-03
7.413539396224441691e-02 4.595175371851611956e-02
1.866591435119172804e+00 -7.162245931646049613e-02
1.737915842971955671e+00 -1.804785792902663388e-04
1.612655261698914266e+00 2.138228791025653663e-02
1.516886263609405150e+00 2.732002454613580156e-02
1.127437908938174083e+00 -1.981358072363104128e-02
1.165407363015459330e+00 -1.994049397074482144e-02
1.215271238570856838e+00 -1.578057850431635600e-02
1.281360732521895640e+00 1.376842843592296362e-03
1.347341514837648857e+00 7.951211968241000960e-02
1.343765964005066982e-02 -1.224946084790090595e-01
-2.450708914104593461e-02 6.357420779419253876e-03
-2.465202066755961541e-02 1.172511716599378140e-02
-2.416912837453905061e-02 8.372230953836434786e-03
-2.243747855310118666e-02 3.587647375323799182e-03
-2.287753735109698816e-02 -1.492618561478730073e-03
-2.606568144371990137e-02 -4.965226006560241601e-03
-3.076484273898671962e-02 -4.782286623356002409e-03
-3.024805079607034708e-02 1.844243696752512207e-03
1.099446715021268339e-02 -1.220318869999958977e-03
3.065348490538050141e-01 -8.578576499221002294e-02
1.768527710144890408e+00 -2.061163718749403628e-01
1.693896166112348611e+00 -1.365784089437704907e-01
1.591974910476200877e+00 -8.560280575012679805e-02
1.506932210903589864e+00 -5.478978734994033317e-02
1.124934925322301105e+00 1.283468623122452357e-02
1.159346733034099408e+00 2.195325840214090718e-02
1.201128835211971335e+00 3.790960230677153930e-02
1.245651553121515542e+00 6.536382717383881769e-02
1.227365453299218867e+00 8.094149801563643720e-02
1.210190266805299952e-01 -9.035478399554985884e-03
1.749950194541105564e-02 3.452525447618315368e-02
-2.107309016307346017e-02 1.209687404193360294e-02
-2.001254195029278371e-02 1.328447668348109456e-02
-1.503329828167143667e-02 4.970658210651790476e-03
-1.630945748964995889e-02 -4.641523991856496070e-03
-2.200081150813437691e-02 -1.222841442373445719e-02
-3.245928091528460513e-02 -1.707732361780678332e-02
-4.393260800860443460e-02 -1.335891615488193906e-02
1.938315353422870313e-02 4.137603611930273928e-02
7.620542795156054483e-01 -1.315843363717317249e-01
1.734320352637239049e+00 -3.517217800742300504e-01
1.628628906493732487e+00 -2.467301897687668166e-01
1.547179332761797088e+00 -1.742383959979432184e-01
1.478277493746748439e+00 -1.263718235038324700e-01
1.115313234680093135e+00 4.221572554659047682e-02
1.144699975153572469e+00 5.769767618617027694e-02
1.178261781810723274e+00 7.985269887010204570e-02
1.214332095540645584e+00 1.122452650380600936e-01
1.260343191004681396e+00 1.643554429662086314e-01
6.106309609242233094e-01 -2.531512572513161530e-02
-2.746834250915708431e-01 -2.834758395778735895e-01
-5.896595932544768104e-02 4.197088614736887990e-02
-8.575130660664065374e-03 3.163584365539262588e-02
-5.684588144461155679e-04 4.561937618073885758e-03
-5.358037844499508040e-03 -1.012717677351473652e-02
-1.339011021216696129e-02 -2.163404124952694740e-02
-1.845863577092599073e-02 -3.035580134570170507e-02
6.609911479473762341e-03 -1.400122944359805111e-01
-9.347251636646847217e-02 1.593304363914083144e-01
1.217551006640688049e+00 -5.526089960850277816e-01
1.550804527678687483e+00 -4.665729612372127022e-01
1.534914738715532634e+00 -3.239045416731012317e-01
1.486960577364361269e+00 -2.398476016328299210e-01
1.437336263310859952e+00 -1.834689836919078942e-01
1.100461697772113778e+00 6.741440884866944927e-02
1.124911094667729872e+00 8.712288213816865579e-02
1.151603487074451815e+00 1.118725824660304902e-01
1.173431203584172078e+00 1.428775734091503047e-01
1.144269148311729545e+00 1.941093944517890968e-01
6.462938892328706775e-01 2.853499822946836684e-01
-3.437274623019814790e-01 2.447811025641843941e-02
5.170455996427070211e-02 1.115353268310581569e-02
5.215051761670363994e-02 -2.363383245851113923e-02
1.238490528025160131e-02 -9.855557073170928550e-03
7.156050523442480937e-03 -1.759147805754845972e-02
-5.330578990703216391e-04 -3.168170453652446872e-02
-3.715419203501935108e-02 -2.941258180047312543e-02
7.928542878465449917e-02 -6.882622721612441374e-02
1.397939556764760116e-01 -2.190419249262798296e-01
1.346457285888994493e+00 -5.321607312918097410e-01
1.430046450998789798e+00 -4.384961637177409166e-01
1.445453069821929226e+00 -3.521845446902593935e-01
1.423823937521002669e+00 -2.810534357853167187e-01
1.390991573704474238e+00 -2.255011640577020415e-01
1.081651852659040181e+00 8.830251613464179528e-02
1.101781295511621295e+00 1.115381847833085693e-01
1.125470705736242305e+00 1.383101403332709367e-01
1.151864906843309555e+00 1.611476559969626798e-01
1.175274359671623081e+00 1.387400256814919075e-01
1.161841999883139742e+00 -1.076397939545681304e-01
7.425393908748434413e-01 -7.328107020097374136e-01
-1.769230275103494954e-01 -8.527732255268116734e-01
-3.375092530815682057e-01 -6.097646508701154433e-01
-6.127912005752245150e-02 -2.007945388586321322e-01
-3.145879202766321825e-02 1.572071419971767664e-02
-6.408208771855106178e-02 2.403865666410454072e-01
1.309405345716330160e-02 5.439373576547712474e-01
5.614284257833834779e-01 4.939360739607556727e-01
6.673863965740478577e-01 -1.879603102023530425e-01
1.256047898878285274e+00 -4.002542955664845081e-01
1.373332234522199879e+00 -4.026857126202632031e-01
1.382418919193451057e+00 -3.612691551179159077e-01
1.367380915461842150e+00 -3.065772889662188305e-01
1.344369822418272076e+00 -2.554430661224227350e-01
1.059418016729329892e+00 1.046418103879265260e-01
1.074654046108243222e+00 1.317976929195929792e-01
1.095273390759015086e+00 1.651768250556129303e-01
1.129385903811321867e+00 2.039678811453593532e-01
1.205525808442711178e+00 2.499161396297200355e-01
1.397235643065646293e+00 3.561566397321569433e-01
6.144849137714158971e-01 1.759638200305135847e-01
-5.759015778716602973e-01 -2.573476590980516843e-01
-3.023458175042326168e-01 -1.415612797590626304e-01
-3.811355413593786601e-01 -7.195544538627862696e-02
-2.588500881830646527e-01 2.113523329387031286e-04
-2.251770699731192593e-01 -2.939145937128739838e-02
-1.556336845094530297e-01 3.421580738368185104e-01
6.096345112786427656e-01 2.380564941180363103e-01
1.420857345721822096e+00 1.999476086118834317e-02
1.474194039621765651e+00 -3.662318266705211212e-01
1.367825395870541083e+00 -4.127831349923827275e-01
1.335942865692840709e+00 -3.775863828366232688e-01
1.316657223409107846e+00 -3.265114425123361031e-01
1.298837430959407513e+00 -2.771547920048100799e-01
1.034337338539488282e+00 1.154711751523440633e-01
1.042590622490604524e+00 1.458077735625051830e-01
1.053807781972013746e+00 1.865044090697054457e-01
1.072466608894866447e+00 2.457159745770964854e-01
1.108130612595883413e+00 3.490937354500900369e-01
1.153907405342342596e+00 6.582775442469868121e-01
3.679140617058695995e-01 9.437790119230138330e-01
-3.716816030405967197e-01 5.801088725614023112e-01
-2.523208930476905643e-01 1.818211053957197176e-01
-1.907618947479106097e-01 -2.221261684307446194e-02
-2.030394521989808965e-01 -1.955018826466252690e-01
-2.049787946166747865e-01 -3.234639330505076349e-01
-4.056937238949354096e-01 -5.089506450472885968e-01
4.460588665520170970e-01 -8.558807170170201761e-01
1.338565337958479429e+00 -8.738309379629782825e-01
1.400654978408193418e+00 -6.305683756324242939e-01
1.316727967647017827e+00 -4.806121794917994627e-01
1.281305025503276518e+00 -4.032392853518818043e-01
1.265071754511748470e+00 -3.430885232773173144e-01
1.253388795456429339e+00 -2.922394575568332264e-01
1.007964884929732907e+00 1.196608230803697381e-01
1.007763464896698213e+00 1.503200412758087801e-01
1.005320473788535729e+00 1.921231017274971364e-01
9.975582770270707833e-01 2.533425920471366055e-01
9.712067346870112416e-01 3.523387817334877603e-01
8.625565141766289301e-01 5.146437838444928303e-01
5.505821541184885426e-01 6.223216757829019841e-01
2.107156502290918887e-01 4.751764443946127070e-01
6.772852418530872498e-02 2.086661308342196985e-01
3.574919653016150889e-02 -2.430856740829712148e-02
3.615955051786023944e-02 -2.329271108255415168e-01
3.988338557014303731e-02 -4.476596834539500747e-01
9.141001907619017430e-02 -7.576131165463184658e-01
4.793088758169461450e-01 -1.068169518967315712e+00
1.027452540044293539e+00 -9.467908396209323563e-01
1.188836140928726248e+00 -6.686412247694717426e-01
1.210768853572732340e+00 -5.105114543783151326e-01
1.211328761939813869e+00 -4.167946264912947285e-01
1.210089674924939018e+00 -3.512477829578442012e-01
1.207745140775069448e+00 -2.998544811961401102e-01
9.826727651899713756e-01 1.170324457056159950e-01
9.747178404140188768e-01 1.445867386569843482e-01
9.604924405225556683e-01 1.804743984626666631e-01
9.340039246611508972e-01 2.280656351595022890e-01
8.814554509367877877e-01 2.895351868258710937e-01
7.770351798000030286e-01 3.530764761472093838e-01
6.079280044784596271e-01 3.691414988846719591e-01
4.281342856239289674e-01 2.872848361708846276e-01
3.085298439060313314e-01 1.318201237723459762e-01
2.568893903605462548e-01 -4.478857613998937781e-02
2.535374650585486833e-01 -2.240268785110109961e-01
2.946517143738147659e-01 -4.108471026098109435e-01
4.116111874735794984e-01 -6.026497988666690286e-01
6.394375960207865361e-01 -7.292568496866536076e-01
8.908144545533347447e-01 -7.033449932534818760e-01
1.042443994082511427e+00 -5.910219974548958088e-01
1.110280678343222860e+00 -4.862714551064040158e-01
1.140718893208723106e+00 -4.071647184882754011e-01
1.155900897345898404e+00 -3.470156032904481158e-01
1.163658946667529559e+00 -2.990453150341254585e-01
