-1.000000000000000000e+01 0.000000000000000000e+00
1.054081702352042571e+00 6.198566505476189870e-02
1.038072998388628765e+00 1.933224314289467560e-01
9.978059627891824324e-01 3.072860670039372910e-01
9.266173443333712845e-01 4.511377983051205742e-01
8.809144353236685321e-01 5.542923420435628135e-01
8.295331083884094348e-01 6.747939643614474514e-01
7.202972870797867966e-01 7.734751503423145103e-01
6.150663261553941386e-01 8.463040786796902637e-01
5.507324042856533985e-01 9.167330103999704605e-01
3.323289846315221063e-01 9.847880266565824936e-01
2.480697752580990345e-01 1.033843916995299539e+00
5.328856661712967624e-02 1.041641275637366970e+00
-3.919520755344954588e-02 1.061663290791596603e+00
-2.497278933683267921e-01 9.995891476662721598e-01
-4.049887567785460107e-01 9.641648240688677207e-01
-5.912183008184386246e-01 8.519934044244458216e-01
-7.310307887064438903e-01 7.419898251121489485e-01
-8.556931817309043620e-01 5.869878962956626145e-01
-9.636475359659605333e-01 4.200072908601486521e-01
-1.005254909571974276e+00 2.097502992763040086e-01
-1.033017479926428450e+00 -1.710876219815680912e-03
-1.006436987036981368e+00 -2.152823877463214131e-01
-9.489300900071201417e-01 -4.087027914134346296e-01
-8.649397746913405349e-01 -5.774783764661877150e-01
-7.279833589675845928e-01 -7.292737739499169924e-01
-5.923621605611222307e-01 -8.773598362217380764e-01
-4.452602258955652426e-01 -9.222321183408195289e-01
-2.443864102088598445e-01 -1.030189162419791415e+00
-1.107539763151456219e-01 -1.030402509122321231e+00
8.215885735065424356e-02 -1.068121564861432837e+00
2.052589692264646382e-01 -1.023100415456611234e+00
4.201254477468875925e-01 -9.791745332867394236e-01
5.066737336158575467e-01 -9.294569904946170524e-01
6.353780733789565760e-01 -8.375608180963292071e-01
7.018330154747336458e-01 -7.704983911095697469e-01
8.401679895592637504e-01 -6.536556882255695200e-01
8.940822421533358710e-01 -5.506489085185430898e-01
9.415307914799512234e-01 -4.411983780566350877e-01
9.988419390275163900e-01 -2.974750069430124322e-01
1.041598875363930921e+00 -1.788224008393049513e-01
1.054330258951471810e+00 -5.914351263478664217e-02
1.065215354514092327e+00 1.842875276896260572e-01
1.068498224449768719e+00 1.705225305630101440e-01
9.888939528643498900e-01 3.357843156603880219e-01
1.003511340955757669e+00 2.960207371186326375e-01
9.627632307408324763e-01 3.212841171399757334e-01
1.001613326820371741e+00 3.894319766991820586e-01
8.757872861303089840e-01 4.948585455797097632e-01
1.025735630146928035e+00 3.969361728414738666e-01
9.461889527672741051e-01 4.446125764140668180e-01
9.737907826569527359e-01 4.070639945497873669e-01
9.208199921460844539e-01 4.650319679398915995e-01
9.136481675223450116e-01 4.875240062564419330e-01
9.558598683038763699e-01 4.299602670628654422e-01
8.896681591439785652e-01 4.965326743722108249e-01
8.741052129004464044e-01 5.602051204809115337e-01
9.442336030479759890e-01 5.087691653266473990e-01
9.369545345087521016e-01 5.115119052905420238e-01
8.734975587778804895e-01 5.505600135392318961e-01
9.592281828227636753e-01 5.136422916939811234e-01
9.450976211312659414e-01 5.159316634799943069e-01
8.250846050105807850e-01 6.046119266464905495e-01
7.806796725018273486e-01 6.402299789525887075e-01
8.475638618135977742e-01 5.868276430366069496e-01
8.399253030221978111e-01 5.837537287073814030e-01
8.519009098657343015e-01 5.895539008643829737e-01
8.520508221628616541e-01 6.527442260886192615e-01
8.642653558771878908e-01 6.166154673783761364e-01
8.485785533783065659e-01 6.355596606088015355e-01
7.445826167391683681e-01 7.144584704603829106e-01
8.733503439614486163e-01 6.195682062972768245e-01
8.309546178959807960e-01 6.650306710385684994e-01
8.769059591100930584e-01 6.185112561106503870e-01
8.349251068783735130e-01 6.703450077680913610e-01
8.377197968052133570e-01 6.598065590163411098e-01
8.463148526880034384e-01 6.643114222199513197e-01
8.599187053867062280e-01 6.466890936277188695e-01
8.001733360478522350e-01 6.798889911100838290e-01
9.103353326042606941e-01 6.299817162785221747e-01
7.112358680878103634e-01 7.721048909101836388e-01
7.551516623342620083e-01 7.536156533208377972e-01
7.760784209464436367e-01 7.331626584906573152e-01
7.131989938116255479e-01 7.846338810019642951e-01
6.967227201833104955e-01 7.929594491207387907e-01
6.388628350733477346e-01 8.096267538988420887e-01
7.508498137466110833e-01 7.451342793328075143e-01
7.819281474372720142e-01 7.368618565943612086e-01
8.526936430921666643e-01 6.953788639903314417e-01
7.196548710213225286e-01 7.765514549921610499e-01
8.155143343915460807e-01 7.321729028088530544e-01
8.088901969337052300e-01 7.179743530652547001e-01
7.642015846476444274e-01 7.482956408301495443e-01
6.718825807866345423e-01 7.798185059075680714e-01
7.223751604746524446e-01 7.789063730535160657e-01
5.826180213913372263e-01 8.648439684418907092e-01
7.514495791618139853e-01 8.147576518828341108e-01
6.147709498104428905e-01 8.579517895091153257e-01
7.487453435473055974e-01 8.069958992063047676e-01
6.228292826357787471e-01 8.482771191732875193e-01
4.716290306167567614e-01 8.960698904301970247e-01
5.676851155650438630e-01 8.765556552387518963e-01
6.128796802386069498e-01 8.444141865154812798e-01
6.884780782663449950e-01 8.181153417561717323e-01
5.809359241422296094e-01 8.561194269498163534e-01
6.448498263973296840e-01 8.402522680375962283e-01
6.229867070144423646e-01 8.367508572164437108e-01
5.977182207007505355e-01 8.559286745390374262e-01
5.922184049517761339e-01 8.662034356016277137e-01
6.756653030242348867e-01 8.155583412820432976e-01
6.315589336251774544e-01 8.494979359903624960e-01
5.725994349188255894e-01 9.027473248527899674e-01
5.762746073445058625e-01 8.974481615007322555e-01
4.766519262311463834e-01 9.377529685724621533e-01
5.405380845281529956e-01 9.213509178427331525e-01
5.373478669191572576e-01 9.211151616356640925e-01
3.163110036995131491e-01 9.489235814042383810e-01
5.933580480278426439e-01 9.135153462092908683e-01
5.126905412685446306e-01 9.108494014766459479e-01
4.911552173433830215e-01 9.278741032146732293e-01
5.126750327467916035e-01 9.189992158620471363e-01
4.346554578541175218e-01 9.364632402711576820e-01
5.650133283620434321e-01 9.095522053359501591e-01
4.829386050313101419e-01 9.314919839580750871e-01
3.839237282324085010e-01 9.402086350609486498e-01
5.630836010194494312e-01 9.024637131293632430e-01
5.515142214310779778e-01 9.109031447792007574e-01
5.094719946591392823e-01 9.311053771167776549e-01
5.970375610042900627e-01 9.207296723998069643e-01
3.355797459887153722e-01 9.688420902953751579e-01
3.507168527276430248e-01 9.948287859311388814e-01
4.116208994703980384e-01 9.631444665616849532e-01
3.197819282830954846e-01 9.916232638898561103e-01
4.609187820604008223e-01 9.639297217438652643e-01
3.816801567853856936e-01 9.755997581214145287e-01
3.015827740351453845e-01 9.981827710335272608e-01
3.697606180368774864e-01 9.713425364679357799e-01
4.024558653728910751e-01 9.753315603516551358e-01
4.590050347632065875e-01 9.674627110814913999e-01
5.258458960416271255e-01 9.701151014003334128e-01
2.174628721076345139e-01 9.913915047094549182e-01
3.857517935130397868e-01 9.823410813617325932e-01
3.117000850094247544e-01 9.935816217861722643e-01
2.054606395189251256e-01 9.951539975476050293e-01
3.377927127025114884e-01 9.850774790303412631e-01
3.651213817126847117e-01 9.757536091182198446e-01
3.262163514652164920e-01 9.934899495002079695e-01
2.909853143046834956e-01 1.022990956324572043e+00
2.542306701122784562e-01 1.033000180797186474e+00
4.078585271369701282e-01 1.014431671960699166e+00
1.056352765134816601e-01 1.017649648711218768e+00
2.402863321405419306e-01 1.024588887867946996e+00
2.598873242584642251e-01 1.037634375542602738e+00
2.543033312582848593e-01 1.042122962857563451e+00
1.217451491705318356e-01 1.018355176946578178e+00
1.917967294062656591e-01 1.029302108271190841e+00
2.591931442940983432e-01 1.028090824002426684e+00
2.485675645146406265e-01 1.021547150453513852e+00
2.325891774009948010e-01 1.044293412128022513e+00
2.430025014343724088e-01 1.041249355097886298e+00
3.536016487919318441e-01 1.021544802332429391e+00
2.674685048664869891e-01 1.017072839443295074e+00
2.774646051801074043e-01 1.035171192624361414e+00
3.132149059255729950e-01 1.021827721596235472e+00
1.816338235822861080e-01 1.024676703478822226e+00
2.584183526612089388e-01 1.042170947640300716e+00
9.969397037746471901e-02 1.060372556444490133e+00
6.616903497948214974e-02 1.050611598539167746e+00
-2.918652039527799141e-02 1.023836516944806041e+00
1.229179685524460219e-01 1.049275259142488315e+00
-1.177757496523950840e-03 1.023354615008354784e+00
6.006585855592583810e-03 1.030100836715581725e+00
5.884217732184613553e-02 1.041552276385670162e+00
9.653993453157824756e-02 1.052173805215119939e+00
1.190312782142466663e-01 1.044386461670016031e+00
9.395123092905312279e-02 1.058433491903859380e+00
1.575614756166819064e-01 1.053291079402290498e+00
9.032708887917470508e-02 1.036102587403889386e+00
4.798901154133641128e-02 1.047243576239025531e+00
1.289374634817364307e-01 1.043145844969800562e+00
1.868511282509095414e-02 1.036928288736769899e+00
1.538319100647045079e-01 1.051511113960744481e+00
1.024271982305430123e-01 1.052505814810124951e+00
-1.648640292602608637e-02 1.037051649285732013e+00
4.800867117290260472e-02 1.046149749405145712e+00
-1.008889771714864131e-01 1.050217186339071462e+00
-1.222319127390600751e-01 1.041947306487000846e+00
9.570766639830795633e-03 1.067555261493417396e+00
-1.167463993899064967e-01 1.040883359085207571e+00
-3.163430193362766485e-02 1.059619925383564087e+00
-8.945115730233156592e-02 1.041265234714846111e+00
6.099394542251135656e-03 1.065324832774271924e+00
1.814693495294828277e-02 1.070399435544140854e+00
-5.894806681288814604e-02 1.061205038258660860e+00
-7.928422870138053524e-02 1.062741201795664781e+00
2.593941225612565044e-02 1.088908309631787308e+00
-2.035959457272719653e-01 9.873664345409997045e-01
-3.504993038185715698e-02 1.049409427540320516e+00
-6.021654205120990228e-02 1.054865989139526450e+00
-1.014704136147129149e-01 1.026875317712327762e+00
2.586609562251790048e-02 1.074692481622353535e+00
-1.298230960774574283e-01 1.038806385087051476e+00
-7.527111908554531827e-02 1.048965790660077113e+00
-3.106181102822811457e-01 9.861339239525267475e-01
-3.328674736251933108e-01 9.819701844028357884e-01
-3.380421142446257687e-01 9.697116162557608554e-01
-2.832065087799515157e-01 9.890184754492566954e-01
-2.215885613230690887e-01 1.011085935456774276e+00
-2.941103664491807046e-01 9.884749842381339580e-01
-2.507860300373743745e-01 9.999195403346521349e-01
-2.849655348208847139e-01 1.006577937648944099e+00
-1.530087493692846856e-01 1.059692043437306497e+00
-2.452255349567361575e-01 1.020346302904158176e+00
-2.472014112978008771e-01 9.912734176391766461e-01
-2.321588073484840420e-01 1.002626917618908875e+00
-2.556573259595416592e-01 9.910560448457108595e-01
-2.496112429305909486e-01 9.917140686136339811e-01
-2.640687207064655317e-01 1.004521492296544860e+00
-2.895386223950313087e-01 1.003138397119173852e+00
-2.517973221992470534e-01 1.004767260418621300e+00
-4.332672113143276604e-01 9.409669918376428743e-01
-4.373201399758985253e-01 9.450020410338347832e-01
-4.394965310312545781e-01 9.532998852317278171e-01
-5.030476940148316256e-01 8.828478950959419702e-01
-3.707405643690692143e-01 9.924445359024423041e-01
-4.324305861951655561e-01 9.438163114409472421e-01
-3.416077379097895994e-01 9.986145388464351402e-01
-4.393500966695500498e-01 9.331206965275898879e-01
-4.159977872503885510e-01 9.561239049712244586e-01
-4.389809334865696910e-01 9.544120396432329567e-01
-3.825672016399120912e-01 9.810821657099672022e-01
-3.877400882154419803e-01 9.694409497054253810e-01
-3.073025614749912426e-01 1.024426958286235312e+00
-3.452039604916170568e-01 1.013447995735555107e+00
-2.920172562736216837e-01 1.031488933992081636e+00
-3.961191612437811593e-01 9.874180623840055349e-01
-5.443816354344106490e-01 8.993416692344607943e-01
-6.183675020978585124e-01 8.390084758155488265e-01
-5.461249669181881261e-01 8.890077897501272863e-01
-6.088460788716619776e-01 8.584758288147680272e-01
-6.004619888728872645e-01 8.284894748323951008e-01
-5.331128141780857588e-01 8.941778941004681069e-01
-6.080121053095177697e-01 8.225079779634671961e-01
-5.571686239494961779e-01 8.930749399076609585e-01
-6.187316291810328606e-01 8.477687106584937959e-01
-5.615482263234256033e-01 8.972196400472820521e-01
-5.289864000675088551e-01 8.975160980322398618e-01
-6.187162718830147012e-01 8.108331736513676447e-01
-5.898528613843133650e-01 8.578278274710575690e-01
-6.224285091068577636e-01 8.426519563781489364e-01
-7.371976913631836936e-01 7.591157539865273085e-01
-7.215434245075836861e-01 7.547437315503902067e-01
-7.244980561873120006e-01 7.583145567905493767e-01
-6.876543587669244895e-01 7.669190083279910919e-01
-7.421929622595059284e-01 7.102808095595946059e-01
-7.713715158399012672e-01 6.945123304046594281e-01
-7.735727159224828897e-01 6.942392067715521531e-01
-7.365206901852102694e-01 7.144041808309812280e-01
-7.236363459458704517e-01 7.168113189759135473e-01
-6.997636113911065436e-01 7.599327031636582408e-01
-7.088680906930776571e-01 7.765039294242055412e-01
-7.203738977926723575e-01 7.657982700598251480e-01
-8.479688446892056364e-01 5.844537791734393251e-01
-8.471298848601355180e-01 5.960061310410603719e-01
-8.638764258115436689e-01 6.197480921635654116e-01
-8.587954215718228701e-01 5.989893047253063152e-01
-8.977509428625143340e-01 4.708801636925603051e-01
-8.712038672849092835e-01 5.110805356397623012e-01
-8.227944031049894136e-01 6.709489018001453253e-01
-8.139927324924990382e-01 6.426274627841954690e-01
-8.638116830399092949e-01 5.350301294670215535e-01
-9.448948352850083943e-01 4.313358341523195194e-01
-9.248653147305649913e-01 4.442850793346337368e-01
-9.366353992846393473e-01 4.771258625869400083e-01
-9.454550401599898235e-01 4.322673327093603524e-01
-9.743504344994105004e-01 4.051625356362242303e-01
-9.516411880870561113e-01 4.487878661986607898e-01
-1.003398535033773298e+00 2.336084537826876861e-01
-1.017263473263131157e+00 1.910073099767421734e-01
-1.001910451869829854e+00 2.067426412677844660e-01
-1.011680438097743773e+00 -2.039849416488779543e-01
-1.003065963986674136e+00 -2.082316683174348371e-01
-9.788871782269924493e-01 -2.445000269566502404e-01
-9.466215594510183351e-01 -3.992447668970509067e-01
-9.489731096303178903e-01 -3.930203772505795334e-01
-9.286408128362428904e-01 -4.577590772899079452e-01
-9.458888910287555074e-01 -4.009063768684861251e-01
-9.557003835864202879e-01 -4.591642116693647746e-01
-9.562286275775281341e-01 -3.815128996296429653e-01
-8.778002977852278343e-01 -5.821228148978944139e-01
-8.270021516084185009e-01 -6.608552310344764091e-01
-8.421659276293242957e-01 -5.659588604066363438e-01
-8.461551490148322419e-01 -6.270322619947256149e-01
-8.524476988769866814e-01 -6.569190218666766112e-01
-8.088660309296205053e-01 -6.808469647108352785e-01
-8.808701787621111556e-01 -5.235727043821395421e-01
-8.777508817407694286e-01 -5.726182328194968640e-01
-8.596283781450944073e-01 -5.940017174536371680e-01
-7.136851969765791726e-01 -7.209648177847539641e-01
-7.654808213938375516e-01 -7.119373345799352437e-01
-7.239724258422506331e-01 -7.340770302662864566e-01
-7.203342408259622021e-01 -7.300156929357867197e-01
-7.529602014508981478e-01 -6.869608597684165874e-01
-7.438486572129023866e-01 -7.262402902040395736e-01
-7.012329804249832765e-01 -7.581862074058649537e-01
-7.204693343499205538e-01 -7.357729460916099251e-01
-7.739807187513394471e-01 -6.505719932509207437e-01
-7.022607925201260759e-01 -7.380115426767731579e-01
-7.659784752040600386e-01 -6.945237668423213107e-01
-7.462420847340229813e-01 -7.346398121961997818e-01
-6.221502341170835892e-01 -8.197185391662636933e-01
-5.798890043126470051e-01 -8.912514895607600574e-01
-6.017977139696001343e-01 -8.767138849256178590e-01
-5.139907062442131691e-01 -9.371067832307490297e-01
-5.264957095564058998e-01 -9.303389845996954399e-01
-5.585417170743911530e-01 -9.238548033016881211e-01
-5.703110434364636605e-01 -8.917367616145586151e-01
-5.562697463585255520e-01 -8.853747946437816596e-01
-5.344347326260229236e-01 -9.260665672210509625e-01
-5.964426602822942014e-01 -8.546857895741555300e-01
-6.113688031058046590e-01 -8.646663380873126359e-01
-5.649774463345301756e-01 -8.821961158649135326e-01
-6.150795758575630101e-01 -8.501594507989814753e-01
-5.557898012967356083e-01 -9.052474712075999630e-01
-3.059090591762688160e-01 -1.042524684230618170e+00
-4.814361864843166861e-01 -9.248388631811610416e-01
-4.430942336773892043e-01 -9.431009609667686533e-01
-4.329010755720349990e-01 -9.251466437558322209e-01
-4.468585733738200672e-01 -9.286182681916268500e-01
-4.309362721124665452e-01 -9.196028535292738448e-01
-4.711773391865676786e-01 -9.160048179636399723e-01
-4.225743261042671506e-01 -9.373756101316055300e-01
-4.567386423170844423e-01 -9.280468833961695863e-01
-4.731533646596149389e-01 -9.047829824623100370e-01
-4.169930589473058169e-01 -9.287971062341205952e-01
-4.116890558409999068e-01 -9.396743435685196433e-01
-4.433071023627305207e-01 -9.310638927407153265e-01
-4.665336683359768144e-01 -9.301421749841836117e-01
-3.667776514245622566e-01 -9.892288245440428174e-01
-4.753514377502903177e-01 -9.279771269002939915e-01
-2.540753724301411109e-01 -1.025328491892908200e+00
-2.206519466234420357e-01 -1.041564365025783756e+00
-2.431469305530073177e-01 -1.034945082274299155e+00
-2.812646530676980450e-01 -1.007438546737964513e+00
-2.291710145761863826e-01 -1.034803052962814496e+00
-3.007274955377218784e-01 -9.975123701180124147e-01
-2.025120576552618679e-01 -1.054805003764134996e+00
-2.582847434728685609e-01 -1.013935384633998460e+00
-2.368605943867682917e-01 -1.016528596201377033e+00
-2.367646735185039708e-01 -1.039639187072913806e+00
-2.030875072210978072e-01 -1.031812544483694083e+00
-3.128385444537886695e-01 -9.965677202154072933e-01
-2.245713480474858526e-01 -1.021868915507274878e+00
-1.086463677938924871e-01 -1.072477889030356124e+00
-2.766377597648708164e-01 -9.987680417544260170e-01
-1.614721358096429804e-01 -1.079400244623369920e+00
-2.328681164268190384e-01 -1.052534948488214717e+00
-1.382561423851525473e-01 -1.037886270871020589e+00
-2.287209289402698520e-01 -9.903668085536512233e-01
-8.764033497084250390e-02 -1.039430541698197041e+00
-1.427759121928762198e-02 -1.052292379131306577e+00
-9.834038347657253487e-02 -1.050414071547738804e+00
-7.577732737848512368e-02 -1.043077028713063292e+00
6.132566651624618732e-03 -1.070722072943611325e+00
-3.318419645285505815e-02 -1.048510025487989328e+00
-1.211941015864438642e-01 -1.028733108692757581e+00
-1.113712985763347235e-01 -1.037675563928823097e+00
-1.224378902025029386e-01 -1.045526169297648300e+00
-1.429788536189774695e-01 -1.039406697847907957e+00
-1.845298133973743426e-01 -1.005587678597405610e+00
-7.326289682532814707e-02 -1.036489856843986646e+00
-1.275809150924013535e-01 -1.043288001643111196e+00
-1.076986269115404737e-01 -1.023758588394538593e+00
-1.496510441816336912e-01 -1.020139578156879168e+00
-1.157836178790869058e-01 -1.026443220332633022e+00
2.175096431556051702e-01 -1.064793483741003133e+00
1.258288969214720054e-01 -1.081090387266000485e+00
8.372941731225959361e-02 -1.059910987020478368e+00
1.367760728541912996e-01 -1.079419326235316445e+00
8.767416585536529083e-02 -1.059237672976083955e+00
2.038382518765518014e-01 -1.066644472696990364e+00
1.656548197699415220e-02 -1.043455623110857156e+00
1.748194592026947047e-01 -1.072945923680788338e+00
-4.629603252297716243e-02 -1.010392995967382301e+00
9.531445804335784977e-02 -1.078227057028027458e+00
1.011530009916883077e-01 -1.064648763487269445e+00
1.807932338942985495e-01 -1.073965011525455093e+00
1.716027540861187195e-01 -1.067875555283509303e+00
-5.420476870667063907e-02 -1.002812229245743980e+00
8.385911700328445295e-02 -1.067504941509193728e+00
1.045759352543782911e-01 -1.057747277372034000e+00
-3.223116279869896184e-02 -1.027054074530855399e+00
8.118451184894896755e-02 -1.057145770745557822e+00
1.637684641907796168e-01 -1.079609177034041467e+00
1.496649379703265392e-01 -1.027488932285561374e+00
2.758908003582272728e-01 -1.017505111495118575e+00
2.940743110909860292e-01 -1.013087546005415396e+00
2.514092679801145924e-01 -1.012767533549788324e+00
1.275823575589799530e-01 -1.029828670767076737e+00
1.748961741787433410e-01 -1.040425792169246799e+00
1.581164917184182672e-01 -1.039306272480417181e+00
1.981854208878474077e-01 -1.032345531912674197e+00
1.987620454960904448e-01 -1.022933322006101431e+00
2.298037536472904430e-01 -1.021488821111396383e+00
2.505318334951834314e-01 -1.023362616573906925e+00
1.580668800804167218e-01 -1.031636788157686890e+00
2.737108306143487546e-01 -1.015562731587466683e+00
2.234737403005113698e-01 -1.021035691904599974e+00
1.726712723749676826e-01 -1.026098999460104855e+00
2.594204504327928817e-01 -1.021041012277179583e+00
2.828078255212873593e-01 -1.017111275848220586e+00
2.165289168468615133e-01 -1.026371177883722785e+00
3.603468778846434240e-01 -1.014364534096365178e+00
3.523344530533905616e-01 -9.909481397070931674e-01
4.205897198694734662e-01 -9.871041246076601716e-01
2.387138167253543830e-01 -9.936218420239183446e-01
4.174466224474461251e-01 -9.659252348491520479e-01
4.395981192804827575e-01 -9.686312493969793103e-01
3.827505866210230145e-01 -9.746283836591763672e-01
5.180781852912811347e-01 -9.663286612940676923e-01
3.689465998343424147e-01 -9.839237182640921953e-01
5.088337518594754361e-01 -9.738012183502855468e-01
3.677627644663807871e-01 -9.780379550514969322e-01
5.263078990452338957e-01 -9.730583290884322611e-01
4.361981124701690415e-01 -9.814308543400986906e-01
3.325043882411163332e-01 -9.818163024877677447e-01
3.253565839876708110e-01 -9.959164867520196029e-01
3.464329279662393124e-01 -9.886083743281793845e-01
3.555173444814085926e-01 -9.901154288977197515e-01
3.402324842293928953e-01 -9.814554195074228771e-01
4.344195380002421891e-01 -9.741424265079073885e-01
5.738898512433335819e-01 -9.075163486153567938e-01
4.185449005187327765e-01 -9.505047891935725080e-01
4.228906367770826069e-01 -9.423688830232941349e-01
4.862909992958909799e-01 -9.308639148206204750e-01
5.357498238696857262e-01 -9.261568100052942620e-01
4.323583160230105027e-01 -9.438512341245689496e-01
5.524535072075134057e-01 -9.118738684741988232e-01
4.784712330682630577e-01 -9.265408491214415232e-01
6.088307918394857410e-01 -8.924557845734807371e-01
5.745884617560095275e-01 -9.275756937279096004e-01
5.756707533655651687e-01 -9.079557356681818847e-01
6.113787555005958385e-01 -8.876962217660450127e-01
5.299336046809921541e-01 -9.198619311746818461e-01
5.523093079360764657e-01 -9.190643130074986900e-01
4.385807761035226959e-01 -9.359013245417461269e-01
4.660982371238016619e-01 -9.283812562262042656e-01
4.528824849523093721e-01 -9.379746944171264422e-01
5.811228650058869460e-01 -9.109577104428232541e-01
5.160930470463060971e-01 -8.800404339269143339e-01
6.291248610897384186e-01 -8.346961703722980408e-01
6.567012440884444358e-01 -8.371836075451323245e-01
6.616113483057433076e-01 -8.103047981964399682e-01
6.488539840657393531e-01 -8.251439578144397213e-01
6.049772601121314874e-01 -8.530426310444511051e-01
6.408884247509788468e-01 -8.357441618534854344e-01
6.266314652571889354e-01 -8.609870468039806379e-01
4.697811322893563069e-01 -8.955554950034830819e-01
6.131156936842860894e-01 -8.546102232644643415e-01
5.654672983165829336e-01 -8.730456557808194962e-01
7.689333634898686265e-01 -7.750803538074703125e-01
6.685554897301086985e-01 -8.329372254753800719e-01
6.312318925447442108e-01 -8.456612977013573396e-01
6.188281478526076462e-01 -8.584639814009127345e-01
6.021858742275691956e-01 -8.484153033140751088e-01
8.214584086626168791e-01 -7.115979506579271918e-01
7.380024421938766732e-01 -7.538661887075642776e-01
6.866597374939233944e-01 -7.827396816080742781e-01
7.364102990471754762e-01 -7.659406139696210980e-01
7.374460166943571648e-01 -7.444120691583877569e-01
7.548104720971907655e-01 -7.309814103779009864e-01
6.971244724437297702e-01 -7.650579671292907502e-01
6.366046801482585504e-01 -8.073191100594317993e-01
7.291994983069561842e-01 -7.569432414431864764e-01
8.278044750205184599e-01 -7.200229799654634943e-01
6.949418789538518437e-01 -7.745637641118824357e-01
6.725410769209069217e-01 -7.870369852279371914e-01
7.162355399248280241e-01 -7.563682103068503082e-01
6.616374948768136699e-01 -7.902697797363616994e-01
7.492647588358871680e-01 -7.461144054892397959e-01
9.094711288784611547e-01 -6.080310056174322852e-01
6.897286246612810423e-01 -7.298782402590819895e-01
7.924081993038012417e-01 -6.799338557805677530e-01
8.698361158741135801e-01 -6.412471791096948648e-01
8.759439547188976327e-01 -6.248603156883746346e-01
8.051683572869630101e-01 -6.650142871623958563e-01
8.017246794358768858e-01 -6.563129839686459022e-01
7.108037340200039633e-01 -7.046281544488602888e-01
7.879453401673418567e-01 -6.888851847195061051e-01
8.598615802078033443e-01 -6.449884993587093884e-01
8.595467866761226094e-01 -6.278051585839514726e-01
9.280493859234697496e-01 -5.970644439991852348e-01
8.235816778511432235e-01 -6.649186644264715174e-01
9.588837061445413257e-01 -4.980412229316640849e-01
8.834166319863936412e-01 -5.426687464023154384e-01
9.965200200812821540e-01 -4.744469105922798913e-01
8.335835286767638852e-01 -6.037430456518801947e-01
8.541832133903008994e-01 -5.926757509879285735e-01
9.083959559776089154e-01 -5.351636723156816267e-01
8.785237972593812339e-01 -5.726479272600915049e-01
9.080827389183657727e-01 -5.617198941325616257e-01
9.078501625640799100e-01 -5.366839729187256047e-01
8.754014718120651795e-01 -5.699895812841979659e-01
8.705742017824742440e-01 -5.694686562808124464e-01
9.279066372336446378e-01 -4.413181783275594294e-01
9.442560778740054506e-01 -4.494082202100489476e-01
9.795762701052127541e-01 -4.072302135447412597e-01
9.527089219199632586e-01 -4.212275309731790540e-01
9.348169819857512497e-01 -4.535028891151442476e-01
9.780952453453857220e-01 -4.090231588717758715e-01
9.426994960434986748e-01 -4.482783140243238318e-01
9.221528593440031507e-01 -4.546107255907204658e-01
8.861470100348585177e-01 -5.098887613985602085e-01
1.018649529679833465e+00 -3.053093071771665334e-01
9.848970078373294745e-01 -3.070830044956475713e-01
9.676421176477896235e-01 -3.310221155038217122e-01
1.068409863524611092e+00 -1.573241909476432165e-01
9.791358535322868262e-01 -2.096766804110747062e-01
1.048565096675387442e+00 7.109189777864627358e-02
1.033269860246846417e+00 2.138967678655962490e-01
9.921281889390100028e-01 3.457262384019120782e-01
9.312890956759523053e-01 4.775069783868532425e-01
8.401719518583969926e-01 6.153659490689860068e-01
7.438496459995969090e-01 7.277010729794497479e-01
6.611853074778293315e-01 8.175720140428774929e-01
5.171343334343033726e-01 9.035654927298495398e-01
3.753779672775773291e-01 9.586183305250509656e-01
2.392364520441563336e-01 1.014992731967841566e+00
1.076212715722621033e-01 1.035590785632998667e+00
-4.104165791494634313e-02 1.044012242129096713e+00
-1.956903527433518364e-01 1.009899290451844900e+00
-3.426267466261511130e-01 9.893709576594342803e-01
-4.854452628436264350e-01 9.277251663548748972e-01
-6.353704669639074210e-01 8.523789912752708364e-01
-7.697987259354814871e-01 7.162789846825654561e-01
-8.809464084250243632e-01 5.558351272174792967e-01
-9.792482529300953198e-01 3.849739705152338543e-01
-1.018310477359818611e+00 1.978524534064562412e-01
-1.036338710039326427e+00 -8.598641503399803796e-04
-1.020545838125240801e+00 -1.993384311221487737e-01
-9.722024541658906838e-01 -3.892551807599458624e-01
-8.915599062877270775e-01 -5.614895322736175309e-01
-7.727794153339367922e-01 -7.102068926542951521e-01
-6.434168994754512205e-01 -8.473247316439626031e-01
-4.965263830953658974e-01 -9.282124780705341971e-01
-3.381048405818161129e-01 -9.927680136489338558e-01
-1.991679603579567803e-01 -1.021819589195388067e+00
-4.004145451455800447e-02 -1.036436157556853699e+00
9.960504757316869517e-02 -1.048461509384461809e+00
2.290373060332470956e-01 -1.007519620037555574e+00
4.012522458895805277e-01 -9.681547110496157016e-01
5.142051640956633030e-01 -9.044227778247333482e-01
6.480660597573605353e-01 -8.140262965667578454e-01
7.546334914879887501e-01 -7.128997011186052335e-01
8.679090928816134420e-01 -6.062349202142066629e-01
9.361073269858318779e-01 -4.786893253023580264e-01
9.934429477421424792e-01 -3.361002286479911616e-01
1.035258107393843829e+00 -2.026429116750273485e-01
1.048750345004220597e+00 -6.906566570968747376e-02
1.050191932113940574e+00 2.041076578560106214e-01
1.030815109172272814e+00 3.152354598948088338e-01
9.802424817686079539e-01 3.444312675264522561e-01
9.511407334846665451e-01 4.581180714427173228e-01
9.286792358278129766e-01 4.731642296989408414e-01
8.300021951579160673e-01 6.420986312072153313e-01
8.630243185735234634e-01 5.933136263716394243e-01
7.323931458565052788e-01 7.415608836411685667e-01
7.279117917222884815e-01 7.416452627134507702e-01
7.504470385558249523e-01 7.925897134050097215e-01
7.267936607753031630e-01 7.898742836756782459e-01
5.146081101077064623e-01 9.193100143203482011e-01
5.529101956187453260e-01 8.925219060048412700e-01
4.857921263008751489e-01 9.056624949345627451e-01
3.224483224547095017e-01 9.713750144817353549e-01
3.984422206729162363e-01 9.543123692965673754e-01
3.144664525100340779e-01 9.632253638465987367e-01
3.953482479614731093e-01 1.017063527879687346e+00
2.279436823091485764e-01 1.015740737711660069e+00
3.953197142716254331e-01 1.011246336932894119e+00
3.054438501567365849e-01 1.047635228768622584e+00
1.635063927795452898e-01 1.047045025927934914e+00
1.027015693824917392e-01 1.030063612270739393e+00
-1.288308405275738477e-01 1.008259532192388175e+00
-3.852858199770235748e-02 1.046739556080370503e+00
-1.234994604127651607e-01 1.011306798240484195e+00
-1.857228822257216971e-01 1.018044910227878130e+00
-2.671751283307524094e-01 9.912263463587945855e-01
-2.999758422650550815e-01 9.600258745825825946e-01
-3.949825261947806365e-01 9.533497720723186353e-01
-2.187313935419468447e-01 1.048319159638047227e+00
-4.199685016401515369e-01 9.181348003807462410e-01
-5.236597336005391901e-01 8.761954490567103182e-01
-4.820219047494929687e-01 9.319818113762100564e-01
-5.931305150827866912e-01 8.865153536767689246e-01
-6.209767681982679699e-01 8.744397376504433606e-01
-8.149553146911372448e-01 6.239276334524562762e-01
-9.114581283171410142e-01 4.843103777960212630e-01
-8.752510074727992695e-01 -5.969225225736708440e-01
-7.750280386725713067e-01 -7.048815121092065761e-01
-6.200297793750207953e-01 -9.017847980372190042e-01
-6.154437442253969381e-01 -8.707963274105910978e-01
-4.221299028032436396e-01 -9.771494839050030023e-01
-4.766672794609529418e-01 -9.379543592392554086e-01
-3.849237514852987818e-01 -9.414940812207801546e-01
-3.359840175485788172e-01 -9.876282706926815536e-01
-3.630566148541478078e-01 -9.669626551918668600e-01
-2.637212634892151519e-01 -9.821417036108145426e-01
-1.131688650275762681e-01 -1.057438435919303199e+00
-2.244469962066503732e-01 -1.011119774556977102e+00
-4.661490320264172205e-02 -1.036896084102948867e+00
2.371017921951703786e-02 -1.052774232066281179e+00
4.540108076460871306e-02 -1.087964443133052850e+00
1.325925435457734336e-01 -1.062942709857532586e+00
2.018981648735206080e-01 -1.045337779644515130e+00
2.147101571022826672e-01 -1.045258407372325005e+00
1.510185816550289883e-01 -1.005537443249503671e+00
2.374661229714683519e-01 -1.003257788596736200e+00
2.500568200536821273e-01 -1.009051809896651219e+00
5.772848927560555454e-01 -9.593599737094116175e-01
3.990558261552588082e-01 -9.628426788877122444e-01
2.952799344941369752e-01 -9.702797244757093154e-01
5.005110868528346302e-01 -9.106472973714758723e-01
5.034799903150444234e-01 -9.008785300100902171e-01
7.147761907179281948e-01 -8.562378146930277323e-01
5.736114954118918252e-01 -8.533570203062407211e-01
5.542686906112727074e-01 -8.397760564827452257e-01
8.369352041829138944e-01 -6.840248125417836000e-01
7.204546044299163787e-01 -7.378312099759524179e-01
7.395162543995169591e-01 -7.176952725222235374e-01
8.714781486604392668e-01 -5.942754768019551381e-01
9.396479929311976065e-01 -5.484295115323135628e-01
9.247968895847531456e-01 -4.948044324035532071e-01
9.853785949369745500e-01 -3.085684038278139196e-01
9.703418328246344871e-01 -3.738701550875156432e-01
1.046119727892239615e+00 -1.822588224245453581e-01
1.045189253137733809e+00 7.671528753149024771e-02
1.024919993320039913e+00 2.278283787507155433e-01
9.779459410851674139e-01 3.735228134605670380e-01
9.130997264692513049e-01 5.126015424007168697e-01
8.214705895465684860e-01 6.508195881885210365e-01
7.208409151661381298e-01 7.597973631406286232e-01
6.067294299897164622e-01 8.500124846581164073e-01
4.933665200461624378e-01 9.340505891576708075e-01
3.403959962034823761e-01 9.885555765978482068e-01
2.000658578110400265e-01 1.037024612722329708e+00
4.223259427072638406e-02 1.047949151814777213e+00
-1.018457029738852465e-01 1.051552818925142629e+00
-2.558570848296579103e-01 1.014232277090437950e+00
-4.164996246956230719e-01 9.611665227431808178e-01
-5.725353441054548131e-01 8.726422438077884314e-01
-6.986785857099440111e-01 7.679600077099830724e-01
-8.153043757460202157e-01 6.504499698226783311e-01
-9.061243858960668085e-01 5.054959649283187195e-01
-9.878218174082330494e-01 3.476740804006522856e-01
-1.028533437251968330e+00 1.792334848422192928e-01
-1.040925659654426072e+00 2.617563086085600180e-04
-1.030448186836181224e+00 -1.776387256642174006e-01
-9.871917452289870054e-01 -3.453227409738955367e-01
-9.115396231756470735e-01 -5.067913709484411777e-01
-8.218918708789378913e-01 -6.472914621542709135e-01
-6.951000266080553658e-01 -7.695944473765483629e-01
-5.788679401992198326e-01 -8.755883710220769833e-01
-4.194323311821315792e-01 -9.431677514477897484e-01
-2.656333225087351146e-01 -1.026164807819418545e+00
-1.160721007250532094e-01 -1.041771035506880994e+00
4.429781060701647871e-02 -1.053656386068409834e+00
1.885822202328405472e-01 -1.030747826178450621e+00
3.483648210607749318e-01 -9.902028865373746491e-01
4.821600885307569806e-01 -9.315859677844281483e-01
6.128600997568287578e-01 -8.535474731430928719e-01
7.231117509719195979e-01 -7.506265856866946029e-01
8.306162720238928765e-01 -6.438635170469881874e-01
9.104809556268999016e-01 -5.131175325309468294e-01
9.763015856924994740e-01 -3.680803428500022956e-01
1.026044850326883084e+00 -2.220625766562683845e-01
1.045316293086494763e+00 -7.552927024420084956e-02
3.351294724739968811e-01 9.865541165592818240e-01
2.160959814073534213e-01 1.055800499808155823e+00
9.222105049016655898e-02 1.078049031843171690e+00
-1.822190491623494960e-02 1.014522981593209083e+00
-4.660858226900158746e-02 1.069459679682113418e+00
-1.142015007822502898e-01 1.043710789260960281e+00
-3.106048629562123686e-01 9.601178808957130384e-01
-2.779835979453632588e-01 9.910922580107450752e-01
-4.653957005044426776e-01 9.142860117420471555e-01
-4.041912584626217164e-01 9.724403543989420529e-01
-5.707432330241308804e-01 8.764402979841405816e-01
-5.611992912988675863e-01 9.092873592541858008e-01
-5.808940588190885101e-01 8.907186656863926855e-01
-7.034285541370898232e-01 7.175158675680601839e-01
-6.863612151155159546e-01 7.884770515705675775e-01
-7.057994878349624912e-01 7.830861084705267317e-01
-7.801848619172888633e-01 6.687446634938094547e-01
-8.174614536475071080e-01 6.092084899131173792e-01
-8.864035892811120698e-01 4.864386809520768185e-01
-9.775927143208867909e-01 3.395920756809488461e-01
-1.032764773264988944e+00 -2.078100566471085819e-01
-1.010648296272551594e+00 -3.413973325764788624e-01
-8.961833440446226318e-01 -4.717965757556000228e-01
-9.085507799914754878e-01 -4.850755002754764678e-01
-8.154975607470336119e-01 -5.981660530117974828e-01
-8.090170888023426876e-01 -6.915497282343991969e-01
-6.827409591992760207e-01 -7.834901722993440343e-01
-6.774984233470302541e-01 -7.960411720972395688e-01
-6.942862641779162791e-01 -7.824771371544383403e-01
-5.443769691141024936e-01 -9.027073864469578046e-01
-5.987667827545967159e-01 -8.497018618142687663e-01
-4.364260829679601494e-01 -9.288009565830238623e-01
-4.127511652247830010e-01 -9.917714341508481191e-01
-4.770329448301596775e-01 -8.991074585585818735e-01
-2.787743523448679150e-01 -1.015485073905271873e+00
-2.987733500649772944e-01 -9.851143213925407371e-01
-1.203401875995848136e-01 -1.042986666009613650e+00
-1.015836448150300303e-01 -1.061890973954539463e+00
3.014647010044491440e-02 -1.050421934281008163e+00
1.869910455202301522e-02 -1.035040593344544124e+00
1.690202782967352990e-01 -1.025687007779163329e+00
3.187013255726928729e-01 -9.978315751230963926e-01
1.042729988175921330e+00 8.005509908203677083e-02
1.018289281030033244e+00 2.382888735751829690e-01
9.699807361987742294e-01 3.909373588360106622e-01
8.989366650285646188e-01 5.344226037488626346e-01
8.068222803334720306e-01 6.653814357854357375e-01
6.957966652182171474e-01 7.807442909183518465e-01
5.684621660001537569e-01 8.778071616003172428e-01
4.278033954172364983e-01 9.542949764092207854e-01
2.771172758350832210e-01 1.008414925794007821e+00
1.199357621810672042e-01 1.038898484011040457e+00
-4.005694408563485742e-02 1.045031142292377924e+00
-1.991107495336611188e-01 1.026669156325705545e+00
-3.534975677710639475e-01 9.842429154991839679e-01
-4.995987026305581113e-01 9.187468549389733452e-01
-6.339896673406167915e-01 8.317161467927182139e-01
-7.535204515929354585e-01 7.251907170955584903e-01
-8.553893551142350837e-01 6.016674316328287642e-01
-9.372086571460551685e-01 4.640415715222934168e-01
-9.970605825955947132e-01 3.155389702786732253e-01
-1.033542253058455485e+00 1.596404030101505889e-01
-1.045798569099418707e+00 1.288213174475112960e-15
-1.033542253058456151e+00 -1.596404030101480631e-01
-9.970605825955952684e-01 -3.155389702786707273e-01
-9.372086571460562787e-01 -4.640415715222910853e-01
-8.553893551142366380e-01 -6.016674316328267658e-01
-7.535204515929371238e-01 -7.251907170955566029e-01
-6.339896673406184568e-01 -8.317161467927165486e-01
-4.995987026305597767e-01 -9.187468549389724570e-01
-3.534975677710653352e-01 -9.842429154991834128e-01
-1.991107495336620348e-01 -1.026669156325705101e+00
-4.005694408563534314e-02 -1.045031142292377924e+00
1.199357621810671903e-01 -1.038898484011040457e+00
2.771172758350837206e-01 -1.008414925794007599e+00
4.278033954172373310e-01 -9.542949764092205633e-01
5.684621660001548671e-01 -8.778071616003165767e-01
6.957966652182182576e-01 -7.807442909183508473e-01
8.068222803334732518e-01 -6.653814357854342942e-01
8.989366650285658400e-01 -5.344226037488606362e-01
9.699807361987752286e-01 -3.909373588360082197e-01
1.018289281030033910e+00 -2.382888735751800546e-01
1.042729988175921774e+00 -8.005509908203524427e-02
9.046233303918974622e-01 5.570316502243030099e-01
7.869493967248686328e-01 6.598855696520598002e-01
6.790033390045071560e-01 7.446177221602887641e-01
5.798079379393037414e-01 8.629157568128903444e-01
3.745313543223779407e-01 9.404064454473163304e-01
2.823851063479344559e-01 9.842462067634509815e-01
-1.890187169004169387e-01 1.043756630982859868e+00
-3.887370148550565174e-01 9.665319744094131860e-01
-5.157811955602727982e-01 9.471312717451038088e-01
-5.208785440172600811e-01 9.113996624638889266e-01
-6.366324334921935613e-01 8.462896919175668664e-01
-6.620538826453299386e-01 8.353198137137406443e-01
-7.356264311180963356e-01 7.403341395048504969e-01
-7.523525564847373115e-01 7.081087221327868608e-01
-8.600728807139146337e-01 5.666455109104193699e-01
-9.380818493486754450e-01 4.361821555791180471e-01
-9.612011593531358811e-01 3.234940927909843444e-01
-1.014693902346043286e+00 -2.907835117496824773e-01
-9.330153084953966003e-01 -4.431171841063910599e-01
-8.622383217809437284e-01 -6.333680607289919884e-01
-7.812471028696205133e-01 -7.271771977625338668e-01
-7.085643438670629068e-01 -7.347498730320840554e-01
-6.803595618715980731e-01 -8.376277392476504380e-01
-6.064354279655298496e-01 -8.453268207210776763e-01
-4.574364305328538771e-01 -9.302394343318379777e-01
-3.424563951091908476e-01 -1.026832125852596977e+00
-5.950230253953321669e-02 -1.034436542083778665e+00
2.857148737211187006e-01 -1.012048770874824699e+00
4.495042899483679966e-01 -8.989133194457682441e-01
5.702446534182170623e-01 -9.136886458004436218e-01
6.821357726440100411e-01 -7.929595574559641369e-01
7.233543414891844270e-01 -7.969187892370772630e-01
8.174765110391687406e-01 -6.452234487264723040e-01
8.924553760370326216e-01 -5.022949645686014541e-01
