1.005773260759932342e+00 -1.480910979875682543e-01
9.892477463795312786e-01 -1.630550485633364133e-01
9.674595083285764119e-01 -1.769854594549391535e-01
9.397217251604406130e-01 -1.882020744844892235e-01
9.058451790386379265e-01 -1.943993532918497635e-01
8.665657762263112573e-01 -1.927537079463936820e-01
8.240031822054239008e-01 -1.803244540149329112e-01
7.819318845573830501e-01 -1.548335850132098734e-01
7.455322084205406874e-01 -1.157174500005997420e-01
7.203859415148894385e-01 -6.502240713271434380e-02
7.108965743116923974e-01 -7.550869220611795309e-03
7.187769368163698935e-01 5.008274863207845540e-02
7.424029056344627620e-01 1.012486194549166996e-01
7.774489265040585018e-01 1.411102774194572529e-01
8.184087257248107150e-01 1.675621335718113780e-01
8.601470390532095500e-01 1.810687141222810936e-01
8.988742199782384645e-01 1.838046771517642952e-01
9.324177406110090160e-01 1.786445839576500383e-01
9.599872423842281677e-01 1.683831965503035377e-01
9.817287888370840321e-01 1.553166006101958097e-01
1.023414225497711882e+00 -1.619459832348679740e-01
1.007123707046528871e+00 -1.822692559727112638e-01
9.841602113566416676e-01 -2.026988827691100781e-01
9.530608081295999234e-01 -2.212939941156211177e-01
9.127774184147852132e-01 -2.350322984306196794e-01
8.633650510713319903e-01 -2.397397260120515128e-01
8.069107361157623615e-01 -2.304648475623216619e-01
7.484017669077869250e-01 -2.026248578424338920e-01
6.958004272942552859e-01 -1.540014226612401727e-01
6.585038456650904592e-01 -8.681268838891309514e-02
6.443559751092609034e-01 -8.425018848698432108e-03
6.565123868033695409e-01 7.018189742679786791e-02
6.919478795797817661e-01 1.379809429983464009e-01
7.428905062386781388e-01 1.875757638130737259e-01
8.000848800882098821e-01 2.167065294218684102e-01
8.556719160139092395e-01 2.274058058875061406e-01
9.045997538673078431e-01 2.240641808679910696e-01
9.446568899106466688e-01 2.115585764080485376e-01
9.757020007384453741e-01 1.940581803829943830e-01
9.987316131582857359e-01 1.745921918515636051e-01
1.046284318374168798e+00 -1.743728831062796303e-01
1.031767097228306618e+00 -2.010615441570395845e-01
1.009219519490964778e+00 -2.298102718473127304e-01
9.760223747549234830e-01 -2.586843808987837612e-01
9.295967511409664041e-01 -2.840597371721331754e-01
8.683673007089653950e-01 -3.001076354463672047e-01
7.934136652659229405e-01 -2.987886700978770183e-01
7.106684883114677831e-01 -2.711606614843864449e-01
6.323669959268896079e-01 -2.110538091101904490e-01
5.748526023411626440e-01 -1.200249324824337327e-01
5.527273889519235262e-01 -9.504039741511356373e-03
5.723274742770345647e-01 1.013742734210767993e-01
6.276011730427000224e-01 1.931660529504575230e-01
7.037601243281343955e-01 2.544725509913103867e-01
7.848647202001024503e-01 2.839416447368026120e-01
8.590099794348793338e-01 2.872336073197256923e-01
9.199625499088148750e-01 2.728761464397111425e-01
9.663491891970088510e-01 2.489195610198069453e-01
9.996535564611797042e-01 2.212699841494725206e-01
1.022418077966620320e+00 1.935761873968111502e-01
1.074936338840366545e+00 -1.836287702545513767e-01
1.064489863001283343e+00 -2.173421987345847128e-01
1.045130823280642218e+00 -2.561018547940951962e-01
1.012725067815960500e+00 -2.985721490854031934e-01
9.622713582708453117e-01 -3.410933236250479617e-01
8.889669410416156659e-01 -3.763002355295341772e-01
7.906278663990717881e-01 -3.920197621063792326e-01
6.720911401728124623e-01 -3.714467770014784342e-01
5.517693466929118884e-01 -2.987712205969123014e-01
4.593370253664108560e-01 -1.727905627518147580e-01
4.223797253234296001e-01 -1.095726145839668805e-02
4.558838521227159823e-01 1.519654781506887820e-01
5.461506430939055967e-01 2.787067544759153082e-01
6.631592468044278377e-01 3.523973467514740499e-01
7.793812257851184810e-01 3.761276172231520221e-01
8.774706961239742142e-01 3.632976964080492088e-01
9.509859643157092535e-01 3.299808607104770530e-01
1.001636212546943572e+00 2.889754814843459307e-01
1.034341184297671301e+00 2.478431256714297426e-01
1.054111686932179826e+00 2.102182970398147610e-01
1.109362528060442443e+00 -1.873931584966515018e-01
1.106073333345360954e+00 -2.279706288973537553e-01
1.094172021031221131e+00 -2.776351562400081185e-01
1.067936718217972203e+00 -3.366884611503229152e-01
1.019053514920367220e+00 -4.028290308713922130e-01
9.372138559946341374e-01 -4.682447949909840368e-01
8.131378484297768772e-01 -5.165733240787639957e-01
6.433699878495335867e-01 -5.197889813432921002e-01
4.511337324465136689e-01 -4.347369195899930538e-01
2.980667020051730454e-01 -2.560735841453529171e-01
2.283633350067670875e-01 -1.405744291616440635e-02
2.920959473699036302e-01 2.342602970256260630e-01
4.472348280291948974e-01 4.122361542909153131e-01
6.301182445272246468e-01 4.956704649779486438e-01
7.969245623643406162e-01 5.010388666585863238e-01
9.236301006086078402e-01 4.562398842981685299e-01
1.006182280592129441e+00 3.920331702469237456e-01
1.055281061104860196e+00 3.274390067431021123e-01
1.082030858382292404e+00 2.698927223351343940e-01
1.094614648909928434e+00 2.214327415578698499e-01
1.148575736917517576e+00 -1.829269396261334890e-01
1.156050985158477706e+00 -2.287664914618336987e-01
1.157333408598556490e+00 -2.883110207387962198e-01
1.145856748071196751e+00 -3.648877196512279042e-01
1.109866679476969598e+00 -4.602392419361178710e-01
1.030089993952210126e+00 -5.690925107750044454e-01
8.849162273010879876e-01 -6.689807342826226133e-01
6.485141024478402461e-01 -7.118990313360784583e-01
2.701533604717742953e-01 -5.052457882003363876e-01
4.975562800370814109e-02 -1.677599829105849705e-01
-1.872109718821013402e-02 8.418488205773582214e-03
4.906937642370823305e-02 1.307175985601041757e-01
2.556223722573192081e-01 4.889322922120192816e-01
6.120385270034767178e-01 6.775318321784096209e-01
8.629967953888473264e-01 6.639965930628966007e-01
1.017901671719311230e+00 5.581329355254149860e-01
1.095303625921809632e+00 4.490871168091992160e-01
1.131188752478671233e+00 3.561916733263581492e-01
1.143680960555182313e+00 2.814732938528874406e-01
1.143520442287416783e+00 2.231252017554741229e-01
1.190203837455401370e+00 -1.675354070069134949e-01
1.211805511358599041e+00 -2.150354606008786362e-01
1.232513621862988407e+00 -2.801155368174246263e-01
1.247087412805585327e+00 -3.700402531673918638e-01
1.242954429989370224e+00 -4.938182102621180292e-01
1.190512858413301789e+00 -6.570501265414985248e-01
9.680400956946300095e-01 -7.903597991063282535e-01
1.468479902897357192e-01 -1.824065718057121810e-01
-8.411812254401906941e-03 -3.286603322784353853e-02
-7.644826861207265623e-03 -6.804888023020094767e-03
-1.260591991778192700e-02 1.195186718120843164e-03
-8.753677115914682005e-03 9.732838105571406384e-03
-9.144726631623578683e-03 2.990324370903407747e-02
2.024888828673221397e-01 2.452913546473334261e-01
1.008105812520125877e+00 8.012596720175291232e-01
1.175977986693269584e+00 6.328530951762956214e-01
1.223080717874115431e+00 4.821134210173516621e-01
1.229522689268786051e+00 3.630510788341401174e-01
1.217370987991408526e+00 2.749306770305914860e-01
1.198390926821759628e+00 2.106806102383318446e-01
1.230342281511550562e+00 -1.393733078052017405e-01
1.267910451991431930e+00 -1.828900902250363281e-01
1.312476747052606640e+00 -2.450682391478187228e-01
1.363198267815499687e+00 -3.357404631240368253e-01
1.413402141828978165e+00 -4.706768374332970239e-01
1.380878640437828153e+00 -6.652824173034099786e-01
1.173820914176826324e-01 -1.381723632641884691e-01
9.631253391872984793e-03 -1.549716061190142824e-02
-1.277860862989532720e-02 -5.410605677088065057e-03
-1.496512640291713936e-02 -2.440745298691315845e-03
-1.586145627501589495e-02 8.279930291279379755e-04
-1.607079460888005684e-02 4.057238342141666898e-03
-1.435914986968045426e-02 7.540028188842140544e-03
-1.799552525458825158e-03 1.983430116137552268e-02
1.955696998895117833e-01 8.294458178678465465e-02
1.354552158128348616e+00 6.436564276061496059e-01
1.384962120615883974e+00 4.672145925407433786e-01
1.343576942140863206e+00 3.333228936220566929e-01
1.296678465318595208e+00 2.424072742327765262e-01
1.254113888938055865e+00 1.800960542151353039e-01
1.263958087083559834e+00 -9.839682691059170594e-02
1.316494356705216084e+00 -1.311650957803656148e-01
1.384608115499347258e+00 -1.792842420534990211e-01
1.472771831391914032e+00 -2.515040203596918822e-01
1.577056536803751907e+00 -3.592028685183423775e-01
1.247555049277460082e+00 -3.398271753001824713e-01
1.392906630139356672e-02 -3.161803975697763391e-02
-1.126300889233877722e-02 -9.120119786554248265e-03
-1.566361085573009237e-02 -3.480931864924818875e-03
-1.739879837447777522e-02 -1.487827352827375549e-03
-1.820256118067631323e-02 2.745832376267379584e-04
-1.858354217791180485e-02 2.141856388197527217e-03
-1.781539161102352331e-02 4.332137266670477160e-03
-1.217521896411555282e-02 8.252023938324359875e-03
3.797523353473664098e-02 2.827232273479030056e-02
1.217191900960514772e+00 4.487369604103097487e-01
1.554270776166516876e+00 3.668329957434313116e-01
1.455545930333365545e+00 2.542037758637438749e-01
1.369826690921543300e+00 1.789341348017758904e-01
1.302973845845795564e+00 1.297322688352564590e-01
1.285929648283676840e+00 -4.701790522724014210e-02
1.349026759442769841e+00 -6.290518391150801136e-02
1.434368958153598550e+00 -8.640998582904790837e-02
1.550883539375505604e+00 -1.221421751760320973e-01
1.691354474280274633e+00 -1.771209296140896505e-01
3.550514128996726249e-01 -5.110384002831036554e-02
1.193408994944189505e-03 1.408037207160095505e-03
-1.446161246855592886e-02 -1.730308435141658663e-03
-1.719400243821250784e-02 -2.088488953360667644e-03
-1.868711318757015905e-02 -1.437201269343379995e-03
-1.965894682229935020e-02 -3.950022708979503226e-04
-2.021313808088648356e-02 8.656501190637544418e-04
-2.002438919204291290e-02 2.377868971197294456e-03
-1.768475904696004131e-02 4.848021690248005555e-03
-5.678293476790996497e-03 1.120768834567575922e-02
4.987310404237421668e-01 5.180916576509764226e-02
1.688137692889127850e+00 1.972993490599472821e-01
1.539914915249702920e+00 1.250881846251261642e-01
1.421487833235290932e+00 8.644215388271758727e-02
1.336028306277567301e+00 6.212919930695726123e-02
1.292429964639659978e+00 9.956699932571755340e-03
1.358847415610332510e+00 1.453283919350845110e-02
1.449884295436948856e+00 2.218091236932506760e-02
1.576487150837375228e+00 3.549045623541857708e-02
1.725772597967222266e+00 5.942246267913064983e-02
-1.244863192014755426e-01 3.662749805304343909e-03
8.110752973517213610e-03 5.574117122388866363e-03
-1.146030941630547459e-02 -1.337633101339275044e-04
-1.689507897587606486e-02 -2.018512760760260427e-03
-1.932851063695311192e-02 -1.960535583078459876e-03
-2.063748760962559603e-02 -1.255800149002369963e-03
-2.132779436643171891e-02 -3.804734149964739132e-04
-2.128480138451846818e-02 4.833562872452734638e-04
-1.924394828610394292e-02 1.008683978099833567e-03
-5.946825251630017371e-03 -4.884354077672181660e-04
1.884330091474190338e-01 -2.434205737227190802e-02
1.719704700592344038e+00 -7.037463879882022155e-02
1.566548554831701079e+00 -3.921344260595871489e-02
1.437317873582355965e+00 -2.356026308801606461e-02
1.345842933393591956e+00 -1.519738913659418600e-02
1.282146034304315618e+00 6.622946687496744644e-02
1.343500094577140258e+00 9.092095335029082293e-02
1.426226734785678740e+00 1.293496446022479596e-01
1.539193773111732222e+00 1.918696631261362917e-01
1.675135916637152000e+00 2.946910269976332764e-01
1.916242030053144640e-01 -7.766089402465592428e-03
1.797644393595809742e-02 4.603421355584558228e-03
-8.256584429460200880e-03 -2.851218923306531039e-03
-1.661769571063675954e-02 -3.560007856018287953e-03
-1.991338239258594323e-02 -2.963518386925045878e-03
-2.138481208494164010e-02 -2.238849460843864592e-03
-2.202414152744774922e-02 -1.650299112876951746e-03
-2.174240146616879255e-02 -1.294951543936440075e-03
-1.855786102029716167e-02 -1.714032258532949271e-03
-1.789451541887587815e-03 -5.855779653398673901e-03
1.715063912467038043e-01 1.684294528649266098e-02
1.661335269449466967e+00 -3.085097880108333968e-01
1.523990087545606942e+00 -1.981438414450953367e-01
1.411687038208761402e+00 -1.312335576156020700e-01
1.329734656305292972e+00 -9.117477274842800128e-02
1.256811539645332099e+00 1.155597993300894188e-01
1.305954095236684820e+00 1.559758937849320404e-01
1.368478486631005575e+00 2.172282430697536348e-01
1.446763030193742194e+00 3.141848933671465005e-01
1.530426876637484446e+00 4.730027988471907641e-01
9.114511762970095576e-01 3.681068455390079652e-01
4.704818988694403625e-02 -1.520674414734468627e-03
-7.663763501782328014e-03 -6.726042415523547646e-03
-1.768259865475629855e-02 -5.015157446764395566e-03
-2.081123564108555701e-02 -3.685655847042168531e-03
-2.192903603067564156e-02 -3.049523738834832888e-03
-2.221759227489739086e-02 -2.981422646425313516e-03
-2.150352594393001304e-02 -3.528370484579546051e-03
-1.670415744790543222e-02 -4.782436285412083876e-03
3.260262332885455194e-02 -1.621093792460892580e-02
9.603565843155453807e-01 -3.575138539505795521e-01
1.495015446668373382e+00 -4.800516137166854769e-01
1.425522663858014738e+00 -3.167957288083211864e-01
1.351625961557058497e+00 -2.172240059339491935e-01
1.291301505564205643e+00 -1.549361340081945038e-01
1.220704776760701549e+00 1.533967898546073627e-01
1.253740136882870448e+00 2.026043813977618235e-01
1.290605925342301896e+00 2.741710465554447751e-01
1.326882722785827085e+00 3.812895054247245064e-01
1.346179603586425966e+00 5.448774707120129790e-01
1.258277266101132108e+00 7.787681199410845245e-01
8.461644111561361647e-02 7.936439862007871326e-02
-2.725689544833542755e-03 3.888412250994122132e-03
-1.883389026457016335e-02 -2.339413883441499031e-03
-2.132320718745583932e-02 -2.765827690554278906e-03
-2.179167471956899860e-02 -3.262912963199125251e-03
-2.130182145123282744e-02 -4.618538816524575541e-03
-1.857112042558006770e-02 -7.732170697509754831e-03
-7.616254125552002208e-03 -2.246371853802275886e-02
-2.860242443398641754e-01 1.381930930208064012e-01
1.220055649905357198e+00 -7.586352603906187930e-01
1.317314281661007280e+00 -5.356712923342965560e-01
1.304912070973590632e+00 -3.766686416941711357e-01
1.273120312215213490e+00 -2.707898847175727042e-01
1.238842705903488994e+00 -1.996188124785036599e-01
1.179264606345478139e+00 1.778472562606747687e-01
1.196077200003740071e+00 2.287623321564113965e-01
1.208965349919969290e+00 2.988932228430063454e-01
1.209997822014302615e+00 3.962551223099719522e-01
1.181041395961145435e+00 5.301802326229898554e-01
1.080441399402801705e+00 6.986783973649479673e-01
8.141086320092483231e-01 8.179164951485617951e-01
-1.072184576829038338e-01 -1.090564618344347370e-01
-6.999315853272181087e-03 1.981042388595533055e-02
-1.828994012666562696e-02 1.783442277651647867e-03
-1.948557470258682756e-02 -1.908320439391118350e-03
-1.691392728935814382e-02 -9.231955397498159410e-03
-8.196248777856407486e-03 -2.360487937493160882e-02
-9.206938912669770936e-02 1.124328891875259195e-01
8.415921095060185930e-01 -7.394718655255394513e-01
1.060466240412186734e+00 -6.669936972831447264e-01
1.159676943624466938e+00 -5.144829276724771638e-01
1.191132243090617937e+00 -3.869850870093793915e-01
1.192692728383778489e+00 -2.925402920516662064e-01
1.181796452308235823e+00 -2.238480368168871415e-01
1.137530016702175129e+00 1.895727507020961156e-01
1.140758287098004864e+00 2.368433918323886722e-01
1.135620598382958146e+00 2.980210918122505603e-01
1.114253388810340084e+00 3.760298204708001357e-01
1.063144608331643148e+00 4.711921022044851526e-01
9.622543094577662437e-01 5.746666812715517381e-01
7.917154633098544281e-01 6.557491466872678032e-01
5.768310613951044274e-01 6.638985421960075239e-01
1.468685878530551214e-01 3.339604243282101592e-01
-7.215925030912284655e-04 2.523278039299470255e-03
-2.159096178944164279e-03 8.618029110203151433e-03
1.541087711496524904e-02 4.389420339437899443e-02
1.219279355328173331e-01 -3.480546473781975791e-01
5.448409326161840482e-01 -6.936855332934421803e-01
7.972860026783079590e-01 -6.426388670995686336e-01
9.534497295164512387e-01 -5.538897698503519873e-01
1.048527112381851811e+00 -4.557375999015267354e-01
1.099073386944877662e+00 -3.650642571872930731e-01
1.121356521254393002e+00 -2.898986410784876178e-01
1.127656745907710256e+00 -2.304791118908378067e-01
1.099131292771080570e+00 1.908926089525775360e-01
1.092558499874669575e+00 2.315308659204262653e-01
1.076158015495087827e+00 2.807974867273688169e-01
1.043891878791038952e+00 3.384448270199125197e-01
9.874697241675556292e-01 4.011803171731420647e-01
8.977993405976758545e-01 4.598230009641257610e-01
7.699731052837877066e-01 4.975333424023342666e-01
6.069458105662706160e-01 4.952980082935221073e-01
4.145004725518552924e-01 4.243205679688477616e-01
2.470039651798527913e-01 2.459029799850462328e-01
1.913440143758182721e-01 1.268585353737941741e-02
2.508461358864977342e-01 -2.248625270418780353e-01
4.001423789748193016e-01 -3.918717264192977945e-01
5.885912707627394269e-01 -4.838291162055186057e-01
7.618592863610218480e-01 -4.857347702315073512e-01
8.888180657613586888e-01 -4.450962373049005549e-01
9.760161921381294015e-01 -3.876923539049248468e-01
1.031484941422138313e+00 -3.273903554150203732e-01
1.063857489238602128e+00 -2.719010060848603416e-01
1.080807843169853122e+00 -2.242680377373540423e-01
1.066056395954657621e+00 1.847225108133088156e-01
1.053347885868416434e+00 2.177423317091431443e-01
1.031232107748132343e+00 2.552117129807940366e-01
9.956990570996770984e-01 2.954523655854779385e-01
9.422380860262524749e-01 3.344316190542206968e-01
8.671979918823891076e-01 3.647371778367813899e-01
7.701731084441809649e-01 3.754953825840390280e-01
6.562355261531549466e-01 3.537015325860282111e-01
5.391854681294439011e-01 2.855384111651210199e-01
4.476598289747357740e-01 1.650156341601771715e-01
4.127771010362035753e-01 1.078684212714302142e-02
4.450231236886614816e-01 -1.431425883998715953e-01
5.315546589728947779e-01 -2.645239109901603713e-01
6.461393879605337176e-01 -3.374425727039676026e-01
7.611713857388058280e-01 -3.616410482477872002e-01
8.581832022258573112e-01 -3.514156785039990183e-01
9.323342625642672132e-01 -3.221344036094597740e-01
9.851641864439653062e-01 -2.847171905213774501e-01
1.020560984732354903e+00 -2.460779235984289492e-01
1.042884139280657596e+00 -2.099971305299264124e-01
1.038948978893377006e+00 1.738060678983432972e-01
1.023037662109895773e+00 1.995027845588692728e-01
9.990276140336540323e-01 2.267636851828580546e-01
9.645309738535967625e-01 2.535248669107081909e-01
9.174069210912971784e-01 2.761532807840483272e-01
8.567182435874465263e-01 2.891681411966473547e-01
7.840673620474092331e-01 2.855387813200327418e-01
7.049946678412499779e-01 2.578156824785704515e-01
6.302076534397249574e-01 2.004352011449139770e-01
5.750832245168058243e-01 1.140978104621817590e-01
5.539719851507829418e-01 9.567783256392152144e-03
5.724783508508912711e-01 -9.520565541622699746e-02
6.249441082677509307e-01 -1.826556115735467056e-01
6.979676928633504751e-01 -2.420514572986198765e-01
7.763861763403534511e-01 -2.715348226505254203e-01
8.485787414039958065e-01 -2.763711489539633082e-01
9.087081931561113990e-01 -2.644924942405757484e-01
9.553840950515191111e-01 -2.431170274500393802e-01
9.896799465952743624e-01 -2.176269443087042177e-01
1.013719417436138581e+00 -1.915366700857590310e-01
1.017581125944451159e+00 1.603461360769786737e-01
1.000541427486381085e+00 1.796528894828952616e-01
9.769625286308314394e-01 1.987303905680781746e-01
9.455820221851007901e-01 2.156364884411887672e-01
9.056310479112106293e-01 2.274738470850912186e-01
8.574498430633936685e-01 2.304178235382714490e-01
8.032192728500997525e-01 2.201270458891568804e-01
7.475825592900475769e-01 1.926860144328257363e-01
6.977620227041647638e-01 1.461587300050742888e-01
6.624489487242812835e-01 8.248724171234955715e-02
6.490165125028357629e-01 8.441934689057703153e-03
6.603896092429262232e-01 -6.585885999890794817e-02
6.938085851262565384e-01 -1.303172776313332726e-01
7.421700854080715004e-01 -1.780350258251695017e-01
7.968449687594825193e-01 -2.067306795420142951e-01
8.503979011885465233e-01 -2.181607086073134028e-01
8.980348621518996488e-01 -2.162963494207681414e-01
9.375780368480768345e-01 -2.055403633546859510e-01
9.687204935990534338e-01 -1.896997861596050328e-01
9.922267072055657167e-01 -1.716239295916466290e-01
