1.007085755407763905e+00 -1.495664629485871089e-01
9.905689998596600709e-01 -1.646855128486324205e-01
9.687818261164249378e-01 -1.787960439799229917e-01
9.410311558188810821e-01 -1.902271558379720062e-01
9.071132572341888967e-01 -1.966847947146965758e-01
8.677356476565756260e-01 -1.953534239523868621e-01
8.249735988626905048e-01 -1.832840883779907060e-01
7.825513444983123179e-01 -1.581563449931877585e-01
7.456229844747719326e-01 -1.193206347244246679e-01
7.198062522823533982e-01 -6.871645360665645796e-02
7.096111872783383845e-01 -1.107087727658264374e-02
7.168954222917878205e-01 4.700085063552100761e-02
7.401590639135102734e-01 9.877282121246833135e-02
7.751084210313607947e-01 1.392529133944531150e-01
8.161652879383707315e-01 1.662139844064847161e-01
8.580918184784014358e-01 1.800856751353929752e-01
8.970274601378691592e-01 1.830639094231178987e-01
9.307650824172020165e-01 1.780569211841953603e-01
9.585005684823011407e-01 1.678889316439047263e-01
9.803773081933186972e-01 1.548788399161860063e-01
1.024876514424664098e+00 -1.634041561220245242e-01
1.008617417200636801e+00 -1.838868430707951696e-01
9.856870820113128318e-01 -2.045030827364491266e-01
9.546220322375820189e-01 -2.233269478525179430e-01
9.143643125763079027e-01 -2.373611166663125438e-01
8.649352813173294408e-01 -2.424630943340511102e-01
8.083489037802604749e-01 -2.336988477047985402e-01
7.494825346407552047e-01 -2.064468908277083958e-01
6.962031346878583271e-01 -1.583469340150261973e-01
6.579389253245659930e-01 -9.139781891248477397e-02
6.427197229900305508e-01 -1.280540271943278290e-02
6.539670476456360682e-01 6.648051813320121628e-02
6.889270312744799618e-01 1.352641029780438098e-01
7.398888185394825179e-01 1.858003970346355782e-01
7.973843256445056760e-01 2.155943679445693206e-01
8.533302970746570182e-01 2.266894025632182341e-01
9.025830713007199080e-01 2.235695244777535784e-01
9.429097468482883215e-01 2.111785948094269116e-01
9.741657740546738609e-01 1.937294638700293170e-01
9.973539898674887993e-01 1.742825011845727801e-01
1.047898801381841327e+00 -1.757963822114660957e-01
1.033434669196058309e+00 -2.026424165729312499e-01
1.010952795696389295e+00 -2.315716962794533984e-01
9.778455075544489894e-01 -2.606663128003550156e-01
9.315435153069695495e-01 -2.863419335274919320e-01
8.704514687250863858e-01 -3.028447702959558008e-01
7.955475653451116180e-01 -3.022209793218866292e-01
7.125528965512173407e-01 -2.755442375226813123e-01
6.334058151979693463e-01 -2.164451769390146607e-01
5.744310938847529968e-01 -1.259668219045464999e-01
5.506133302385229911e-01 -1.525453307197530833e-02
5.686849524538839518e-01 9.669604875420095835e-02
6.232951446486745262e-01 1.902554263569233850e-01
6.998532223253439710e-01 2.530781241668922377e-01
7.816918933632210909e-01 2.833176854130425859e-01
8.564310652712103789e-01 2.869370028562689967e-01
9.178364137180827775e-01 2.727243905337028984e-01
9.645698874274555301e-01 2.488046547126265828e-01
9.981219880580738391e-01 2.211344254377678453e-01
1.021055257259748661e+00 1.934041870850977674e-01
1.076702136942562227e+00 -1.850031793161965865e-01
1.066324907793427812e+00 -2.188680719611291181e-01
1.047054025760261187e+00 -2.577908129226935685e-01
1.014781780321192262e+00 -3.004421414427649317e-01
9.645601608688947337e-01 -3.431990311610522149e-01
8.916434127228778372e-01 -3.788318087096476106e-01
7.937468111471779331e-01 -3.954242135927443780e-01
6.753685233948591993e-01 -3.762966878970175344e-01
5.541666939663492109e-01 -3.057212507548573432e-01
4.592785605706506402e-01 -1.808049203684183870e-01
4.197733600775288565e-01 -1.897018609758881896e-02
4.502907091661123573e-01 1.454113793519645759e-01
5.394329911614392792e-01 2.759236086404848187e-01
6.582051432607372021e-01 3.521848442536335000e-01
7.759792928019138003e-01 3.763213340782622929e-01
8.747857390603308581e-01 3.635523705703280761e-01
9.488589271454883622e-01 3.302728870829874097e-01
9.999320235455422257e-01 2.891745591786332170e-01
1.032895780118257001e+00 2.479083491419720175e-01
1.052815964440139140e+00 2.101745744240557379e-01
1.111279245768008739e+00 -1.887091939011886765e-01
1.108068041794594283e+00 -2.294355054608909761e-01
1.096257760563614791e+00 -2.792479995409480331e-01
1.070151310515305987e+00 -3.384294036781954063e-01
1.021524978764425384e+00 -4.046419910827370181e-01
9.403713001248603653e-01 -4.701730602990195074e-01
8.176694464712364052e-01 -5.194378121605192078e-01
6.482660491676206505e-01 -5.247682116317975431e-01
4.578332949264329876e-01 -4.445255433023537206e-01
2.980527963470325226e-01 -2.662964470868028899e-01
2.263243196979081162e-01 -2.534289583091306822e-02
2.830585209999103569e-01 2.224997630443817376e-01
4.351798493013125935e-01 4.116476997594692433e-01
6.253824565599575003e-01 4.987844901936255848e-01
7.940455202118368305e-01 5.017314323959010114e-01
9.208392342317073265e-01 4.571219404149329257e-01
1.004238545858475717e+00 3.929255411036214340e-01
1.053839836580356959e+00 3.279665106214002535e-01
1.080780302398669512e+00 2.701175223158380767e-01
1.093439475194906141e+00 2.214755552513580916e-01
1.150648917584015107e+00 -1.841788615152362141e-01
1.158209059258468177e+00 -2.301764178704690522e-01
1.159575188052398564e+00 -2.898796720793561654e-01
1.148176397131778215e+00 -3.665954791297587612e-01
1.112182660086655783e+00 -4.619452080401065253e-01
1.032780078501920329e+00 -5.698780174215323235e-01
8.902133413139190488e-01 -6.693803038822332407e-01
6.679100454463471337e-01 -7.251341323324922428e-01
3.312087514477579653e-01 -5.206521639374606103e-01
6.001159187780991111e-02 -1.562831379334866932e-01
-1.265257432952360261e-02 -1.952209681800429197e-02
5.295498564118039653e-02 1.044068554204632959e-01
2.516067703708491088e-01 4.708314122665757662e-01
6.271422603817444763e-01 6.863363618574702674e-01
8.578652081515536487e-01 6.628403771563384783e-01
1.014585662041945779e+00 5.609064459028978433e-01
1.094217482546890885e+00 4.508099421701650122e-01
1.130319851623884375e+00 3.568793531250169515e-01
1.142720024139848300e+00 2.817178094695083068e-01
1.142491928492362918e+00 2.231737533201227919e-01
1.192448255483717912e+00 -1.687145562286929135e-01
1.214152183575708532e+00 -2.163954561850700564e-01
1.234956317599503750e+00 -2.816775907239921217e-01
1.249630678604961576e+00 -3.718190223877071432e-01
1.245757015229524978e+00 -4.961544517242777452e-01
1.187876931039453243e+00 -6.612387625100435429e-01
9.955296398811119829e-01 -7.765398359133401929e-01
2.052048245823168138e-01 -1.472574906437151832e-01
1.508032837469475140e-03 -2.153098715422130383e-02
-1.197641602390997484e-02 -2.326126222185198600e-03
-1.597187032314373312e-02 7.969069768952112554e-03
-1.774689893798808704e-02 1.946045969142551346e-02
-2.670885660753130608e-02 3.398544945767134617e-02
1.934019459494307203e-01 2.009582874500870364e-01
9.701436869244706163e-01 8.001725378916546561e-01
1.179969575962969142e+00 6.413430576081724510e-01
1.224399106223554856e+00 4.831588590689461782e-01
1.229289525183008269e+00 3.632715404069042364e-01
1.216644914510489617e+00 2.749756168143502322e-01
1.197469556709401806e+00 2.106445509724474974e-01
1.232778907963454795e+00 -1.404598466639805920e-01
1.270487368385798677e+00 -1.841832135802157211e-01
1.315217888547517422e+00 -2.466248385675862131e-01
1.366084738209963234e+00 -3.377335716092111362e-01
1.415102761875944193e+00 -4.722076041236622501e-01
1.426358436694052267e+00 -6.392821519521052487e-01
3.109534219409615385e-01 -2.440709341927616016e-01
2.022088307899183590e-03 -1.451660258533271630e-02
-1.420262149956275088e-02 -1.905793854888870875e-03
-1.790826949080170927e-02 2.159931175191309727e-03
-2.047435253080598372e-02 5.407710681938802770e-03
-2.343577743321390017e-02 7.954742915579071649e-03
-2.366087470978883722e-02 8.562244721476708342e-03
-7.282002560867750773e-03 2.361561665274125588e-02
1.275780856870811775e-01 1.412093579947426569e-01
1.362931104959752560e+00 6.336961842286270574e-01
1.384672960655767726e+00 4.645992157225387054e-01
1.343118950834322201e+00 3.328938673517689573e-01
1.295956379630127664e+00 2.421919589865173528e-01
1.253205423921317951e+00 1.799421352773800109e-01
1.266606031346225070e+00 -9.935712263297702407e-02
1.319327936024435877e+00 -1.323446844479803097e-01
1.387705190158043278e+00 -1.806907866363527404e-01
1.476729447612795010e+00 -2.530943483598413479e-01
1.588222096025523999e+00 -3.612470421281033239e-01
1.317676232806667125e+00 -5.485703887354276276e-01
2.386380777157581790e-02 -1.855236452088959709e-02
-1.177848894292232718e-02 -3.518862748895790205e-03
-1.758191283459387133e-02 1.376605270436703776e-04
-2.022063393510076246e-02 1.812395187557602760e-03
-2.233595397784615688e-02 3.049256818558654207e-03
-2.437486481124961912e-02 3.789574776145443469e-03
-2.541662277375900114e-02 4.332075426654036221e-03
-2.368913504626868338e-02 6.795129795958976260e-03
1.165880623413773076e-02 1.999948096813808363e-02
1.248716632063517240e+00 4.204222189482087479e-01
1.556262644260129724e+00 3.729893209979762148e-01
1.455277311909012772e+00 2.537677787695513665e-01
1.368997157379738816e+00 1.785733160826152854e-01
1.301999915217047388e+00 1.294977349397341548e-01
1.288806515406669684e+00 -4.780707169726117201e-02
1.352127592166295189e+00 -6.394358851935066923e-02
1.437632397312093024e+00 -8.768896532700187763e-02
1.553989419808450290e+00 -1.231588804506156265e-01
1.692906331652280105e+00 -1.761508268718436909e-01
3.885402502114951306e-01 -1.008502357326590548e-01
7.260584073142395400e-03 -7.793390712540482212e-04
-1.425620885780271019e-02 2.807721225206449844e-04
-1.874979627995126963e-02 5.352838047423258416e-04
-2.105792622591501351e-02 9.227054299953962868e-04
-2.285612004392756358e-02 1.175221192060442368e-03
-2.443442997790007398e-02 1.076856333323550352e-03
-2.545522904113112217e-02 5.352961672716594066e-04
-2.442533812672176285e-02 -6.130409353166665909e-04
-1.106841617368514719e-02 -1.391719434351568196e-03
2.277109412386119081e-01 -1.017837685127642722e-02
1.674113078403889343e+00 1.856244119660721559e-01
1.538564168339426219e+00 1.245395973526997047e-01
1.420495767967547840e+00 8.607784986514488423e-02
1.334958136756650315e+00 6.187141974032250857e-02
1.295555566499865696e+00 9.411682065501025818e-03
1.362302995077466106e+00 1.368487491705927539e-02
1.453586851729566476e+00 2.079690131868261460e-02
1.579858096318126570e+00 3.284654522233809715e-02
1.725476412340043897e+00 4.789753921991657393e-02
-5.259378080611113587e-02 -3.534266734543711763e-02
3.718649379889157978e-03 2.129936705574930755e-03
-1.357732329952631573e-02 8.524626385808531381e-04
-1.870079709420676209e-02 1.270038978884446834e-04
-2.112228516004516568e-02 -4.226818482999661342e-05
-2.266541940482202228e-02 -3.221882105129307084e-04
-2.382158791994122560e-02 -9.777968104804357630e-04
-2.426834892361755952e-02 -2.095121208111616617e-03
-2.191735249228811411e-02 -4.025524017388093512e-03
-5.253193298248788265e-03 -8.298924366542115294e-03
7.913826864331442723e-02 1.578005491030598506e-02
1.741296685748239925e+00 -7.922476623697161102e-02
1.567263733058897213e+00 -4.009315829705428769e-02
1.436296686065519079e+00 -2.402527893935690884e-02
1.344661833965994591e+00 -1.545678817870710375e-02
1.285505322681395501e+00 6.605048039379779468e-02
1.347387435448352155e+00 9.048352730860909077e-02
1.430840610914587030e+00 1.283360243666287204e-01
1.545011068687095479e+00 1.894113409591668962e-01
1.681878605539900873e+00 2.859992376408837522e-01
1.792255459033958997e-01 1.301309012611162608e-02
1.228842969363541648e-02 5.675205294735086170e-03
-1.194717307961001840e-02 -2.538091797221753154e-04
-1.848272931450956058e-02 -6.963759363537436187e-04
-2.087596528842161625e-02 -7.948397023530007210e-04
-2.198872681982738664e-02 -1.403720099387126578e-03
-2.268449929461929804e-02 -2.613358457224657094e-03
-2.282417299124428478e-02 -4.169720696509116031e-03
-1.990344175913733027e-02 -5.597755245819735492e-03
7.126871261045608641e-04 -7.773201073514313109e-03
8.432161589622427789e-02 -2.401323051462012081e-02
1.643840909830354580e+00 -3.136401092716245564e-01
1.521047439998468587e+00 -2.000380726263051301e-01
1.410134400068533855e+00 -1.317437314587310837e-01
1.328387977348322480e+00 -9.137539559277874091e-02
1.260300211880199139e+00 1.158772467737967382e-01
1.310126410160933785e+00 1.562445261729883406e-01
1.373740132326662255e+00 2.173589778400430994e-01
1.454006138855393093e+00 3.141448840017391220e-01
1.539058891446215993e+00 4.746482836450027776e-01
9.074051082663986412e-01 3.782927636651134407e-01
3.431141440938367815e-02 7.378508593784971481e-03
-1.142918239804280311e-02 -1.072858036201829179e-03
-1.879222950267267489e-02 -5.619880881413408247e-04
-2.045304207108245009e-02 -6.626829526315547447e-04
-2.072827746601335619e-02 -1.818311992744193030e-03
-2.063343563800223990e-02 -4.060175605027638301e-03
-2.060042539771211878e-02 -7.374890851474802389e-03
-1.841152055674866173e-02 -1.008818749432371931e-02
2.180389786220759962e-02 -2.409448946725012419e-02
7.448388605577688226e-01 -4.479837349209758735e-01
1.494505585777226475e+00 -4.756821453136805822e-01
1.423008715082706876e+00 -3.159382298522595001e-01
1.349875269117643439e+00 -2.172206436764190229e-01
1.289852328720714647e+00 -1.549724632162008398e-01
1.224138937049190634e+00 1.542687220713334639e-01
1.257853179688462886e+00 2.037058043546124964e-01
1.295758578933901006e+00 2.756812626555027457e-01
1.333672387608084708e+00 3.836504119871642082e-01
1.355609233320536067e+00 5.487303417066247135e-01
1.269884029305555773e+00 7.651970324150492164e-01
3.687895068406166210e-02 4.378353251049404982e-02
-3.968943526053703152e-03 1.111525010828895432e-02
-1.832426117523100473e-02 4.151849592955447754e-03
-1.909034425837674576e-02 1.377568090764891284e-03
-1.849268374611301446e-02 -1.093433347420050836e-03
-1.664291559417940825e-02 -4.995723034167676158e-03
-1.321761253708420014e-02 -1.309599190999544138e-02
-1.047211440149076189e-02 -3.492416116079977151e-02
-2.987386017732263088e-01 1.684034798952027678e-01
1.252258139851670782e+00 -7.626789555670598908e-01
1.317298774444867204e+00 -5.335809018622406086e-01
1.303464180296852737e+00 -3.761621833034722862e-01
1.271564239317957146e+00 -2.706075562564436154e-01
1.237397119378614851e+00 -1.995181906715459696e-01
1.182453358923569731e+00 1.792217787466032775e-01
1.199792643953231375e+00 2.305818270443582563e-01
1.213392524973256892e+00 3.014750758858442126e-01
1.215364056234239376e+00 4.002637760178506809e-01
1.187551751369115838e+00 5.372399136919647766e-01
1.084738425233253700e+00 7.149115149087048593e-01
8.119037571091414218e-01 8.146351630659476317e-01
3.085398557305385481e-02 1.395372101248282259e-01
-6.398341727353873409e-04 2.754325963980619463e-02
-1.427269308780010348e-02 6.262721170696150530e-03
-1.455504234252447127e-02 1.769392791288063342e-03
-9.805726348491861089e-03 -6.469746940486742481e-03
5.817238471071961570e-03 -2.217721620712487240e-02
-7.558262996525400013e-02 1.461506441683813051e-01
8.148897529161913678e-01 -6.815234145261128695e-01
1.048391232602653433e+00 -6.763124800480946330e-01
1.158081416290407395e+00 -5.161943758927067805e-01
1.189608892598995604e+00 -3.870341168980218072e-01
1.191171274400757429e+00 -2.923758367474094122e-01
1.180359950350894360e+00 -2.236627372700361605e-01
1.140343396994687453e+00 1.913169220802446446e-01
1.143884715706497968e+00 2.391235181028972256e-01
1.139059679677409953e+00 3.011438232199248333e-01
1.117847346572273803e+00 3.805380166055583047e-01
1.066149538488418980e+00 4.780213920641918079e-01
9.619895803891598263e-01 5.846240158416671218e-01
7.814437239805860358e-01 6.666121364706878438e-01
5.609720069792500929e-01 6.344243937924065602e-01
1.715516512797421456e-01 3.054411323477124185e-01
-9.578552769395898281e-05 -1.559205162689397683e-02
4.510445194301215821e-03 5.386476455691707743e-03
3.053999163719955945e-02 4.709202707929210918e-02
7.689495196441464842e-02 -3.042007985031996986e-01
5.685214476202582468e-01 -6.569502401926463619e-01
7.982467904641099565e-01 -6.322438050920831110e-01
9.480573788317281370e-01 -5.513585400593645769e-01
1.045606597433714757e+00 -4.556948690389561740e-01
1.097176630908194284e+00 -3.649082617659260563e-01
1.119764955964561715e+00 -2.896348849969943018e-01
1.126214829712031129e+00 -2.301970983558265793e-01
1.101523366619590050e+00 1.928503769824407854e-01
1.095072302890978122e+00 2.340051206288951136e-01
1.078687474953126113e+00 2.839953643409431905e-01
1.046153983383559805e+00 3.426302457309393645e-01
9.888099342928713398e-01 4.065403897939479094e-01
8.970596221745852361e-01 4.658823687789126478e-01
7.666129083269157540e-01 5.017755118601341380e-01
6.067648757164323392e-01 4.954209632777006878e-01
4.167401137052473281e-01 4.294671996510862622e-01
2.402043804010789430e-01 2.536874675084055397e-01
1.846440363331836032e-01 1.512666565441150163e-02
2.462850339879651962e-01 -2.249888235899183409e-01
3.941408209051600053e-01 -3.937638719063679682e-01
5.913449434688589079e-01 -4.851036758113447256e-01
7.621537644461984229e-01 -4.826254139476759963e-01
8.867284267948716270e-01 -4.428745777214326829e-01
9.738018256190694721e-01 -3.867000989718372139e-01
1.029649360667694857e+00 -3.268216473755192197e-01
1.062279100440719493e+00 -2.714484538442007988e-01
1.079385899915930036e+00 -2.238662101335964216e-01
1.068047874756228310e+00 1.867613779911825311e-01
1.055331592841983746e+00 2.202201469769993203e-01
1.033080477037371381e+00 2.582347890948644142e-01
9.971776961467493372e-01 2.990960618324001175e-01
9.429866856250379570e-01 3.386227252680606981e-01
8.668797929882310349e-01 3.690449242519722173e-01
7.690445636061959966e-01 3.791417675668296017e-01
6.554373987123529588e-01 3.567556169275809541e-01
5.383529991231328360e-01 2.894605142128603426e-01
4.448858501068997384e-01 1.691784002332985537e-01
4.088314014583982470e-01 1.328873183239348728e-02
4.414825380278974976e-01 -1.422525870358470890e-01
5.291425572080665773e-01 -2.646350340301506510e-01
6.453361790105227591e-01 -3.372159149393294530e-01
7.604189209202938393e-01 -3.602980268324529334e-01
8.567692480444466518e-01 -3.499590508310534975e-01
9.306655218694892540e-01 -3.210576080584592873e-01
9.835561295495809375e-01 -2.839447312230025666e-01
1.019081868911415611e+00 -2.454712536148040414e-01
1.041519967688506743e+00 -2.094832358133236205e-01
1.040594591638248634e+00 1.758354994077393485e-01
1.024604987751089880e+00 2.018817202568512492e-01
1.000408539345467585e+00 2.295336426853111789e-01
9.655704249497265579e-01 2.566823170236420815e-01
9.179294443825458671e-01 2.795974226900499460e-01
8.566269432307294096e-01 2.926691623461097347e-01
7.834830810466786311e-01 2.888506020704617594e-01
7.041504148934274454e-01 2.609613562491674976e-01
6.289843149360319075e-01 2.036157392917753439e-01
5.731495815569997987e-01 1.170699060093727262e-01
5.515267419138236704e-01 1.181054410409078208e-02
5.700960087418227573e-01 -9.380443880619981911e-02
6.230551094450675897e-01 -1.817877754611363361e-01
6.966248247557671469e-01 -2.412102960575146504e-01
7.752076627265847009e-01 -2.704556259082924186e-01
8.472715138056097217e-01 -2.752256155920818070e-01
9.072921771075947994e-01 -2.634794438810206252e-01
9.539665594168100782e-01 -2.422787036622686685e-01
9.883208320601721830e-01 -2.169281649317311711e-01
1.012434040826739601e+00 -1.909372509547813124e-01
1.018943272123042920e+00 1.623140110034304584e-01
1.001794414533945243e+00 1.818918838030825214e-01
9.780256330263292774e-01 2.012493584613683772e-01
9.463581756894390296e-01 2.184095575248767851e-01
9.060299312914499303e-01 2.304237969272593389e-01
8.574297087537496864e-01 2.334224986384680900e-01
8.028132516686214970e-01 2.230732148218572686e-01
7.468448068282396157e-01 1.955312885188731364e-01
6.966752552274302346e-01 1.488810053971284519e-01
6.609824696699684310e-01 8.496236503454018818e-02
6.472847603603648636e-01 1.049582450738952705e-02
6.586315746451543163e-01 -6.427351025068611667e-02
6.922239374409899781e-01 -1.290738649660588822e-01
7.408004323703876182e-01 -1.769310897133979932e-01
7.955856313850517836e-01 -2.056416160896501477e-01
8.491388965481716511e-01 -2.170979978577070035e-01
8.967505942025799648e-01 -2.153196397702328291e-01
9.362958684265376696e-01 -2.046790182087177001e-01
9.674703232761983074e-01 -1.889486020836561586e-01
9.910241603975245006e-01 -1.709645115671110105e-01
