-1.000000000000000000e+01 0.000000000000000000e+00
1.052372408100919365e+00 5.413806475724134565e-02
1.053308263807369638e+00 1.724046924143353421e-01
9.976586556620753443e-01 2.860317738762272466e-01
9.435948938992766433e-01 4.428863091213851577e-01
8.465826471675504949e-01 5.655684428851421863e-01
9.332288027547573916e-01 5.457817304521774826e-01
8.388688513639156463e-01 6.897990591046847531e-01
6.613330643685806365e-01 8.188785408846865899e-01
7.395669825967475797e-01 7.744861712640215279e-01
4.481946114308709705e-01 9.548600551609122133e-01
5.486288599196906812e-01 9.369917000456697842e-01
2.175972135902855542e-01 1.032784054867557755e+00
2.596923242127872067e-01 1.034370235090805279e+00
-1.611742201752820458e-01 9.919355964911557022e-01
-1.531813514706994450e-01 1.037063160235361270e+00
-3.959888990068412551e-01 9.895686539339594301e-01
-5.491074153671590130e-01 8.882781156963807101e-01
-7.345040448993147564e-01 7.468338204485206466e-01
-8.756026566158020552e-01 5.716286530873718741e-01
-9.793857944818501471e-01 2.447602638970160227e-01
-1.021732001716152860e+00 4.761233055633681279e-04
-9.865278457642885357e-01 -2.512409539053815921e-01
-8.904537504061474928e-01 -5.050699099557094396e-01
-7.633857140193417434e-01 -7.302253880122321350e-01
-6.327834046911764432e-01 -8.041869873575657746e-01
-3.032532355209656694e-01 -1.031895302725819308e+00
-3.341277764702252351e-01 -9.973648416199459854e-01
8.512580485885712367e-02 -1.065200377161679590e+00
4.364865786906177436e-02 -1.038756823527709594e+00
4.620975163165587096e-01 -1.005193626370938897e+00
3.556077010914576175e-01 -1.007625343438302679e+00
6.611863333025984613e-01 -8.585401209726650773e-01
6.768163285292538855e-01 -8.372351489342553243e-01
7.212982921108088696e-01 -7.715401337203914300e-01
7.240185278390454116e-01 -7.198189903313748639e-01
9.738043449935637197e-01 -5.433088890233489510e-01
9.112729248380300184e-01 -5.281045648780910984e-01
9.353003623651606757e-01 -4.388519400544020899e-01
1.002346385094997849e+00 -2.628742675889310099e-01
1.051109664807186261e+00 -1.500197997590678178e-01
1.052888833130894541e+00 -5.014721798134653269e-02
1.081692477839377720e+00 1.394214697969974881e-01
1.078216214512441207e+00 1.306842274477736932e-01
1.004229005205378389e+00 3.029913102451313733e-01
9.995470621934353650e-01 2.737323496316234062e-01
9.626125202099539147e-01 3.385371642992153762e-01
1.047601665755583999e+00 2.971023344480373529e-01
8.384989650745874323e-01 5.518566329552152538e-01
1.082878566564315026e+00 2.771611522600144761e-01
9.591114965376916768e-01 4.138740990064557201e-01
9.988931351961365390e-01 3.512076779963240747e-01
9.475834246909615732e-01 4.482307134349549638e-01
9.547473027002139068e-01 4.527860987331649434e-01
9.617929707785385363e-01 3.958710417112384361e-01
8.754946206541273090e-01 5.038190544887584110e-01
8.410653787300855777e-01 5.863541119931325873e-01
1.012637497140897125e+00 3.963232868820337762e-01
1.011083783239485889e+00 4.049929297846458498e-01
8.371643087401848815e-01 5.868721108244683293e-01
1.028799952044527899e+00 3.768263081279067395e-01
1.019940623657643819e+00 3.930605442064133426e-01
8.338563708668054186e-01 6.392911721988548956e-01
7.413535939621199722e-01 6.808431443538951466e-01
8.420511672311783435e-01 6.193339518904341645e-01
8.281119950295059429e-01 6.349648853019841388e-01
8.494145329032547487e-01 6.102462219052817716e-01
9.009056935972464819e-01 5.469486804314243056e-01
8.755564359875542824e-01 5.721833081366372031e-01
9.011561225593747171e-01 5.660888909950603232e-01
7.383973432666628423e-01 7.141453676198906697e-01
8.731075560957849424e-01 5.567410317838640266e-01
9.289048536692892100e-01 5.522335675977919633e-01
8.740710188682760950e-01 5.502574815223691962e-01
9.264470177560796271e-01 5.426956880604477673e-01
9.205148266305742677e-01 5.495207785433647851e-01
9.119006951750291412e-01 5.390314177368206172e-01
8.923276936023757377e-01 5.461113609614594022e-01
8.666141548550356788e-01 6.273321689379144361e-01
9.951063903389022469e-01 4.666472122262502187e-01
8.257806575769189861e-01 7.034144076478217045e-01
8.451909263301943254e-01 6.695274597134036609e-01
8.568419490015752871e-01 6.501243509961609490e-01
8.548575875261772428e-01 6.786803747546933385e-01
8.438796475436887157e-01 6.967544445790071483e-01
6.344107696797739449e-01 8.264471720643777886e-01
8.108986916555891433e-01 6.937792908041018336e-01
8.874154717929010339e-01 6.232956928111211825e-01
9.598349240802800386e-01 5.108050073187484497e-01
8.446184546905677326e-01 6.850946676995571805e-01
9.658120176555134995e-01 5.412809201906851886e-01
9.479740158624163637e-01 5.645340405425511854e-01
8.558511361736924616e-01 6.558607504643233499e-01
6.581097492371793534e-01 7.800041416340024458e-01
8.517520333521713116e-01 6.767865218588369203e-01
6.850432366590706312e-01 8.264457282418886663e-01
9.663677204596693437e-01 6.007690881668125149e-01
6.680445221345699958e-01 7.984341479938970032e-01
9.529865515376039209e-01 6.069699658685524524e-01
6.607085193737014528e-01 8.033167405053436294e-01
4.981651349634101944e-01 8.676710561618947715e-01
6.901022191000549810e-01 8.296347798078970159e-01
6.631233013688141442e-01 8.239810009948793645e-01
8.743582900489458298e-01 6.744104471598627581e-01
6.670184727096718502e-01 8.463284302325063679e-01
7.029891801836375409e-01 7.593963983336560197e-01
6.536839790031838682e-01 8.227697890828747918e-01
6.772034386109283544e-01 8.217993457274512803e-01
6.844002349839117816e-01 8.109021807388532288e-01
8.175892601758699696e-01 7.180525374893286239e-01
6.794325070336793004e-01 7.780673571894543006e-01
7.150240977191413272e-01 7.787357502121851072e-01
7.090265836119854503e-01 7.835772467339122693e-01
6.991940596357200111e-01 8.572962313600946960e-01
7.478212390434187951e-01 7.770513492629096408e-01
7.476788500194503362e-01 7.805606394832317330e-01
2.925554149057661979e-01 9.637468421375182670e-01
7.866741722732593090e-01 7.471069131205756442e-01
6.790520970600751882e-01 8.616994852109299829e-01
6.968667919811425415e-01 8.538772447294640244e-01
7.027175177648778970e-01 8.358326122076736864e-01
4.686131173836539099e-01 8.972097528514303422e-01
7.252402651524761934e-01 7.742437835730351381e-01
6.937105471465643269e-01 8.602427612670139334e-01
3.821808159194037824e-01 9.600204998449317628e-01
7.235867372595580216e-01 7.845346242472444054e-01
7.357231059370578086e-01 7.813053146255289905e-01
7.331511703327736607e-01 8.041339419540801670e-01
8.251583979407108860e-01 7.363775557312783882e-01
4.119878058251872921e-01 9.738244507104112380e-01
4.363234049503305068e-01 9.240614548640418979e-01
4.706758165884454836e-01 9.019018284403643726e-01
4.610155239324314480e-01 9.497149684356092081e-01
7.241078709161797855e-01 8.331210634131861470e-01
4.239755500930576515e-01 9.219705637449371327e-01
4.905219108520201265e-01 9.508942939937888861e-01
4.067620661769514312e-01 9.480169995153572282e-01
4.922142788742738251e-01 8.975976063289639040e-01
7.271764374545687248e-01 8.307648429495068099e-01
8.306637892498093256e-01 7.647468656803015907e-01
2.078106147348285360e-01 9.950836581308358797e-01
4.679122487329267499e-01 9.074853485891838378e-01
4.754561024282632498e-01 9.501843156046928529e-01
2.059218327180687980e-01 9.981958398221596473e-01
4.373101461177976712e-01 9.532813721235792181e-01
4.094265633823357953e-01 9.457391242845782919e-01
4.419504777758781477e-01 9.465502163095858013e-01
4.777044145321491797e-01 9.349064206239104946e-01
5.401487138593807913e-01 9.365039148000980918e-01
7.322685012109630964e-01 8.530813963914534170e-01
1.572345953904271398e-01 1.021609438366905431e+00
5.352350220287066529e-01 9.584174806804868219e-01
5.186134919695226664e-01 9.309298576291269445e-01
5.224003610919248919e-01 9.268989050717225675e-01
1.589037030240007253e-01 1.014444584289779128e+00
3.999620270541963674e-01 9.912739889071542354e-01
5.382372608530997526e-01 9.416269001804158378e-01
5.300698898723024133e-01 9.593001095623479024e-01
5.613713994341932301e-01 9.312945379362688181e-01
5.460409970223235598e-01 9.297817085413960791e-01
6.133392533773731614e-01 8.972453077410984523e-01
5.260106366345340678e-01 9.543994443857642951e-01
4.907881304205115591e-01 9.288170526683725559e-01
4.753781363434220197e-01 9.188128670548074695e-01
3.011849844449496771e-01 9.875749477313484626e-01
5.152642122701596161e-01 9.262694397560234938e-01
3.463967840320014702e-01 9.972028164068499345e-01
2.655851177497960958e-01 1.015756347667644777e+00
1.308225245165788586e-01 1.057622147289696501e+00
2.954650628549385094e-01 9.979665572998850376e-01
1.145909397032756488e-01 1.043026790167824291e+00
1.312630230310631030e-01 1.045495051535756170e+00
2.202188266902820324e-01 1.029975818671751142e+00
3.011031876456192746e-01 1.002247781058450027e+00
2.683759574661889746e-01 1.006799211296796503e+00
3.318948398682238787e-01 9.975260217324185552e-01
4.386852208500686690e-01 9.877284684357987565e-01
2.073345767528968209e-01 1.023681406449555853e+00
2.361907710871592458e-01 1.026583041332762125e+00
2.702125261392365196e-01 1.004275602397783684e+00
1.536667482210436753e-01 1.044503487186443147e+00
4.082125938359714712e-01 9.946366285085487258e-01
3.036041882464488584e-01 1.000128962665489230e+00
1.604303864575144789e-01 1.057624000183690516e+00
2.317863682898857747e-01 1.028304097398929917e+00
2.478531445816381240e-01 1.058369364394901702e+00
2.347622144264248645e-01 1.078818073832031210e+00
3.263512257473813460e-01 1.015301646072370056e+00
2.294074958202488856e-01 1.079978340742645093e+00
2.471675797232059935e-01 1.037370318155167892e+00
2.178219368228578035e-01 1.075945404787781223e+00
3.124182821525429143e-01 1.017503684286666710e+00
3.412409691078149843e-01 1.012636658996408867e+00
2.689340587753069056e-01 1.036348031801623604e+00
2.868480884173373324e-01 1.037558313051379688e+00
4.279223932770985228e-01 1.011545579279838236e+00
-1.407077245857251413e-01 9.917881085860246193e-01
2.022913413916523628e-01 1.055230409069521702e+00
2.447645859057824280e-01 1.045850003105346371e+00
1.499147972180107924e-01 1.078286204861521602e+00
3.616858945002265902e-01 1.011786971788443790e+00
2.224361421545065498e-01 1.086414057161491087e+00
2.329787392688049685e-01 1.057296893355297085e+00
-8.091307335937929224e-02 1.026982858354985817e+00
-7.715929210850661080e-02 1.039820339730573640e+00
-1.768956381145281032e-01 1.022450528585865381e+00
-1.044828405110165420e-01 1.017257865605200928e+00
-1.214148548194374788e-01 1.004474460111314693e+00
-9.628252063799068450e-02 1.018654635185193946e+00
-1.613538012865775306e-01 9.906590381010821345e-01
-5.434479211860546860e-02 1.007797148774053575e+00
2.755694852627479374e-01 1.067818775086707417e+00
-4.349084893699216303e-02 1.004975438237205365e+00
-1.380641079779676428e-01 1.014081616883197201e+00
-1.389021406505268341e-01 9.919380581036953970e-01
-1.280206764658322616e-01 1.014831280382550327e+00
-1.362400689777630292e-01 1.013491492502397007e+00
-1.019898059394669654e-01 9.968936723677599421e-01
-9.624479433791606475e-02 1.007722970759998393e+00
-1.203635528539932220e-01 9.948592994760991903e-01
-2.114461393180976367e-01 1.029555165434086650e+00
-1.830960010417106709e-01 1.040954831078245935e+00
-1.443382298477709214e-01 1.045393931967005807e+00
-4.218500883315756123e-01 9.254454086670418356e-01
-4.409493068868238635e-02 1.043573698838940134e+00
-1.981471567515327714e-01 1.035106180398769560e+00
-4.050503856512761153e-02 1.035347102146097376e+00
-2.478195136338841864e-01 1.009244900659381328e+00
-1.731418712059709653e-01 1.037825451959661693e+00
-1.406549296285122819e-01 1.045249824769072688e+00
-7.015587421896135600e-02 1.050261220605229973e+00
-1.491461778458182674e-01 1.034676216188875175e+00
3.007610437253973798e-02 1.054925587951034638e+00
1.415445858385614743e-02 1.058112778303285095e+00
4.843139075112996850e-02 1.058909397291373455e+00
-4.096736717073375111e-02 1.053910878163474951e+00
-3.482919516310457042e-01 9.738779693433705642e-01
-3.851452471493189700e-01 1.004559025956646590e+00
-3.634261480223653362e-01 9.771192898487109924e-01
-3.481756309944682437e-01 1.002862979222417739e+00
-4.585614007586236163e-01 9.212415136992394560e-01
-3.761938167864576354e-01 9.678472114450775710e-01
-4.663100977605590391e-01 9.151083887485625956e-01
-3.369366316717789522e-01 9.816072677461876728e-01
-3.596057388671596855e-01 1.008677861387751618e+00
-3.215054313084897974e-01 9.853385883269173418e-01
-3.759476492095603639e-01 9.651357604707396787e-01
-4.935580471624995136e-01 8.921146051307193847e-01
-3.810710431358813599e-01 9.953558962965881607e-01
-3.664225102032449555e-01 1.010566396428656644e+00
-4.975047371623890768e-01 9.236701968558168607e-01
-5.368360677250140212e-01 8.944707720387066185e-01
-5.227901827528671497e-01 9.045384218717161806e-01
-5.665800866599660646e-01 8.507055854575826803e-01
-6.099316429369384673e-01 8.290500393337389973e-01
-6.027784877351499704e-01 8.487819874366760997e-01
-6.008074209974637592e-01 8.512292698818297865e-01
-6.106879966455188713e-01 8.253288612746509934e-01
-6.249096403572814706e-01 8.041108562938545923e-01
-5.648795202902766599e-01 8.585770598596156322e-01
-5.141597202432616198e-01 9.010229399122260396e-01
-5.157388719814417488e-01 9.057512624835590831e-01
-7.478615969066593205e-01 7.326692328562035561e-01
-7.329907003988377356e-01 7.405179602020779406e-01
-6.778692954858317465e-01 7.954469300486737282e-01
-7.147798176222727173e-01 7.583758534637128346e-01
-8.696404083522899509e-01 5.105876745332146305e-01
-8.312363405078615486e-01 5.631675792293118210e-01
-6.136729286961118968e-01 8.605203980364455330e-01
-6.885830484850272715e-01 7.591611673059956988e-01
-7.960545096230889905e-01 6.144421279753385923e-01
-8.802106500604568451e-01 5.537670871271089812e-01
-8.871784669116945521e-01 5.279553224089065244e-01
-8.329617241775671976e-01 5.864915077013400646e-01
-8.785388112541070438e-01 5.549268509418558981e-01
-8.911218557093081305e-01 5.674545992481062617e-01
-8.530682873255209797e-01 5.744104555100311149e-01
-9.680615028956573997e-01 2.804949445806764197e-01
-9.924555067140797826e-01 2.404119769490627168e-01
-9.805153940339690344e-01 2.361340285599297650e-01
-9.942816466711019707e-01 -2.476587593402323761e-01
-9.902051582676998365e-01 -2.394553129987963824e-01
-9.659439390473322229e-01 -2.623120532906869640e-01
-9.012644487877262689e-01 -4.924254050073683664e-01
-9.060786533337549242e-01 -4.914368192230476606e-01
-8.530148669627812819e-01 -5.482656157656754514e-01
-9.000597605353360953e-01 -4.925470313738692374e-01
-8.424350256930150938e-01 -5.999959741366133192e-01
-9.140858888354058687e-01 -4.914684155062848392e-01
-7.455317865275059575e-01 -7.538711217910938345e-01
-6.533068082007529309e-01 -8.362583300012518261e-01
-7.794608167030218082e-01 -6.655372018834901926e-01
-7.153408524718778416e-01 -7.677241421540689226e-01
-6.369748225513541806e-01 -8.578537843930482687e-01
-6.162242585536511497e-01 -8.523040237440666633e-01
-8.054064232218026698e-01 -6.344961801210041719e-01
-7.570304241186320837e-01 -7.468854832547943134e-01
-7.514174126448363022e-01 -7.327918536290010110e-01
-6.693110868949020409e-01 -7.770419250265400146e-01
-6.019995018235209105e-01 -8.322825135732299096e-01
-6.319221796593568197e-01 -8.009106366242537689e-01
-6.440712914573605286e-01 -7.973568896811975559e-01
-6.797062685643739943e-01 -7.833420555325700807e-01
-6.122006191533031494e-01 -8.168375239770979679e-01
-5.936142153893750883e-01 -8.109130333017218195e-01
-6.346201878444339695e-01 -7.983156204932715383e-01
-7.226435409477609539e-01 -7.087988902610012909e-01
-6.586196123605776442e-01 -7.804448590394594820e-01
-6.389202832886378136e-01 -8.253645873304256142e-01
-5.890218289559870923e-01 -8.242056828646535660e-01
-4.557944194898476131e-01 -9.529834534788258482e-01
-2.861327136624088885e-01 -1.018379745395118219e+00
-2.903607410347389117e-01 -1.032189327143134605e+00
-2.376419569453820935e-01 -9.961226326472074621e-01
-2.360902088863550963e-01 -1.003062115649312691e+00
-2.205064427900891022e-01 -1.023322266574649753e+00
-2.973909876998075963e-01 -1.019180546373197771e+00
-3.409005741255449196e-01 -1.025474314106769924e+00
-2.355207640999403829e-01 -1.007985842291693412e+00
-3.770080459851226640e-01 -1.032443623776208241e+00
-3.069367708878436019e-01 -1.040654829245974744e+00
-3.370096595696140951e-01 -1.027342411252859966e+00
-3.511425882470025628e-01 -1.040453742498909095e+00
-2.748226540368755022e-01 -1.006108522062964195e+00
1.439205785760517275e-01 -1.078711849037101933e+00
-2.962879376718772217e-01 -9.674258742416351753e-01
-3.264243582921677600e-01 -9.459895661332055061e-01
-3.478610069977042807e-01 -1.001149847983056507e+00
-3.296191001355159855e-01 -9.804139209068695182e-01
-3.551566058296514172e-01 -9.919417125170778560e-01
-3.083906465190000556e-01 -9.855648918475753417e-01
-3.518421315032286278e-01 -9.794606105690892850e-01
-3.229331542479189077e-01 -9.698967789672261475e-01
-3.467232195557843899e-01 -1.009365164677664017e+00
-3.586061346290311813e-01 -9.775411723790958796e-01
-3.556941218490383694e-01 -9.730320380954997628e-01
-3.350775225199131846e-01 -9.789518235911253141e-01
-3.162409029329597554e-01 -9.582619929124671643e-01
-4.252039701376369302e-02 -1.098771380277486331e+00
-3.046924661683340085e-01 -9.605605010763821339e-01
8.508852264554750411e-02 -1.070695669601638533e+00
8.906968303660783848e-02 -1.050758247571607296e+00
9.517196081360966564e-02 -1.057303461825722213e+00
4.374904316824243522e-02 -1.086291768668174562e+00
7.632974028929015442e-02 -1.062171916991904830e+00
3.968066348888308996e-03 -1.089669115120227794e+00
1.460906112241082133e-01 -1.036425606173819736e+00
4.870742342714376449e-02 -1.081018882375923917e+00
2.216130401541638664e-02 -1.077779097256239993e+00
1.003911271142140238e-01 -1.051453149041607027e+00
4.213545069098374729e-02 -1.065902920637671336e+00
2.489013952202073256e-03 -1.091928423814169324e+00
2.174333869679811321e-02 -1.074647146687331745e+00
2.085332946885135597e-01 -1.029452592504241704e+00
-9.012455536280838259e-03 -1.084371939470801571e+00
2.469243749500380225e-01 -1.058835095171564156e+00
1.464483240073833070e-01 -1.044765161482361648e+00
9.747521336948862525e-02 -1.028568375361484488e+00
-9.336323819788605594e-02 -1.044246640146128779e+00
1.957696540923438769e-02 -1.024019559255425760e+00
1.999271310829646986e-01 -1.014071246677504368e+00
5.248396661193930474e-02 -1.020949614138011441e+00
1.171034885747002444e-02 -1.014058247845792238e+00
3.959687499804008803e-01 -1.061019135089461329e+00
1.003175376977487598e-01 -1.009686375875143538e+00
5.298257699070402227e-02 -1.040621706016765513e+00
5.433536138442116720e-02 -1.031428305030336556e+00
8.661048010920145701e-02 -1.022603279340537075e+00
1.051501745975704782e-01 -1.027333318916483051e+00
-6.481654215398495456e-02 -1.045029608954001876e+00
5.214655356739459485e-03 -1.019885343861486326e+00
9.158475417226848159e-02 -1.023691453264402140e+00
2.657067776340690107e-02 -1.045710234632292845e+00
2.085785675118681168e-02 -1.058534633962329830e+00
4.090917642799657417e-02 -1.043477736812604917e+00
4.478388712666729887e-01 -9.600007875373208766e-01
4.964708019941967421e-01 -9.677360342215350908e-01
4.601128851371134587e-01 -1.018876980171516289e+00
4.955658797955784789e-01 -9.642973388805285984e-01
4.576895907567626320e-01 -1.017817407816732356e+00
4.444067789526671697e-01 -9.656241369533887786e-01
2.107722708916008880e-01 -1.013944654043585691e+00
4.709693316465123347e-01 -9.612744475714913861e-01
-3.477559423817403600e-02 -1.008258698559028499e+00
4.740316888060288059e-01 -9.864397490359906318e-01
4.444780520151154213e-01 -1.003740842671597022e+00
4.703446601016217365e-01 -9.589954685038534210e-01
4.597813450666875523e-01 -9.696936733762869798e-01
-3.901062701978166847e-02 -1.014291554916866067e+00
4.605513454961239761e-01 -1.005371039713820469e+00
4.424565819069720685e-01 -1.012710772601710385e+00
3.625110590716603548e-02 -1.000312058988704456e+00
4.578704776879993776e-01 -1.026895964324364252e+00
4.955111498990741881e-01 -9.540533679679665813e-01
4.010093222269471847e-01 -1.033921083040694633e+00
3.449174744628841771e-01 -9.636889730678449562e-01
4.034589263805710146e-01 -9.602141424198961106e-01
3.022321200629051186e-01 -9.823829571403384087e-01
3.997220152977727925e-01 -1.041737976890162010e+00
3.749991951315808647e-01 -9.964785134208281603e-01
3.928338086724266209e-01 -1.007587568961935132e+00
3.533934784119790451e-01 -9.963616909589403381e-01
3.651661981440948446e-01 -1.013610704738034940e+00
3.217911547482107948e-01 -9.898612509977813279e-01
3.176905369299953819e-01 -9.723203502253029429e-01
4.004850484449462011e-01 -1.022332904933225928e+00
3.281038835626499672e-01 -9.638564483063922772e-01
3.304461399367011887e-01 -9.956199204384847956e-01
3.890419291709918959e-01 -1.025990467688506325e+00
3.202114380231443347e-01 -9.685794990463580945e-01
3.726213273925791380e-01 -9.630604989352175016e-01
3.351943258517505186e-01 -9.928229909754696658e-01
6.728492660513769597e-01 -8.741384671911718307e-01
5.614882815572488362e-01 -8.998425720922917925e-01
6.869264019647722819e-01 -8.504622658133170754e-01
3.168404700041482225e-01 -1.010854748517905133e+00
6.076213364628016977e-01 -8.691866892755621965e-01
6.410611062546736072e-01 -8.572081842250737216e-01
5.625256199832971982e-01 -8.918747594271394519e-01
8.259379542995703982e-01 -7.771544767407790877e-01
5.686201645106704339e-01 -8.912951770303803034e-01
8.297074569897681107e-01 -7.837930704960954786e-01
5.351529185321231008e-01 -9.122561344698001395e-01
8.347606499219116793e-01 -7.636852246856737914e-01
6.840687142841819224e-01 -8.471098416568344502e-01
3.966871229305173885e-01 -9.540532328005759677e-01
4.621305385211060268e-01 -9.393727507395057685e-01
5.222523505286182921e-01 -9.198934276514076913e-01
5.652748980611090879e-01 -8.966636915072982994e-01
4.235159251442892625e-01 -9.499532264445116336e-01
6.548081217658601183e-01 -8.555245202577423935e-01
7.896580944527958890e-01 -7.573891466242763659e-01
5.383295383061595940e-01 -9.001851320402787238e-01
5.109870434782433080e-01 -9.137716437577469986e-01
5.878010101135400234e-01 -8.534472111378118564e-01
7.868783526720998234e-01 -7.999024887662600225e-01
5.357686755318342708e-01 -8.981675567509659341e-01
7.845406650784649827e-01 -7.938168408080260585e-01
5.631923516551364806e-01 -8.667942023129497908e-01
7.631563224282957858e-01 -7.308163605918742700e-01
8.016828129966658834e-01 -7.353265220876000763e-01
7.892260326221642863e-01 -7.537115849998732298e-01
7.570557941887829934e-01 -7.333858177461735073e-01
7.466705143035476944e-01 -8.179069457553126421e-01
7.942178628756328962e-01 -7.813667124077929849e-01
5.163982548486170110e-01 -9.078579048206495417e-01
5.503973858421533638e-01 -8.792887018646367014e-01
5.575542585444394073e-01 -8.783220771544226757e-01
7.878559547980846789e-01 -7.424211509267527598e-01
5.009555196464245963e-01 -8.918598339537243680e-01
7.399961262146153018e-01 -7.753638370668941571e-01
7.069544247350970645e-01 -7.486518874564368486e-01
6.839715804539817645e-01 -7.784523981772928369e-01
7.016782618951753481e-01 -7.776953041980556591e-01
7.619584233513946314e-01 -7.774681858821163027e-01
7.089937972053641513e-01 -7.724069744607165999e-01
7.230784906161754622e-01 -7.525477742288820826e-01
4.388632888744627425e-01 -9.231583199779643811e-01
7.522863418870214813e-01 -7.632631737201968081e-01
7.026681717131957328e-01 -8.207493588741081592e-01
9.527072660615648614e-01 -6.063092552173622307e-01
7.328222312414632844e-01 -7.262715477075546433e-01
7.206122949023753277e-01 -7.659911134487757955e-01
7.365975621755416203e-01 -7.567573026119556179e-01
7.562922492412299524e-01 -7.913339144435522776e-01
9.981318375403602783e-01 -5.491489056553036097e-01
8.088079797155389716e-01 -6.580279281953923531e-01
6.884824423075676103e-01 -7.484317224720439254e-01
8.408863900695342508e-01 -6.418758373766643155e-01
7.781799543134103603e-01 -6.776113007687729617e-01
7.912297616379307952e-01 -6.633488708226176200e-01
6.905670472792032610e-01 -7.418321372107306022e-01
7.157168693401896320e-01 -7.984231005964755878e-01
7.951825850263488649e-01 -6.695362391281575176e-01
1.010392403180604193e+00 -5.353736905725794415e-01
7.031874578115806518e-01 -7.342730520882919665e-01
6.700924538362470484e-01 -7.783450378043141882e-01
7.442579002887259598e-01 -7.034642345697694754e-01
6.868604872562262820e-01 -7.908197064135231713e-01
8.156746675308320649e-01 -6.502425567548381080e-01
1.009051723726893668e+00 -4.452132509664971094e-01
6.361463070402221254e-01 -7.792803800821751503e-01
8.504069727774150600e-01 -6.170868323095266561e-01
9.836093803434134974e-01 -4.931908357468990922e-01
9.720306790941107833e-01 -4.983473680873361511e-01
8.764195564257407645e-01 -6.031641668979577098e-01
8.459685792818979477e-01 -6.136234315423426677e-01
6.996029099127160089e-01 -7.211521231521641484e-01
8.485839750231839451e-01 -6.199594019362483222e-01
9.806999910344681437e-01 -5.075876848428545474e-01
9.669673967932373992e-01 -5.226820271809513585e-01
1.026011140010802958e+00 -4.225743569494289642e-01
9.507199058543088777e-01 -5.725021160326069225e-01
1.005132289899474562e+00 -3.808033142350022993e-01
8.888769167074472843e-01 -5.447570300837181190e-01
1.054018427384021184e+00 -3.309984045687086596e-01
9.015475934605818864e-01 -5.804824967363921839e-01
9.308422892144347927e-01 -5.562974676654383055e-01
9.396527045137926804e-01 -4.999734771984165049e-01
9.147683402883914905e-01 -5.410880426994988390e-01
9.592768570307910192e-01 -4.826392983431010419e-01
9.390507134033159176e-01 -5.012061860448620010e-01
9.119872421898594927e-01 -5.459868877952647193e-01
9.117632443665060205e-01 -5.512571976338407342e-01
9.297216058293026331e-01 -4.645201944280153428e-01
9.417366907035165102e-01 -4.274639366237004690e-01
9.983385670680604562e-01 -3.425463437484282947e-01
9.357393409616545643e-01 -4.156503244458006896e-01
9.413915224854563224e-01 -4.431435455191220507e-01
9.962614878536280028e-01 -3.466683950878290954e-01
9.402138990227388859e-01 -4.316217170279251780e-01
9.353271553862991805e-01 -4.679031832313640393e-01
8.720732832669063628e-01 -5.349935620683351489e-01
1.037077005037083666e+00 -2.359878567327929055e-01
9.881921088861317370e-01 -2.902235644788548896e-01
9.716722960019394950e-01 -3.331344884816662688e-01
1.080231442198790637e+00 -1.143496955676849142e-01
9.743646649428894246e-01 -2.269847949082196004e-01
1.048359828181706366e+00 6.449044505986323284e-02
1.053137100189794673e+00 1.864924742110771194e-01
1.013532168840469927e+00 2.985240992735475052e-01
9.739087971362866414e-01 4.261686821843313489e-01
8.815816364660086224e-01 5.938283121217640126e-01
7.610550760631678013e-01 7.103094739963342619e-01
7.134068543363096815e-01 7.504229098459899161e-01
6.593969288906403881e-01 8.672214610087500830e-01
4.041373078441977684e-01 9.589702642864988968e-01
4.648476906263953046e-01 9.732404800183749316e-01
2.084592502727410646e-01 1.019016199737113215e+00
1.969101561764169117e-01 1.062338935958619945e+00
-8.925636995582160449e-02 1.006809657200038233e+00
-6.235559903143119559e-02 1.033499265905057252e+00
-2.441078087529529039e-01 1.017989388313196741e+00
-3.244022636607187260e-01 1.016196602673101745e+00
-5.560056193287301607e-01 8.953504052354414045e-01
-7.654458821059783036e-01 7.300258140790366612e-01
-9.169812995907089537e-01 5.330180813639890935e-01
-9.881422340806039761e-01 2.490945069092246056e-01
-1.024063970628900755e+00 1.667924156239906312e-03
-9.985683141433594479e-01 -2.552081725521375133e-01
-8.973774308977873204e-01 -5.220850734878236254e-01
-7.615282020220824899e-01 -7.531562948077367148e-01
-5.940577738679710951e-01 -8.371000722148004280e-01
-3.312247755504216795e-01 -1.049036758470661246e+00
-2.753045730396214141e-01 -9.772718199166102737e-01
-1.921787988992745833e-02 -1.095413844400454417e+00
-4.860256006881528631e-03 -1.068470280855724708e+00
7.530655377425561625e-02 -1.001325947983898956e+00
4.426095746577934920e-01 -1.031917859133798965e+00
3.347892930585675275e-01 -1.009468366663562877e+00
5.802439500472831302e-01 -8.785277963530478962e-01
5.615960455276898244e-01 -8.564083364199545079e-01
7.138090810738818570e-01 -7.853815431100953370e-01
7.490487381347704643e-01 -6.886418756292347343e-01
9.485318079692875992e-01 -5.296683196069761346e-01
9.587367005694200639e-01 -4.241976056617451918e-01
1.010662722762561305e+00 -2.797154968890560589e-01
1.051774766350213941e+00 -1.665864393575571811e-01
1.049104741546683428e+00 -6.115692993632677876e-02
1.074359833787675855e+00 1.630087389624179928e-01
1.051146613177048605e+00 2.417750664599023491e-01
1.000091197667162701e+00 3.170903570929019533e-01
9.725152452302069372e-01 4.027402016006761953e-01
9.668092555291443180e-01 4.322282031366623256e-01
9.114144826085590623e-01 5.793525915584334385e-01
8.586954793687784360e-01 5.926390307203752705e-01
7.798189242155109113e-01 7.117955843901118129e-01
7.759487553003343585e-01 7.148442450065858322e-01
9.297518321297174593e-01 6.162916839591483509e-01
8.839503754342781239e-01 6.471455377576467161e-01
7.062318662528517255e-01 8.295068550856181666e-01
7.026426679614532489e-01 8.189443347566280895e-01
5.560184227449842531e-01 8.771040778652644532e-01
4.164813132160911646e-01 9.755228538256881521e-01
3.998895075902686447e-01 9.312684339537649070e-01
3.432241039166464835e-01 9.713535050540667015e-01
7.204204115157878396e-01 8.675002462601543174e-01
4.341319873703575194e-01 9.821044972226269376e-01
7.003738694439844981e-01 8.796884584576533106e-01
5.892986067709362619e-01 9.059995184599326512e-01
4.119609688580315177e-01 9.930760997617991137e-01
1.878218156375608128e-01 1.023291179765701608e+00
1.574846796061265750e-02 1.023761776052731332e+00
1.994253446078833314e-01 1.058806071921788883e+00
3.924069025307258540e-02 1.031296632871505858e+00
-2.854635992689225077e-02 1.014746027954842145e+00
-1.220130950368000372e-01 1.012808494065338794e+00
-2.422990333905409022e-01 9.833085151667430024e-01
-2.187120561313459222e-01 1.018220409149393602e+00
1.576298386888908276e-01 1.097394075196133967e+00
-3.612041569360590620e-01 9.412893113472261541e-01
-4.122310660601041787e-01 9.473037347571254818e-01
-2.146996776034062471e-01 1.035544420274958854e+00
-2.913296869272852252e-01 1.010986009392601526e+00
-2.848213195808920739e-01 1.026138834452219095e+00
-7.237891032742352904e-01 7.215587191495553832e-01
-8.517547544357056966e-01 5.485522513110788756e-01
-7.303702444734618826e-01 -7.640042070437930155e-01
-6.011665574239295484e-01 -8.384441786231614513e-01
-2.322050572104075727e-01 -1.049136897475242636e+00
-2.859879426329092755e-01 -1.038184548219902137e+00
-1.192384642193063393e-01 -1.071293582890436413e+00
-2.671031594446049984e-01 -9.648979580765287833e-01
-3.484440216994788009e-01 -9.483219408275571638e-01
-4.270800296820202041e-02 -1.092168038189835100e+00
-1.594027858008540410e-01 -1.023116172509418664e+00
-8.946517713296549268e-02 -1.058233086062218220e+00
1.239821089886411765e-01 -1.015516742354540369e+00
-2.528227447173768405e-02 -1.070845077813360025e+00
-2.027898649733274761e-03 -1.005921802244575947e+00
3.147521285597093543e-01 -1.047026159261756906e+00
4.903064464794349986e-01 -1.009588763264653632e+00
4.341734584396134689e-01 -9.923971180282370463e-01
3.677275240525374467e-01 -9.812732207041596766e-01
3.630366995943231090e-01 -9.768770262978644370e-01
2.759143921870232385e-01 -1.020955531132698990e+00
3.234603084193892197e-01 -1.006788816431753331e+00
3.035606382639909340e-01 -9.886134753436678357e-01
8.475284685964991072e-01 -7.254407566340926872e-01
5.517428866693638856e-01 -8.955627165549533419e-01
3.021258118474366983e-01 -9.623990650551642601e-01
5.491958091811871556e-01 -8.670304953813482429e-01
5.290893546502449807e-01 -8.805104712344813400e-01
9.271753899557411138e-01 -6.519705780999200950e-01
6.530451116866302641e-01 -8.295421828618605442e-01
5.091422817533296508e-01 -8.698484973837866674e-01
9.920590581658357276e-01 -5.323718777748831510e-01
6.961432969584674391e-01 -7.293671099816440018e-01
7.031450499629338102e-01 -7.185600050276615969e-01
9.364223122611589067e-01 -5.348870392346420921e-01
1.004593108620337016e+00 -4.110206074407802834e-01
9.602309796529210351e-01 -4.448340489418899368e-01
9.894144062164015319e-01 -2.894756574455609188e-01
9.795827645361355751e-01 -3.500487762860904906e-01
1.058650268939833383e+00 -1.465474599576672698e-01
1.045643301775507350e+00 7.105028458412879222e-02
1.040380297819944344e+00 2.032508913656730920e-01
1.007641545971894148e+00 3.280012538778037667e-01
9.709532949755415032e-01 4.485399642284488286e-01
9.081586331205142582e-01 5.878871707790912504e-01
8.100770559732263232e-01 7.073712356682645419e-01
6.691733585632703152e-01 8.219344650336578573e-01
7.131044264343684436e-01 8.290135492844707965e-01
4.261616871218429359e-01 9.468437633301655110e-01
5.095670050774511184e-01 9.724981562892067721e-01
2.357318189532528752e-01 1.028240542341809505e+00
2.523209131858858423e-01 1.055985692605018622e+00
-7.678506777099196323e-02 9.998768528142393253e-01
-1.486424676793930422e-01 1.039590958089521067e+00
-3.605168418343516201e-01 9.901414644811959986e-01
-5.506510096523861142e-01 8.717507982581111925e-01
-6.680182340616738212e-01 7.837982395447142814e-01
-8.169932486281449302e-01 5.945600374024401225e-01
-9.338850042925053163e-01 4.624090924270783387e-01
-1.002129567608413652e+00 2.418558749676564812e-01
-1.027281235104333001e+00 3.244551862655296621e-03
-1.013712207615368621e+00 -2.400252264605899355e-01
-9.448108336824705411e-01 -4.636468185677037890e-01
-8.144326575401663604e-01 -6.360867015100241106e-01
-6.973451688371733459e-01 -7.842742360361220078e-01
-5.510877078849918398e-01 -8.426103654558330103e-01
-3.336898580763404398e-01 -1.031075952803272244e+00
-3.473213641300011423e-01 -9.565564730185106557e-01
9.944823658929748122e-02 -1.068305931846978307e+00
6.604615064682536896e-02 -1.026998416048059415e+00
3.780366923810168367e-01 -1.056509536063857890e+00
3.674717305123985089e-01 -1.005937676481824861e+00
5.445427698102446312e-01 -9.103408789648733679e-01
5.819654574017602000e-01 -8.564955464215995296e-01
7.535506186190250588e-01 -7.648888543742502488e-01
7.512573092146156428e-01 -6.974410158592052600e-01
9.455824899294624775e-01 -5.690339448707835146e-01
9.375696691038052366e-01 -4.943656161488859113e-01
9.882220719769964079e-01 -3.326835355222049206e-01
1.043107599384528239e+00 -1.856055117111110875e-01
1.046458856194062204e+00 -6.843880150182299338e-02
4.393884696816690583e-01 9.522856853542512878e-01
5.809073123519205017e-01 9.333545973173552612e-01
4.559477381171178623e-01 9.932416373568400125e-01
9.028355303445090296e-02 1.036852532001516058e+00
3.040711903752504330e-01 1.026443743821764176e+00
2.370193691487151033e-01 1.073744580375158186e+00
-2.358295947882916854e-01 9.893142456122574480e-01
-1.166368818167194538e-01 1.012064744473955891e+00
-3.464331064854697662e-01 9.563848957693533714e-01
-9.794428557371852306e-02 1.047440234641566992e+00
-3.509695375185432065e-01 9.894225323099296032e-01
-2.796483679642727260e-01 1.005913234456997873e+00
-3.011510890286343001e-01 1.001617536685326160e+00
-6.493520132495298469e-01 7.617201035591038005e-01
-5.152475758141750184e-01 8.927427865155345144e-01
-5.013952216847080701e-01 9.067968352060976622e-01
-6.589053374780481365e-01 7.821472649489227269e-01
-7.417905346974036362e-01 7.110257511889711557e-01
-8.633283632728310231e-01 5.255167452218393320e-01
-9.318735051087779775e-01 4.348449719658170620e-01
-9.962234615286378325e-01 -2.784383492446225183e-01
-9.491131998541101344e-01 -4.809902726905425085e-01
-8.530494919557516376e-01 -5.282843142882772680e-01
-8.332341479357464609e-01 -5.648229456436709706e-01
-7.597097505136958251e-01 -6.665029464275965543e-01
-5.906801338608845819e-01 -8.583121788006681241e-01
-5.187127736585299687e-01 -8.739987991211687346e-01
-4.908257688966649046e-01 -9.057103082388291426e-01
-5.104745688241711932e-01 -8.871243803292476748e-01
-2.927331576392098733e-01 -1.006473699855238380e+00
-3.910899557729896614e-01 -1.027992936104018984e+00
-3.385026944843661512e-01 -9.915804878954134205e-01
-4.233888249166118528e-02 -1.108168405255463007e+00
-3.707643349479511352e-01 -1.010464765882513882e+00
7.710807108866490900e-02 -1.082811036944620220e+00
-5.530388845804939252e-02 -1.081295442985473310e+00
7.628890780922994996e-02 -1.025212824440422388e+00
1.324023840517365436e-01 -1.013443314110825888e+00
3.126161727624734987e-01 -1.045784538451119072e+00
1.391899251560892170e-01 -1.001788702635301620e+00
3.911253525540582254e-01 -1.028582307270829999e+00
4.381173185066574716e-01 -9.484242679082630634e-01
1.043375071272028665e+00 7.522239549014268778e-02
1.027096356026412138e+00 2.172121057361420249e-01
9.901677225594790466e-01 3.521992094839878629e-01
9.112478233426174468e-01 4.883935566551910745e-01
8.761134883182521982e-01 6.159657228683872443e-01
7.996524804341206272e-01 7.192759509988541078e-01
6.930860106849537905e-01 8.243880873585536229e-01
5.102657308141246295e-01 8.898167691785803246e-01
5.116941066279202532e-01 9.589259632352207241e-01
2.375430455276271724e-01 1.012583812270270833e+00
1.977554116745194601e-01 1.061018989216174768e+00
1.848333401368933843e-02 1.034300006173579867e+00
-6.589232094965763453e-02 1.043373048085523669e+00
-3.077986377944515461e-01 9.790185213134150466e-01
-3.821175046994871316e-01 1.010384608987318078e+00
-5.551700252222271370e-01 8.901282496765056118e-01
-7.155399330123797252e-01 7.551382413396942050e-01
-8.510393056069012196e-01 5.647141742240286977e-01
-9.491864519804473765e-01 4.234513659855354550e-01
-1.015695052329853798e+00 2.224135548582115984e-01
-1.030696162374649338e+00 2.857914399597736872e-03
-1.021782385195954435e+00 -2.151506995690501967e-01
-9.547275697276365047e-01 -4.106839704318939743e-01
-8.427742690304368400e-01 -5.740604165686842286e-01
-7.467210774549226660e-01 -7.324329503804311026e-01
-5.971088550511863824e-01 -8.248145173763884452e-01
-4.040394202393590151e-01 -1.028253649680584525e+00
-2.776816668897528206e-01 -9.849195906121568367e-01
-6.258081114853539240e-02 -1.091924446944851912e+00
1.785403023100043049e-02 -1.068855191432874330e+00
4.358056178770067235e-02 -1.013132863202701905e+00
4.248129710104344148e-01 -1.033402254903857065e+00
3.094683215310200519e-01 -9.651586610180836745e-01
5.730794944385892986e-01 -8.759406421635287376e-01
7.380263233042138049e-01 -8.111122615999513119e-01
7.227570008339231356e-01 -7.225872826157908602e-01
8.846067374077968282e-01 -6.007218918676657804e-01
9.103636191741767414e-01 -5.226811944146715350e-01
9.784670289662114051e-01 -3.602433860978031532e-01
1.031110530373958722e+00 -2.031013426221583429e-01
1.044081970267755510e+00 -7.372376269663963311e-02
9.304135626135215942e-01 4.847295241670626642e-01
7.841585366612889851e-01 6.798590017877718106e-01
6.339882149967303038e-01 7.890916622277774906e-01
6.798570433818077463e-01 8.361180507716827748e-01
3.657065215287476634e-01 9.618719155626772599e-01
3.908335527896490413e-01 9.820060743233027800e-01
1.642223286869821386e-01 1.093964116523112873e+00
-1.661274546517940987e-01 1.032802793906119510e+00
-1.322403265937980577e-01 1.068098819774874864e+00
-3.373302483707887323e-01 9.688764065996161579e-01
-3.370381916454029403e-01 1.015425689755972805e+00
-3.454078015148970837e-01 1.026500195051659237e+00
-5.442700315545115908e-01 8.942292500341063599e-01
-5.990207493026871166e-01 8.423910542358442610e-01
-7.634510140748522744e-01 7.218479107692422625e-01
-8.828090430239128317e-01 5.456260227822357090e-01
-9.329431268158855373e-01 3.964618932958405839e-01
-9.675185100315063513e-01 -3.831274414915427085e-01
-8.656391788697754830e-01 -5.335787224294986641e-01
-6.807259986317506506e-01 -8.222764825834620872e-01
-5.518637555678536089e-01 -8.710352580922555710e-01
-6.558573654570459821e-01 -7.851342832112516712e-01
-3.599989500842630252e-01 -1.054897792525211653e+00
-3.903469953116257551e-01 -1.030095991891491147e+00
-3.254415038425159667e-01 -9.644424721826327929e-01
1.039744666772894205e-01 -1.100563628354958245e+00
-6.223245773682885632e-03 -1.012900553979039442e+00
3.550379338103021309e-01 -9.623770866378369426e-01
3.998838668992162337e-01 -9.286873776452840845e-01
7.931979375858337900e-01 -7.555575768959337246e-01
6.902202718582767238e-01 -7.498617989565600217e-01
8.715257310277685354e-01 -6.396735251005999379e-01
8.982351781048844019e-01 -5.921811481401489941e-01
8.828798238262983711e-01 -5.250398632167627699e-01
1.041807063593330307e+00 7.844140671791077768e-02
1.018438360034557011e+00 2.281741667893132097e-01
9.743364613547503827e-01 3.722832555617832662e-01
8.734355997615942391e-01 5.270716118530672789e-01
8.308273082437502843e-01 6.619908523203015260e-01
7.062507411066246688e-01 7.515324723877649937e-01
6.677043178776381760e-01 8.598061037407107587e-01
4.460441044348782968e-01 9.159769660080667730e-01
3.967477406652482608e-01 9.880846720751930157e-01
2.184829430543475393e-01 1.030637947615352212e+00
1.530302727417726383e-01 1.080158019020853066e+00
-8.331281371035856309e-02 1.010713028251956302e+00
-1.755975424835121979e-01 1.039991880676598646e+00
-3.503356176294583624e-01 9.859235172374385403e-01
-4.971045328678800890e-01 9.086470308824644571e-01
-6.295195098229821040e-01 8.343598987064327899e-01
-7.704818447581862628e-01 7.279919381728227057e-01
-8.822345427611680835e-01 5.614210224955488160e-01
-9.678922887613787829e-01 3.849759105871281006e-01
-1.024760130407949443e+00 1.985845000295316520e-01
-1.034868132928558060e+00 1.542062110790765744e-03
-1.026646131252047844e+00 -1.939259087607606569e-01
-9.670331887370119395e-01 -3.744913142148877938e-01
-8.737640512219210231e-01 -5.478971444862732465e-01
-7.812133783072142679e-01 -7.190557869908750233e-01
-6.470122778455821289e-01 -8.309832166338111392e-01
-4.966967963228350325e-01 -9.090796462869241701e-01
-3.476091496777242162e-01 -1.025183717208737466e+00
-2.188864198349619594e-01 -9.923635843351856778e-01
-2.510637514002052317e-02 -1.078677581318660872e+00
6.103573042869299414e-02 -1.031495039770143674e+00
2.740691360766126516e-01 -1.032476107639876739e+00
3.314847215040603867e-01 -9.862225327134093167e-01
5.230153594175419585e-01 -9.159443115035121874e-01
6.279236279447534264e-01 -8.398160746621183836e-01
6.892367065625961686e-01 -7.628857601137722932e-01
8.377961199024073213e-01 -6.252359913293253912e-01
9.050689232516102578e-01 -5.328347711251276708e-01
9.682934288750504326e-01 -3.777769998060149237e-01
1.021665401845921028e+00 -2.180154576443522341e-01
1.042349082797767057e+00 -7.730456492609945329e-02
8.577809248305552359e-01 5.461979310096481965e-01
9.129435310462156172e-01 4.845768732095222520e-01
7.804860160576694295e-01 6.934527966060568538e-01
7.362421453979199892e-01 6.829345360544536447e-01
7.571809938676121732e-01 7.386235878779648933e-01
7.200086597442778569e-01 8.291640784600146086e-01
4.798727102570498060e-01 9.065267302456607723e-01
3.717231548603333047e-01 9.869384379591036316e-01
1.701661512226883832e-01 1.089640254128585672e+00
-1.350588470575010414e-01 1.005544946208773771e+00
-4.158877749329960571e-01 9.456496663366136257e-01
-4.658828095303302330e-01 9.320424979110569774e-01
-6.643817820352401204e-01 7.956883121742026610e-01
-6.781324800486790982e-01 7.352035623369865824e-01
-7.520386268207884806e-01 7.399719972578411298e-01
-7.106993199528210958e-01 7.834398235786982356e-01
-8.558571458253244613e-01 5.618749086259111625e-01
-9.595607620481595434e-01 4.283554444541330386e-01
-9.848483040280257006e-01 -3.660221832779030904e-01
-8.674530736861911784e-01 -5.421060915252650103e-01
-7.422632344237396484e-01 -7.712065271371733033e-01
-7.704518100211374954e-01 -7.411381470621366541e-01
-6.028841009950320906e-01 -8.601620692122922129e-01
-5.446730849251496531e-01 -8.488930326253620873e-01
-4.854597519971674546e-01 -9.290354089513538360e-01
-5.105179046583399050e-01 -8.905089105355084023e-01
-3.575993597348163244e-01 -9.583825015343295783e-01
7.984874031929052596e-03 -1.105471735210694195e+00
3.359878641244161135e-01 -9.923771698973207211e-01
5.865301941182702317e-01 -8.891540926478492812e-01
6.724018474722172067e-01 -8.327638898159771541e-01
6.892128728380885194e-01 -7.444853230396577537e-01
7.108335278059916273e-01 -7.384141610564610714e-01
8.130134361435908952e-01 -6.312619155604999310e-01
9.162618677830499658e-01 -5.159522919765181515e-01
9.608109975012205650e-01 -3.883419930716375812e-01
1.041487206478856065e+00 8.016780424934394356e-02
1.015902395567995109e+00 2.358222990050249379e-01
9.691975603092475300e-01 3.866088483158431899e-01
8.804410325791909298e-01 5.365672937679599741e-01
8.123614801173448807e-01 6.740209885198980011e-01
6.884444247129745120e-01 7.728969940461526411e-01
6.000114703059208354e-01 8.709249405835677305e-01
4.526001254143995900e-01 9.382609787734527140e-01
3.056643293089924551e-01 9.910610376247365183e-01
1.730437354748858847e-01 1.048279204412701615e+00
3.367210866554448678e-02 1.044715183399961278e+00
-1.050568815176490950e-01 1.037358190462730034e+00
-2.766431455669866590e-01 1.002216328683193991e+00
-4.190193010646151017e-01 9.706881551122671370e-01
-5.606232124160345220e-01 8.847040130321954798e-01
-6.941753165219274324e-01 7.745377513917217627e-01
-8.085989143045773098e-01 6.509574248525817897e-01
-9.202388479476636407e-01 5.090625842633829112e-01
-9.831811124094772536e-01 3.471791747673226292e-01
-1.030352366766204675e+00 1.771468926873684402e-01
-1.040082619600901204e+00 2.530976861410736247e-04
-1.030302036131031329e+00 -1.763004910899930999e-01
-9.831651934590892594e-01 -3.473366918852858198e-01
-9.087898676354762006e-01 -5.081174057644655129e-01
-8.161192285736198482e-01 -6.559044972165705145e-01
-7.108082747936979029e-01 -7.713595731910283249e-01
-5.621500043990597106e-01 -8.614573698063349161e-01
-4.354660808951566486e-01 -9.756872438100211431e-01
-2.866936388417399839e-01 -9.864096955676101564e-01
-1.179045402651194424e-01 -1.054946843517438060e+00
1.840991801109378295e-02 -1.057606112867083947e+00
1.754324751725309384e-01 -1.014751669180806504e+00
3.410224627543567699e-01 -1.012577578448920823e+00
4.374021113505930369e-01 -9.484290466328547664e-01
5.874554705465884208e-01 -8.558118869581685662e-01
7.117263809092803095e-01 -7.738622849582260654e-01
8.117943170375504502e-01 -6.492729899220235357e-01
9.040948291591192065e-01 -5.392330245933771860e-01
9.634454231029894178e-01 -3.899653521046914095e-01
1.017872448661783391e+00 -2.306048792523946733e-01
1.041829305694624397e+00 -7.988559963388143503e-02
6.327948023500682417e-01 8.496705680163303409e-01
2.837248600541805166e-01 9.855831159682733045e-01
2.327791824388294184e-01 1.072846016639422251e+00
5.431824094763038069e-02 1.058433612775000920e+00
6.011789724533797563e-02 1.091625159342293649e+00
-1.340214241750845858e-01 1.007378961783165217e+00
-2.970618674601668285e-01 9.821296065696925037e-01
-4.477297751516530755e-01 9.245585684924712000e-01
-3.942998132003023848e-01 9.647275585666453823e-01
-6.049476759954625082e-01 8.091518220614614121e-01
-7.238573773978982384e-01 7.593933602611279143e-01
-8.090286757287630248e-01 6.294416272585848793e-01
-8.174980788643507745e-01 6.511513722452610953e-01
-9.390906536281452555e-01 5.110534684100158653e-01
-9.917934267927654979e-01 3.581182769872658378e-01
-9.692795939609875067e-01 -3.680572942644565471e-01
-9.248644006938515627e-01 -4.914765778889781944e-01
-7.985685636592968484e-01 -6.513306130613936151e-01
-7.914826380691218910e-01 -6.592343031908716178e-01
-6.861918143289180705e-01 -8.115571729827221192e-01
-5.856512517297994824e-01 -8.307027102229747051e-01
-6.064447217421728986e-01 -8.356502148959901177e-01
-4.098849159663981445e-01 -9.804737564049930132e-01
-2.319586688846381473e-01 -1.019900863830467630e+00
-1.080283257294951810e-01 -1.067632922508678694e+00
-6.086013137633713294e-02 -1.069775152566257770e+00
7.739621444251969240e-02 -1.064253112491943210e+00
1.559433096486011749e-01 -1.007994999843322859e+00
1.387533357426533054e-01 -1.008638291882380633e+00
4.452517768202334802e-01 -9.384651873950391465e-01
8.216167572308081812e-01 -6.492669488290350177e-01
1.042729988175921330e+00 8.005509908203677083e-02
1.018289281030033244e+00 2.382888735751829690e-01
9.699807361987742294e-01 3.909373588360106622e-01
8.989366650285646188e-01 5.344226037488626346e-01
8.068222803334720306e-01 6.653814357854357375e-01
6.957966652182171474e-01 7.807442909183518465e-01
5.684621660001537569e-01 8.778071616003172428e-01
4.278033954172364983e-01 9.542949764092207854e-01
2.771172758350832210e-01 1.008414925794007821e+00
1.199357621810672042e-01 1.038898484011040457e+00
-4.005694408563485742e-02 1.045031142292377924e+00
-1.991107495336611188e-01 1.026669156325705545e+00
-3.534975677710639475e-01 9.842429154991839679e-01
-4.995987026305581113e-01 9.187468549389733452e-01
-6.339896673406167915e-01 8.317161467927182139e-01
-7.535204515929354585e-01 7.251907170955584903e-01
-8.553893551142350837e-01 6.016674316328287642e-01
-9.372086571460551685e-01 4.640415715222934168e-01
-9.970605825955947132e-01 3.155389702786732253e-01
-1.033542253058455485e+00 1.596404030101505889e-01
-1.045798569099418707e+00 1.288213174475112960e-15
-1.033542253058456151e+00 -1.596404030101480631e-01
-9.970605825955952684e-01 -3.155389702786707273e-01
-9.372086571460562787e-01 -4.640415715222910853e-01
-8.553893551142366380e-01 -6.016674316328267658e-01
-7.535204515929371238e-01 -7.251907170955566029e-01
-6.339896673406184568e-01 -8.317161467927165486e-01
-4.995987026305597767e-01 -9.187468549389724570e-01
-3.534975677710653352e-01 -9.842429154991834128e-01
-1.991107495336620348e-01 -1.026669156325705101e+00
-4.005694408563534314e-02 -1.045031142292377924e+00
1.199357621810671903e-01 -1.038898484011040457e+00
2.771172758350837206e-01 -1.008414925794007599e+00
4.278033954172373310e-01 -9.542949764092205633e-01
5.684621660001548671e-01 -8.778071616003165767e-01
6.957966652182182576e-01 -7.807442909183508473e-01
8.068222803334732518e-01 -6.653814357854342942e-01
8.989366650285658400e-01 -5.344226037488606362e-01
9.699807361987752286e-01 -3.909373588360082197e-01
1.018289281030033910e+00 -2.382888735751800546e-01
1.042729988175921774e+00 -8.005509908203524427e-02
6.916261350443668743e-01 7.676267178961367899e-01
-4.174770816691607961e-02 1.045997077890798765e+00
-5.277505289415456574e-02 1.068751467422803136e+00
-2.011237373480007362e-01 1.044308211994913638e+00
-2.274942073355861460e-01 1.051675017087082109e+00
-3.630618245339631289e-01 1.010820863782909695e+00
-5.162035502444912716e-01 9.466320176590553581e-01
-5.088241815902466714e-01 9.087393348771748425e-01
-6.511976703870518968e-01 8.327810944219660172e-01
-6.130411098954056115e-01 8.139985116798638121e-01
-7.608640301270509498e-01 7.325257158631641730e-01
-7.472368449220567754e-01 7.555275903702487472e-01
-8.541314679077310901e-01 6.476625041555169604e-01
-9.519801135539034398e-01 4.649039963822230725e-01
-1.014437657514069002e+00 2.990007772965984634e-01
-9.499923801965873826e-01 -4.649367796078947568e-01
-8.763681420483349083e-01 -5.658626774470842946e-01
-8.546665657707064323e-01 -5.939945195275438961e-01
-7.548525482852453949e-01 -7.243294795160629684e-01
-6.270388901243538760e-01 -8.572166679974091430e-01
-5.163100808834200084e-01 -9.149665024620635689e-01
-5.145654571417067613e-01 -9.109357679417423581e-01
-2.194781628648554417e-01 -1.029593802075571496e+00
-2.232264394309595446e-01 -9.944163138126573820e-01
-1.919971090051812990e-01 -1.029318033535246313e+00
1.222028422148716265e-01 -1.038049061655346605e+00
