1.010090373318894841e+00 -1.539715002753583306e-01
9.933638733603578075e-01 -1.694701975657242343e-01
9.712764581869914871e-01 -1.839526646393663256e-01
9.431208746258556985e-01 -1.957142399120614940e-01
9.086950497281920391e-01 -2.024086500706911984e-01
8.687461592693690449e-01 -2.011587169972939293e-01
8.254412900504615180e-01 -1.889817689007333712e-01
7.826167805412809209e-01 -1.636011182677710174e-01
7.454834881184768669e-01 -1.244881071072895251e-01
7.196151509861525852e-01 -7.370942243979800024e-02
7.094089430900551996e-01 -1.604760545305534622e-02
7.166202765037277267e-01 4.191473721379956885e-02
7.397028072982148039e-01 9.351834943974179915e-02
7.743501881008629795e-01 1.338325503204107481e-01
8.149942392485387543e-01 1.606935642773987816e-01
8.564424253827351841e-01 1.745838217891360067e-01
8.948995356856448424e-01 1.777148297689246093e-01
9.282128983067017280e-01 1.729733578745706879e-01
9.556072425920048019e-01 1.631455040127693934e-01
9.772327544103642794e-01 1.505130122658537850e-01
1.028304808174329565e+00 -1.679648256314969501e-01
1.011853416933545802e+00 -1.889159194803191610e-01
9.886158024854552195e-01 -2.100175950122618040e-01
9.570908423068269499e-01 -2.293072765386328093e-01
9.161887700053283901e-01 -2.437093925499866920e-01
8.659557769207815170e-01 -2.489489787100129803e-01
8.085657525160971915e-01 -2.399699953485412429e-01
7.491575668462058246e-01 -2.122033649707566472e-01
6.957406920097497505e-01 -1.635537626703886804e-01
6.576391346575483077e-01 -9.629914060261535180e-02
6.426171354899490318e-01 -1.774361696136939406e-02
6.538930600769932155e-01 6.129388976512301079e-02
6.886974867290107660e-01 1.297642774353352513e-01
7.393180134950294580e-01 1.799787679249731376e-01
7.962733940541322220e-01 2.095462389814706228e-01
8.515657762574835310e-01 2.206204028930325300e-01
9.001825676505026408e-01 2.177016400300835208e-01
9.399799334913438997e-01 2.056739743002666820e-01
9.708422745450140390e-01 1.886756354760188437e-01
9.937662345923259366e-01 1.697097855280094159e-01
1.051835571537769187e+00 -1.804732744898807084e-01
1.037227520901713440e+00 -2.078880477639732938e-01
1.014471956481046711e+00 -2.374453046698588032e-01
9.808931079509863871e-01 -2.672091352899430561e-01
9.338110312215475162e-01 -2.935170939874787166e-01
8.715373149245175810e-01 -3.103680769307315401e-01
7.952692008349604436e-01 -3.093946804351344060e-01
7.114232549615873147e-01 -2.816484723378942512e-01
6.323130089526629583e-01 -2.214385056314466249e-01
5.739963660494118436e-01 -1.304186138901902714e-01
5.508027710176399694e-01 -1.997099926452591129e-02
5.689668705057315812e-01 9.142950301208180308e-02
6.234484673592977089e-01 1.845249384861985531e-01
6.996638345833638972e-01 2.467553186451620917e-01
7.807334266163268310e-01 2.765214781622371554e-01
8.545020682930526412e-01 2.800747532709313425e-01
9.150301517234460391e-01 2.661841118066243794e-01
9.611112438743973918e-01 2.428030599637631681e-01
9.942303053385481704e-01 2.157491790366772300e-01
1.016909224217472651e+00 1.886384646417260669e-01
1.081234699469351135e+00 -1.897260563521907528e-01
1.070801716752876054e+00 -2.242574078006409621e-01
1.051355569813918756e+00 -2.639551902967207653e-01
1.018717245618232514e+00 -3.075221451303811193e-01
9.677379766337734779e-01 -3.513760564324841518e-01
8.931693029903886583e-01 -3.880548197108280029e-01
7.925129332355296263e-01 -4.043655888498109974e-01
6.724830486111144090e-01 -3.827201556123449588e-01
5.518217686693027701e-01 -3.099917249731121149e-01
4.586955515916590898e-01 -1.839246846910166933e-01
4.209000671795659620e-01 -2.326157046072129669e-02
4.509837141248373982e-01 1.397945636326733410e-01
5.401260943579822005e-01 2.702373106032290861e-01
6.588521397099311727e-01 3.451917149833805265e-01
7.753164356245578759e-01 3.683381175253641615e-01
8.725168365302571338e-01 3.555109792483945874e-01
9.453727152091451202e-01 3.228801957826865632e-01
9.957073825610818218e-01 2.826258589290797651e-01
1.028248246146221678e+00 2.422040581851847563e-01
1.047967456665290786e+00 2.052629157588259368e-01
1.116485544016856402e+00 -1.933739331057049426e-01
1.113344086604821648e+00 -2.348453032244401939e-01
1.101512885730477898e+00 -2.855397545024440653e-01
1.075296350101757614e+00 -3.457859668122753583e-01
1.026455702557205196e+00 -4.135409536445400214e-01
9.440408317324444631e-01 -4.818484671966172250e-01
8.152140505092564382e-01 -5.334301842296718110e-01
6.399995265248148435e-01 -5.299264366156364314e-01
4.538061781870639244e-01 -4.485348396251859215e-01
2.971982801893369164e-01 -2.651500237621148837e-01
2.314149955874178488e-01 -2.873768430478761127e-02
2.832757934825336221e-01 2.147013782869594545e-01
4.374277311220642339e-01 4.092992856396604484e-01
6.275044760272896482e-01 4.903129907479697458e-01
7.939946037234024701e-01 4.915501777762742996e-01
9.175414790254032837e-01 4.472668622756659218e-01
9.995471802850919296e-01 3.846280108609012593e-01
1.048534426617844240e+00 3.209137084100310844e-01
1.075145490431075324e+00 2.641647941665570265e-01
1.087717878842333619e+00 2.165158333576977512e-01
1.156587330359797328e+00 -1.886486695701261596e-01
1.164374840011652701e+00 -2.354469756529531388e-01
1.165874733478330372e+00 -2.961066948812551836e-01
1.154508521787980246e+00 -3.738189522634849382e-01
1.119120751200687325e+00 -4.700366152273427467e-01
1.042667183670056286e+00 -5.814354234397156596e-01
8.989604130254535974e-01 -6.942644303585099319e-01
5.987332271281342599e-01 -7.355685362237696090e-01
3.218721406187996514e-01 -5.482052968397355119e-01
7.671106649541958866e-02 -1.351667677425050229e-01
1.054151315419638024e-02 -1.501275079242241246e-02
6.925795092536213282e-02 1.107997822384351738e-01
3.374616085026127532e-01 4.956261064790656867e-01
6.261183970874095728e-01 6.884096049751675661e-01
8.580070288357244390e-01 6.436076192943540608e-01
1.007529686174276629e+00 5.497178266254176826e-01
1.087888268363560451e+00 4.421452918122925624e-01
1.123662452991832650e+00 3.494460560140977279e-01
1.135825117844119214e+00 2.756459076229877958e-01
1.135701539794600201e+00 2.183365939575465653e-01
1.199146602002325590e+00 -1.728170196374501089e-01
1.221289157459688468e+00 -2.213215791964073809e-01
1.242447950398473111e+00 -2.876950720377724480e-01
1.256980432822250027e+00 -3.791970162489732843e-01
1.251107471604324672e+00 -5.034476542928523202e-01
1.200706708011762824e+00 -6.567836280403982485e-01
9.995260121398930053e-01 -8.168222993642648699e-01
-4.965658293163421888e-03 -2.437618702393640202e-01
9.716810321912516812e-03 -3.145923689089280550e-02
-1.201619372677376063e-02 -1.873297551709979247e-02
-1.339123282963483597e-02 -3.100559333907175474e-03
-1.803253014396877241e-02 8.349019878192975863e-03
-1.991248323525152131e-03 1.021593102932538688e-02
1.021358054495269396e-01 1.559087783698964724e-01
9.295646300450655097e-01 7.840013664490219636e-01
1.172706312144813356e+00 6.373000281689367164e-01
1.217703696972435301e+00 4.737532818103717958e-01
1.220884911672538431e+00 3.553012453677362181e-01
1.208081617575939015e+00 2.690017460328064658e-01
1.189391908294940015e+00 2.062268196379757335e-01
1.240203739703437114e+00 -1.439876218602043068e-01
1.278621111062168580e+00 -1.884502087539985382e-01
1.324195053024479485e+00 -2.519731290184434869e-01
1.376087473520095639e+00 -3.450140747028496158e-01
1.426275115080716693e+00 -4.871775202924144565e-01
1.362886576073380374e+00 -6.943861164214282233e-01
2.120566818714131330e-01 -1.095576597280756292e-01
-1.285232985572593023e-02 -1.727800865574780076e-02
-2.095458462306298841e-02 -1.390291784380603968e-02
-1.966783327076448984e-02 -8.578227504346391807e-03
-1.940415288006036576e-02 -4.552058855911392428e-03
-2.037576401552887440e-02 -2.330100696105452673e-03
-1.795769184658402295e-02 -1.842664850283948219e-03
1.650335286141890734e-03 7.267577459045826416e-03
1.425388772468738630e-01 8.866773234082359068e-02
1.372520022889242464e+00 6.006176495864767872e-01
1.373766630528739929e+00 4.509538027876613953e-01
1.331390630591882562e+00 3.245875538931008997e-01
1.285113312571750654e+00 2.369369307337976238e-01
1.243676471825712504e+00 1.764736625526763802e-01
1.274622898619917510e+00 -1.021124808978424170e-01
1.328270736675208230e+00 -1.355871531959196297e-01
1.397924606317094032e+00 -1.845675032016069750e-01
1.488483666504095693e+00 -2.578235392723571273e-01
1.596051504103050966e+00 -3.607953240997896494e-01
1.316843867717966132e+00 -3.127691379642416614e-01
2.395667669758239082e-02 -3.698296808053558316e-02
-1.892997487924985567e-02 -7.245643480718877427e-03
-2.295744626353068973e-02 -5.982078697436277182e-03
-2.206082150325916480e-02 -5.360169571688166990e-03
-2.133291296572414897e-02 -4.426369799578397726e-03
-2.085700538034696017e-02 -3.895281929494898154e-03
-1.905123661082142039e-02 -3.586316177210946421e-03
-1.329475978928795765e-02 -1.197408581048442500e-03
2.895082271518190087e-02 3.761262730400671828e-03
1.174391700820737627e+00 4.989484496732510266e-01
1.538607670904233116e+00 3.574969881767553481e-01
1.438353315601847315e+00 2.472180422277681089e-01
1.355523331431842005e+00 1.754655901928470207e-01
1.291165583010851492e+00 1.277826618579780416e-01
1.297198024233585878e+00 -4.968786284487602956e-02
1.361463121708485602e+00 -6.598379543470089814e-02
1.448300437220076287e+00 -8.963128775268280890e-02
1.567479541145428090e+00 -1.245998702826578430e-01
1.720908489687991594e+00 -1.814719549628973638e-01
5.330333378055903681e-01 -1.284005713993319198e-01
-1.115281495232017805e-02 -1.823757102905609884e-03
-2.175585557543546766e-02 -1.236121088382668987e-03
-2.252340656060641821e-02 -2.342402952968392071e-03
-2.207563250358868245e-02 -3.352199551531764854e-03
-2.152043671104608702e-02 -3.830144005825015553e-03
-2.085528228268018758e-02 -4.096735237642257221e-03
-1.936138771511913825e-02 -4.265987922776326435e-03
-1.506655631629216785e-02 -4.070754263829634567e-03
4.137054400392969900e-03 1.884202198353390756e-03
3.083047797242105537e-01 5.585901411335747468e-03
1.641536997780706386e+00 1.833651389001489385e-01
1.515880879194419384e+00 1.248689757024967761e-01
1.405344006286182612e+00 8.726317253738180568e-02
1.323634347559243141e+00 6.271592295604699885e-02
1.304127729761859422e+00 8.371819635688559913e-03
1.371634002972087485e+00 1.264491528704780876e-02
1.463504742710347584e+00 2.022911495020984773e-02
1.589419198476747175e+00 3.483210589735552531e-02
1.727880455404465110e+00 5.898395542798695601e-02
1.525806687778576143e-01 6.894317022180240784e-02
-5.601108785175947305e-03 1.264270096801856091e-02
-1.821421027850840188e-02 4.267935163472236226e-03
-2.032491457513302402e-02 9.356541103011650762e-07
-2.088263911120407171e-02 -2.200888094213704349e-03
-2.087017495443914405e-02 -3.404822353952988937e-03
-2.044575691096756423e-02 -4.133040123340814276e-03
-1.912382695884854225e-02 -4.551656841032536427e-03
-1.487262511114082961e-02 -4.982068915861948000e-03
2.178529812069340821e-03 -8.610272786040429338e-03
1.780243845990763518e-01 -4.117100594727918228e-02
1.676741558193969306e+00 -3.948880126864340312e-02
1.546153836360341094e+00 -2.474394287225845090e-02
1.423026252503299505e+00 -1.748895910822501065e-02
1.334346728947190641e+00 -1.201150691958474681e-02
1.294192939473797654e+00 6.577994589207047937e-02
1.356758372668658286e+00 9.009203677546429034e-02
1.440400790100081485e+00 1.276101826109643511e-01
1.552540940960981830e+00 1.873114134707432044e-01
1.677484192695501974e+00 2.813781754662181278e-01
9.021990590179745917e-02 6.675071393639653294e-02
8.879188111345082124e-03 1.949785063757980552e-02
-1.102547800282793755e-02 5.794185811204277670e-03
-1.698756622013186668e-02 4.483025589308020642e-04
-1.916208743987457552e-02 -1.952173444459970320e-03
-1.978203357448748978e-02 -3.386435808830680957e-03
-1.972321551712508114e-02 -4.490117763021328479e-03
-1.889794463769245425e-02 -5.110503497277041340e-03
-1.478149371146875168e-02 -4.754043336377966611e-03
8.759370744060301917e-03 -2.278429400368597868e-03
9.870943150305788727e-02 -6.863613344634256208e-03
1.694313613352257386e+00 -2.937209808148644186e-01
1.519007182882354812e+00 -1.843605273903436981e-01
1.402080043403383547e+00 -1.236808358902852234e-01
1.320171608600879010e+00 -8.659391315412934276e-02
1.269102480963007373e+00 1.164211011128379880e-01
1.319848386685789521e+00 1.566107578623276986e-01
1.384513137769269209e+00 2.169006671298978617e-01
1.466614786044997842e+00 3.103800272283474548e-01
1.564415635625559409e+00 4.577685859171443106e-01
8.903752950152898915e-01 2.864614565885403863e-01
4.115627967941626331e-02 2.392830695693071164e-02
-3.168241057703857777e-03 3.116043354529640652e-03
-1.417497069238493612e-02 -7.744685930749506397e-04
-1.765968896522751574e-02 -2.201783398952661397e-03
-1.838623441389630742e-02 -3.552946326547453543e-03
-1.827571427511665014e-02 -5.453987150506045545e-03
-1.823113530989628472e-02 -7.614932184470957210e-03
-1.468795455213001144e-02 -8.223042564596827475e-03
1.385968170190043924e-02 -3.565129916860754200e-02
8.414132045585065445e-01 -4.516205779381676777e-01
1.478727113950906613e+00 -4.909868336486922225e-01
1.419965897609570149e+00 -3.124725861424892948e-01
1.344320533162251419e+00 -2.113025360265274877e-01
1.283366437816082950e+00 -1.502005982812759655e-01
1.232943664456930266e+00 1.557675623303511614e-01
1.267835607248535279e+00 2.052978907756486393e-01
1.307546753840200804e+00 2.771595331461385037e-01
1.348934751945130017e+00 3.849751263448708549e-01
1.375635826802965589e+00 5.536339811880486295e-01
1.252659721387188174e+00 7.558908763228167071e-01
-2.632512348392301860e-01 -2.140780538640674191e-01
8.744547702373983711e-03 8.822859034613994567e-03
-1.302118519024397791e-02 -8.317202059970885131e-04
-1.668391754387155146e-02 -1.403906493668838351e-03
-1.645113782671625557e-02 -2.989700921734876442e-03
-1.485970246807966078e-02 -6.496005654959280395e-03
-1.229831043143225777e-02 -1.406553427658774336e-02
-1.863603155246695842e-02 -3.296349878627480301e-02
-9.907298387422547314e-02 1.455647005855553733e-01
1.221300575729363791e+00 -6.422493345288493583e-01
1.302751855214552279e+00 -5.217249711303839632e-01
1.296993067091530838e+00 -3.708004484557170244e-01
1.266238787995759285e+00 -2.654734043524276110e-01
1.231871633941787891e+00 -1.950127138131318993e-01
1.191002550421790263e+00 1.817432214689840286e-01
1.209518636523935209e+00 2.336138415827804238e-01
1.224836327169968042e+00 3.052775698643328539e-01
1.229396239709247274e+00 4.055658044051968503e-01
1.205201865820395568e+00 5.451743042323342614e-01
1.115470641682763109e+00 7.275688459069118430e-01
7.281547238313990089e-01 8.177085885261237141e-01
-2.045807249876663292e-01 -2.278559130541213396e-01
-4.919866039090337040e-03 1.863170677140590925e-02
-1.423092335288034249e-02 3.302847785172369210e-03
-1.291816769090736727e-02 3.146491904068251426e-04
-8.616044837241876309e-03 -8.190346855414809557e-03
1.711604857056459039e-03 -2.059496747495004332e-02
1.540468177058984534e-01 7.691400883045318437e-02
6.341222177623784262e-01 -6.897170381112960325e-01
1.064448957361594505e+00 -6.773527752276764513e-01
1.156840335275254317e+00 -5.053091604412029980e-01
1.185179651114159904e+00 -3.803745312552297975e-01
1.186521444281783966e+00 -2.872374495729790311e-01
1.175537518432819839e+00 -2.193115725748051581e-01
1.148353556426302546e+00 1.947684779337155447e-01
1.152842822637893949e+00 2.434080632153112767e-01
1.149239777311197308e+00 3.067056937610557199e-01
1.129545791660311327e+00 3.882472385264579273e-01
1.079490165955321324e+00 4.896623993114324058e-01
9.748682710264988671e-01 6.047106959059722620e-01
7.823160384633132125e-01 6.954866252428282269e-01
5.136891951136757228e-01 6.483283896892244602e-01
1.947381112504120715e-01 2.676709469459753743e-01
-2.508896494428647372e-03 -3.250888584989952701e-02
4.758196001617420734e-03 1.701509843590839205e-02
4.327425678451346513e-02 5.692006245015868160e-02
1.531783080466198044e-02 -1.027011032259939061e-01
5.527310925407991071e-01 -6.363456120024713059e-01
7.976317784389741483e-01 -6.143858937615565008e-01
9.462339671816977216e-01 -5.482259846493442446e-01
1.044377107638778668e+00 -4.500504744111499811e-01
1.094128884587926009e+00 -3.593697927312233809e-01
1.115914722655404479e+00 -2.848502786515649809e-01
1.122008886482301904e+00 -2.260454152286639484e-01
1.108795346361655110e+00 1.970221974671493292e-01
1.102976936431379062e+00 2.391575018177749534e-01
1.087260620950392109e+00 2.905571678948826175e-01
1.055270693664627224e+00 3.512907265936759948e-01
9.978381613731723832e-01 4.183312927979021545e-01
9.040139371285560443e-01 4.817390841953417269e-01
7.681684982635883507e-01 5.198590268615854715e-01
6.067919150240985715e-01 5.080504929758367094e-01
4.231569984142202756e-01 4.561467216063636032e-01
2.201077423314123926e-01 2.812650527710464088e-01
1.587312765307280493e-01 2.770314622659813750e-02
2.222652666182045600e-01 -2.225433761348913353e-01
3.724580255564191589e-01 -4.100187357763074303e-01
5.970939095827554333e-01 -4.903594714087600170e-01
7.642774156724096990e-01 -4.787278861884303183e-01
8.856538731314889112e-01 -4.386102892759891070e-01
9.718958504373054197e-01 -3.822252790746660800e-01
1.026904965237260825e+00 -3.222591050270184887e-01
1.058911306045828837e+00 -2.671644763472214024e-01
1.075649140442243024e+00 -2.199769476616753039e-01
1.074498430631145585e+00 1.914086750233567891e-01
1.062121564201354840e+00 2.258482740909961706e-01
1.040106805796416900e+00 2.651652464803966325e-01
1.004160180168058858e+00 3.077404959630714032e-01
9.493119349342160618e-01 3.493851077334220179e-01
8.715215287502764419e-01 3.819550092986545575e-01
7.711654870617179469e-01 3.933233479348408057e-01
6.557188631777122190e-01 3.715013300016611897e-01
5.355966679944113018e-01 3.066831078922732656e-01
4.345944883785968216e-01 1.858470757923097461e-01
3.936817159597616467e-01 2.370515135980432592e-02
4.266349590400286829e-01 -1.390902819947062441e-01
5.193673881417404381e-01 -2.670407046827133479e-01
6.424080560708667065e-01 -3.387963884226086186e-01
7.592692384981769571e-01 -3.585355270947321316e-01
8.551191070515695714e-01 -3.466550670364787479e-01
9.284475200350872370e-01 -3.172282785917146519e-01
9.808414368712026210e-01 -2.799711761706213942e-01
1.015957074021924811e+00 -2.415985549388977027e-01
1.038103926648428210e+00 -2.058470481204865976e-01
1.046234280955680163e+00 1.807387922420788939e-01
1.030360422850606916e+00 2.076805889116228876e-01
1.006125957613130950e+00 2.364360888335470534e-01
9.709698036174341240e-01 2.648991050053672858e-01
9.225664632372598817e-01 2.892564890447113513e-01
8.599449928275615385e-01 3.036732978757672452e-01
7.850338501659193113e-01 3.008331159718380388e-01
7.036706422124217042e-01 2.735890626178127949e-01
6.258031554258436380e-01 2.165501804063157953e-01
5.665738589426294602e-01 1.288436315665991705e-01
5.425715963219812643e-01 2.043219733985398440e-02
5.610781805353237672e-01 -8.900748319828677424e-02
6.161242206218253692e-01 -1.797482175189696330e-01
6.923618166014433584e-01 -2.397356747552736866e-01
7.724360137874652921e-01 -2.681769531082944802e-01
8.448524871351104082e-01 -2.721560838167702556e-01
9.047679704472599838e-01 -2.599901140968996494e-01
9.512109481339070527e-01 -2.386473777469477753e-01
9.853243535920941376e-01 -2.133379333789031662e-01
1.009237362236574675e+00 -1.875022373170143197e-01
1.023838201753908272e+00 1.673044164339421158e-01
1.006654212621918010e+00 1.876593103965173981e-01
9.826944581521224187e-01 2.079157964065014852e-01
9.506023592698742419e-01 2.260701977554147035e-01
9.095375099674574138e-01 2.390975511919957164e-01
8.598508198083520959e-01 2.429995597986867040e-01
8.038315328480205579e-01 2.333089642897634430e-01
7.461926385452866128e-01 2.060871321872759232e-01
6.941021107047173899e-01 1.592532471510121894e-01
6.564800357295363931e-01 9.434343266039424414e-02
6.414579262805641946e-01 1.805254876017291232e-02
6.525748918139839816e-01 -5.883376483747426722e-02
6.869459218847429050e-01 -1.252853476276738487e-01
7.366843090807928540e-01 -1.738905051207362273e-01
7.923555052884267980e-01 -2.026315973685421934e-01
8.463262608985822055e-01 -2.138715483472297674e-01
8.940303323449882988e-01 -2.119171085341831073e-01
9.335100937622975437e-01 -2.012155044157415418e-01
9.645627407045798130e-01 -1.855308036168468178e-01
9.879920611546277875e-01 -1.676713887754321952e-01
