1.011503277911005583e+00 -1.543443147583101194e-01
9.949110038225228436e-01 -1.699296525482019149e-01
9.729625202847280718e-01 -1.845419949351234656e-01
9.449344853608043771e-01 -1.964838964476856020e-01
9.106036576354714640e-01 -2.034076720384780934e-01
8.706971151215170401e-01 -2.024222936020692032e-01
8.273722514488635049e-01 -1.905198218833259460e-01
7.844760898143587902e-01 -1.653958283172674015e-01
7.472526518705979726e-01 -1.265132959556214409e-01
7.213038075587596687e-01 -7.597283567540524807e-02
7.110011094149615296e-01 -1.861248357410520346e-02
7.180166466078508059e-01 3.897686113602943925e-02
7.407332127038745995e-01 9.021585056369463285e-02
7.748626408390157927e-01 1.302936328508663699e-01
8.149359359457331031e-01 1.571132777239303557e-01
8.558627637064919469e-01 1.711391632639291949e-01
8.939019551925886375e-01 1.745213850140658884e-01
9.269106965735574022e-01 1.700866712127280245e-01
9.541009182860604732e-01 1.605787697764959887e-01
9.756027986626247817e-01 1.482543352818477267e-01
1.029775746042829176e+00 -1.681911720107454045e-01
1.013500894374828043e+00 -1.892113653835503229e-01
9.904588003365821791e-01 -2.104393790209280191e-01
9.591257267111408247e-01 -2.299300082862720807e-01
9.183758722094248483e-01 -2.446119061700469111e-01
8.682162558476802516e-01 -2.501904196791149282e-01
8.107955048666637410e-01 -2.415644567071995041e-01
7.512625331901512382e-01 -2.141001562982436379e-01
6.977077778243478967e-01 -1.656563885597794883e-01
6.595680557277949774e-01 -9.858488183163094387e-02
6.445829065953123660e-01 -2.036903686134695565e-02
6.557568256307577670e-01 5.809623766793198252e-02
6.901097645013742898e-01 1.259364913474314562e-01
7.399650746274777369e-01 1.757621462287006775e-01
7.960911457779440425e-01 2.053128247256508221e-01
8.506928091789989210e-01 2.166503749007175905e-01
8.988143216671051761e-01 2.141313172281966715e-01
9.382911912331515225e-01 2.025408793558347575e-01
9.689675127040131564e-01 1.859642778836301247e-01
9.918015975410154894e-01 1.673811205278097347e-01
1.053333931303890303e+00 -1.805162870105148087e-01
1.038952672182922310e+00 -2.079621742068771262e-01
1.016471323070873289e+00 -2.376225889381533563e-01
9.831865640875725454e-01 -2.676010753112612051e-01
9.363567405287120948e-01 -2.942583543762955500e-01
8.742148326926346691e-01 -3.115675590147004570e-01
7.979024345065788282e-01 -3.110889052088050555e-01
7.138010528260463339e-01 -2.837525603612767178e-01
6.343601829163270089e-01 -2.236556341368400869e-01
5.760535644761821672e-01 -1.325535090997281840e-01
5.532586854245580277e-01 -2.238778756272250675e-02
5.716513891702557082e-01 8.805198486961984816e-02
6.255459180659284080e-01 1.799046967679696074e-01
7.004529228624223336e-01 2.414678192579089444e-01
7.802359355257704188e-01 2.713710141263525610e-01
8.531153719252015932e-01 2.754671665521279955e-01
9.131057589575020117e-01 2.622172990289906025e-01
9.588973144565082762e-01 2.394514970898553585e-01
9.918898195650815985e-01 2.129403030840726352e-01
1.014543577605231395e+00 1.862914267885584785e-01
1.082706326125317808e+00 -1.895498114590976613e-01
1.072550844241488832e+00 -2.240401131906066823e-01
1.053482050518859126e+00 -2.637741606977317410e-01
1.021304479498017503e+00 -3.075377521211386522e-01
9.707699804955449707e-01 -3.518344649361382359e-01
8.964448896194365801e-01 -3.891757543070606395e-01
7.957624440689103906e-01 -4.061984037916510637e-01
6.753037639935444147e-01 -3.853126999825851051e-01
5.535885213912816738e-01 -3.125748802870209619e-01
4.604233972138938036e-01 -1.855006552373084094e-01
4.239652149735362308e-01 -2.473029417571974073e-02
4.553128406864748179e-01 1.366139078031389231e-01
5.435899401019961275e-01 2.641402984356694406e-01
6.595524168607846960e-01 3.379911005002511626e-01
7.739965385591562885e-01 3.619640352861597243e-01
8.702454790458680201e-01 3.502200832608792780e-01
9.426325794358381138e-01 3.185711809434277342e-01
9.928029598473742112e-01 2.791479053260181864e-01
1.025341358668794278e+00 2.393892613390447011e-01
1.045138674606043150e+00 2.029784041450888310e-01
1.117844278181188145e+00 -1.929573543620310971e-01
1.115008607001908292e+00 -2.342669878299297181e-01
1.103662764411923458e+00 -2.848437445166784876e-01
1.078166045641053561e+00 -3.451574147313696272e-01
1.030197578449558726e+00 -4.134348154459077662e-01
9.483099910609538163e-01 -4.829074200079364054e-01
8.191464611831800191e-01 -5.353393484716428841e-01
6.444251778292353627e-01 -5.333912975357046893e-01
4.542953655924053535e-01 -4.528916780720115831e-01
2.973712732806710335e-01 -2.652984152119436390e-01
2.354315363573888931e-01 -2.763775770128464385e-02
2.912759510931817175e-01 2.141478553102760252e-01
4.434481726063688178e-01 3.997236924068414687e-01
6.263348068976970495e-01 4.791627773813167401e-01
7.908877899017352497e-01 4.841900148970534890e-01
9.139036956354051888e-01 4.413760233915642317e-01
9.956567295953133723e-01 3.801838013024894103e-01
1.044785944383510579e+00 3.175073693843732947e-01
1.071595367561559708e+00 2.614877682410399196e-01
1.084381284560755887e+00 2.144042124644118807e-01
1.157715097199675247e+00 -1.880111254511174224e-01
1.165769467819898209e+00 -2.344817232145457453e-01
1.167783090825872394e+00 -2.947419094045633514e-01
1.157411533794747704e+00 -3.720904064398311561e-01
1.123796804632068991e+00 -4.685253388382348838e-01
1.049535190411603480e+00 -5.818399215386849122e-01
9.029648395031586450e-01 -7.016278882375059922e-01
6.184790640829140873e-01 -7.328959463514894690e-01
3.363269974266003270e-01 -5.527479846875565928e-01
7.962592793720468798e-02 -1.324484168828102271e-01
1.993810078726343527e-02 -1.248904210486118972e-02
7.350225922840403214e-02 1.339846997841270815e-01
3.496456759442612139e-01 5.160989487639061624e-01
6.023355583394918167e-01 6.761294803173534262e-01
8.555178515225969615e-01 6.352569408389374672e-01
1.001262106224012349e+00 5.432040754377509550e-01
1.082524983657965345e+00 4.382435562536479701e-01
1.119067096416090923e+00 3.464204059455044948e-01
1.131612689235319547e+00 2.732737267111606805e-01
1.131838050649097704e+00 2.165282961365422310e-01
1.199915898119724433e+00 -1.720481930564332629e-01
1.222174831703036757e+00 -2.200629134437526169e-01
1.243644585862517804e+00 -2.857057015768527108e-01
1.258941749562600965e+00 -3.760103389996660717e-01
1.255917816867343495e+00 -4.983752410817365863e-01
1.210294659467057166e+00 -6.553130277404961568e-01
1.035506899993660079e+00 -7.738275048855547400e-01
1.305330112516089880e-01 -3.342665205443373644e-01
-5.494191211311560963e-03 -2.132072870555112853e-02
-1.311417129377101531e-02 -2.043329254489439917e-02
-1.062875651940742294e-02 -6.598460447102287921e-03
-8.326906989085669508e-03 9.990512235283355302e-04
3.048894779074107220e-02 9.898555546546949913e-03
-4.251344485597496892e-02 1.166307119032061745e-01
9.253997343013031784e-01 7.678688053086102361e-01
1.159265711599359872e+00 6.374041123436890999e-01
1.212425055371467719e+00 4.715567023861000351e-01
1.215702492880564867e+00 3.526736879806646741e-01
1.203191549749701439e+00 2.670614710078922371e-01
1.184998046470359112e+00 2.048721057601010642e-01
1.240523986133518664e+00 -1.432589529729977329e-01
1.278804418939357035e+00 -1.871471098398269639e-01
1.324310069106186427e+00 -2.497895413774542384e-01
1.375922094012794084e+00 -3.416989562571526307e-01
1.421575132370212380e+00 -4.795394013842391168e-01
1.396025146683170792e+00 -6.480909878890894760e-01
4.870205516325221140e-02 -1.019056424636732849e-01
-2.530578895132418182e-03 -8.440347499053535429e-03
-1.784497041927846084e-02 -5.595557060597000643e-03
-1.718330848609395112e-02 -5.741110894353362859e-03
-1.450398884304870961e-02 -4.387837301090929433e-03
-1.203820567211244530e-02 -2.116486697554265106e-03
-8.136642996192655630e-03 3.685174205470542752e-03
4.433087806052782298e-03 1.146883624508321375e-02
2.045964947756628849e-01 1.148480933740936294e-01
1.394315289828064630e+00 5.912467994767034440e-01
1.369089660215195181e+00 4.437301256021086715e-01
1.324772249101224153e+00 3.220986435901451728e-01
1.279410003203373281e+00 2.357016136940792705e-01
1.238780249137429346e+00 1.757819374921942845e-01
1.274490089654592317e+00 -1.016602420270107388e-01
1.327668699607633673e+00 -1.346000118957069169e-01
1.396810696654138262e+00 -1.825709934782704380e-01
1.487941282433768997e+00 -2.539948183001161652e-01
1.610537046842753117e+00 -3.621747338888203771e-01
1.298562831305845044e+00 -5.568863971351856179e-01
3.444357909425821429e-02 -6.818223913522825086e-03
-1.272904233682981001e-02 1.393056680857318597e-03
-1.673179611460406946e-02 2.616425104406960855e-05
-1.651598218279981545e-02 -1.828901528880544358e-03
-1.532540675374005623e-02 -2.456284220404944714e-03
-1.402606074421497429e-02 -1.929768752640670382e-03
-1.253159628952837945e-02 -3.609256409375927177e-04
-8.695397145718208876e-03 3.330229828256703328e-03
1.667406590652453779e-02 1.928253595782081220e-02
1.190431791911346071e+00 3.540284330597143203e-01
1.518448013147987385e+00 3.655330734141282178e-01
1.430595938289159763e+00 2.477362952055428558e-01
1.349263414247182657e+00 1.754726397164030338e-01
1.285915331170092601e+00 1.279946601854486943e-01
1.296747223894079371e+00 -4.976980740356129473e-02
1.360187345848706819e+00 -6.580622303581140642e-02
1.445641800444241731e+00 -8.879876073063064368e-02
1.561482127174849355e+00 -1.221793994554287721e-01
1.683143402150245826e+00 -1.769557203814331459e-01
3.624707619712794204e-01 1.062099205141087133e-01
1.059433014906352444e-03 1.142447896590237377e-02
-1.074017600202231693e-02 6.515483114298836753e-03
-1.387807519929507016e-02 2.350939530957329993e-03
-1.484121649672653920e-02 -3.352031895276219586e-04
-1.486865129671194330e-02 -1.655363833106386368e-03
-1.439646744126416023e-02 -2.074543981795129444e-03
-1.339399998820767212e-02 -2.159228636347543251e-03
-1.033353074362947099e-02 -2.543813972663011569e-03
1.183742278250493607e-02 4.020035829710444375e-04
2.374721861344861185e-01 1.398060369191389540e-01
1.652019040455355192e+00 1.642788557639329738e-01
1.509499087592622191e+00 1.245980320685302623e-01
1.398806791630274882e+00 8.841258512668037639e-02
1.318248224646414668e+00 6.401148785992960555e-02
1.303662409794759336e+00 7.582435175976787178e-03
1.370193747246086113e+00 1.160037527028201509e-02
1.460362706312029912e+00 1.885839250185927796e-02
1.584107966423750513e+00 3.331952506778312895e-02
1.733529590135436615e+00 7.734457365165647857e-02
-1.287161456908307577e-01 6.015154180156190300e-02
1.824360843290062997e-02 1.770766828268599546e-02
-3.972391031112514070e-03 7.780589989910824400e-03
-1.007691298388536938e-02 2.274247202996848571e-03
-1.286547500856618717e-02 -4.970710534293876215e-04
-1.400763380702484823e-02 -1.779201073774307196e-03
-1.402144182079901116e-02 -2.368695721983171687e-03
-1.279637321516946015e-02 -2.954957581104977749e-03
-8.940574835756580005e-03 -4.483665061820740760e-03
5.283009775108077517e-03 -8.686636671761949202e-03
1.162202952691389346e-01 6.178843680686441076e-02
1.667253863692014670e+00 -3.383529370608373554e-02
1.534862595074201863e+00 -2.284236343080614517e-02
1.415902255792861553e+00 -1.435566739328431041e-02
1.329161695463753734e+00 -9.380291225085102269e-03
1.294108416119992722e+00 6.431675666866532026e-02
1.355888814137192755e+00 8.782125910753446618e-02
1.438019206863930144e+00 1.239405267418658418e-01
1.546571269124050074e+00 1.811143414928251261e-01
1.663558865457541724e+00 2.600709941959666871e-01
1.697866331574685028e-01 -1.212438359379897079e-02
2.609356538915141854e-02 1.435526629047445546e-02
3.220337239618620284e-03 4.248796978819635584e-03
-6.633047263776836733e-03 -4.295452461589022164e-04
-1.141437151981172793e-02 -2.069040440404179559e-03
-1.342674040907099187e-02 -2.575476210396086124e-03
-1.370649848829147421e-02 -2.725586547792091530e-03
-1.205121613080201159e-02 -2.915399516431604887e-03
-6.194274522023646146e-03 -4.204881641262092629e-03
1.839589095038396405e-02 -8.843309399321208630e-03
2.197590236664087593e-01 -2.055303257948670748e-02
1.639167458508469677e+00 -2.318590630897587879e-01
1.507964443243432928e+00 -1.711128858388444307e-01
1.396365019790712925e+00 -1.173935770188916372e-01
1.315969593245311264e+00 -8.262790640671147102e-02
1.269728223748222584e+00 1.145587961998528748e-01
1.320210949470576489e+00 1.536048278624591035e-01
1.384432333102618040e+00 2.117110551093737136e-01
1.465742824485079421e+00 3.002945812105006773e-01
1.559917460180982207e+00 4.322921804936163959e-01
8.669289454982070930e-01 1.937922038188610863e-01
5.927296611588472874e-02 1.906836730520167222e-02
1.029538258744855383e-02 -3.147970178060122137e-03
-5.207588608152069476e-03 -5.149051996913289742e-03
-1.140336655552798284e-02 -4.319161595799092535e-03
-1.352978669074522688e-02 -3.634390119693221843e-03
-1.385643431493666089e-02 -3.360255100931242023e-03
-1.216329740260035930e-02 -2.845242183596163876e-03
-2.734435546530300520e-03 -3.521847217049511869e-03
3.581467616574796065e-02 -3.244824083066144560e-02
6.770458175474197704e-01 -3.669606614147546964e-01
1.516956220202004157e+00 -4.923087538844828082e-01
1.423004906106959844e+00 -3.005257078205136878e-01
1.342340765297245664e+00 -2.044478831047502609e-01
1.280778338666800797e+00 -1.457341893905139685e-01
1.234388344912326074e+00 1.539266858515930814e-01
1.269622519125583882e+00 2.024008889211481588e-01
1.310177655548092623e+00 2.724283805399752012e-01
1.354099654017605348e+00 3.769507247342684941e-01
1.390913640503399495e+00 5.420490362149354979e-01
1.253573023311370660e+00 7.920862436217390723e-01
-2.561346742196246584e-01 -2.897458363336435916e-01
1.928159413958185908e-02 -4.859363830231888670e-03
-7.640782539056756306e-03 -9.109035701227452542e-03
-1.322537940920631705e-02 -5.136860806652654432e-03
-1.385234841134841410e-02 -4.053843491697036935e-03
-1.364634442442169693e-02 -4.896043539520389398e-03
-1.271328585650377541e-02 -6.174928060302398158e-03
-1.496297074415897654e-03 -6.029442791113392985e-03
-6.936674495793604400e-02 1.172537933689776768e-01
1.155488734547696072e+00 -6.727068379040213042e-01
1.299161479766790528e+00 -5.288382948638425951e-01
1.299176023429104987e+00 -3.668644605661786073e-01
1.266090175720966382e+00 -2.604774457023517620e-01
1.230587302910098879e+00 -1.909545058570127907e-01
1.193119262086713706e+00 1.802984733405388340e-01
1.212346261772019318e+00 2.315082918760658082e-01
1.229024662178991312e+00 3.023110340072121538e-01
1.236210135401656363e+00 4.019350141843780477e-01
1.215451544678810558e+00 5.429509772454466088e-01
1.122483910263047946e+00 7.189812111867033284e-01
8.310999792822837406e-01 7.543290842539529528e-01
-1.849491720227891545e-01 -2.297707789635328179e-01
-1.038828727076834824e-02 8.352726888162798069e-03
-1.413785328855610146e-02 -5.336336567823840582e-05
-1.199492235413823771e-02 -1.477567130390275776e-03
-1.013940607944352479e-02 -9.485196321459277158e-03
-7.623998688337518814e-03 -2.019118151007304185e-02
1.947658791317463667e-01 -4.798266886803514986e-02
6.183485709271008268e-01 -7.466631078382524045e-01
1.083688580622026443e+00 -6.422320565598771402e-01
1.155575462487732352e+00 -4.977191185640017501e-01
1.185771277097005250e+00 -3.763017905375298788e-01
1.186707721563570184e+00 -2.833536040107276222e-01
1.174972329936412319e+00 -2.158746877901318584e-01
1.150857606991053661e+00 1.939134424506239185e-01
1.156127587383546373e+00 2.423183765934711076e-01
1.153766873763679701e+00 3.055161997159516751e-01
1.135915191181302575e+00 3.874490588278067804e-01
1.088195303563146421e+00 4.901550075960670050e-01
9.878710555860159559e-01 6.080931388762977896e-01
7.910076449247771535e-01 7.154874033832903102e-01
4.928218611459556087e-01 6.665247991807921046e-01
1.853059172118998177e-01 2.558551271779402336e-01
-3.515827101763235873e-03 -5.607921059374187944e-02
3.835069667617041489e-03 1.265592683125796140e-02
5.331478485683494029e-02 5.416580128925957416e-02
5.702655558436520167e-02 -3.009468125245551295e-02
5.625773269096168150e-01 -6.498290008666840478e-01
8.050563529150234210e-01 -6.175985183365562126e-01
9.568981369030105100e-01 -5.453551802753864308e-01
1.048143265081964426e+00 -4.450527357083333690e-01
1.095566739726190342e+00 -3.556566233793967413e-01
1.116434840697999586e+00 -2.816477724307908659e-01
1.121860363645594827e+00 -2.231731544534865108e-01
1.111407514924593887e+00 1.967718840674992364e-01
1.106260423486320477e+00 2.389806151521400857e-01
1.091465448736954613e+00 2.906970827559751669e-01
1.060628605266040747e+00 3.522389967465056060e-01
1.004409516443653949e+00 4.209546972492494987e-01
9.111664333740976396e-01 4.876358643204925514e-01
7.722941452410836405e-01 5.302085646372867167e-01
6.052761840862985743e-01 5.172463984091590916e-01
4.303440835690564015e-01 4.649174866961691688e-01
2.054896601220690400e-01 2.943371964948096609e-01
1.407232651688872238e-01 3.270267043246474076e-02
2.047990432066448818e-01 -2.235963042007252377e-01
3.576270258554692383e-01 -4.260426167512643136e-01
5.993980400474874237e-01 -5.009525229519840028e-01
7.698088856910123567e-01 -4.833295323617614603e-01
8.909059541499497747e-01 -4.389436186733297607e-01
9.752110550963855040e-01 -3.802702314336126044e-01
1.028592165992101570e+00 -3.198020390388012224e-01
1.059630158830191515e+00 -2.647055577781110003e-01
1.075732670743891894e+00 -2.176357231498426970e-01
1.077017397063686488e+00 1.916723762020078325e-01
1.065139864310729045e+00 2.263577685084583457e-01
1.043718205297596846e+00 2.661591633164950288e-01
1.008372486589277361e+00 3.096036331357754356e-01
9.539010870369968309e-01 3.526629833944272541e-01
8.757592005937842039e-01 3.872196642074487993e-01
7.737284992697524011e-01 4.005015581303372763e-01
6.559948817044203295e-01 3.794445483953590159e-01
5.336034077203821724e-01 3.156091046681275269e-01
4.274120055607588675e-01 1.943674246491514102e-01
3.830339270025207021e-01 2.775971388760425235e-02
4.160248409433520145e-01 -1.404309390162158944e-01
5.126184501831532181e-01 -2.729292700363877833e-01
6.413171586392962809e-01 -3.447174622294213453e-01
7.611244736537758904e-01 -3.619336707445852674e-01
8.576641088889158659e-01 -3.475935844026167842e-01
9.305255392358291466e-01 -3.165279653787567149e-01
9.821538371242755083e-01 -2.784727383424789871e-01
1.016609254907037130e+00 -2.397967737127171262e-01
1.038252597789355303e+00 -2.039764284810208217e-01
1.048545655868646787e+00 1.813886169869971532e-01
1.033003930923530600e+00 2.086448394144180263e-01
1.009102637119909662e+00 2.379027673599520831e-01
9.741896396758198406e-01 2.671204570658058941e-01
9.257721325247647570e-01 2.925111092646681676e-01
8.626480854378271168e-01 3.081397088438697640e-01
7.866033000752903348e-01 3.063815790456314581e-01
7.036209537292048566e-01 2.797766850586091980e-01
6.237311131636169570e-01 2.228528925078715472e-01
5.621269028152253711e-01 1.342069668944886884e-01
5.364891636278246168e-01 2.343825610747589383e-02
5.550629288237129977e-01 -8.892219107046656079e-02
6.119103942897408110e-01 -1.818910314594002209e-01
6.906561599410632191e-01 -2.424361476034364582e-01
7.725842884100564412e-01 -2.700830956873634392e-01
8.458299084392151279e-01 -2.728580762121080028e-01
9.058331147313802845e-01 -2.596667206842484532e-01
9.520081356455190047e-01 -2.376575108459655361e-01
9.857606551835917941e-01 -2.119892524069011408e-01
1.009333979114515056e+00 -1.859969277966389001e-01
1.025895333500375095e+00 1.682169604529404339e-01
1.008909195846774409e+00 1.888910961970946545e-01
9.851048745913493221e-01 2.095978493306938084e-01
9.530555223788694796e-01 2.283510677793709753e-01
9.118209392808829250e-01 2.421052471524065552e-01
8.616486056072725219e-01 2.467714153636091368e-01
8.047818754220537052e-01 2.377176247410228704e-01
7.459861958968661000e-01 2.108270320848992796e-01
6.925435373102595271e-01 1.638617405003456318e-01
6.536062914078000219e-01 9.818865099556928211e-02
6.377471847765625590e-01 2.051249859988667906e-02
6.488773349143128755e-01 -5.799197794566363084e-02
6.840949525662542996e-01 -1.257176241172092146e-01
7.350769090269393402e-01 -1.748533715350253370e-01
7.918403854153122090e-01 -2.034239865288556270e-01
8.464708818855837258e-01 -2.141299549702602167e-01
8.944174532101500930e-01 -2.115949872163747081e-01
9.338664264388585323e-01 -2.004324186144001985e-01
9.647566540008201130e-01 -1.844448185462654877e-01
9.879831281692452727e-01 -1.664173973996030398e-01
