-1.000000000000000000e+01 0.000000000000000000e+00
1.046608957431448328e+00 5.594800957498403948e-02
1.069950659883891264e+00 1.603746488476682219e-01
9.874676918017085692e-01 3.056002497001028551e-01
9.605906144159072069e-01 4.422232025598837879e-01
8.046659715698641913e-01 6.594014795885909663e-01
9.335469407010607013e-01 5.025383771869554872e-01
9.352778135078331223e-01 5.690904457129684069e-01
7.896032570100545156e-01 7.560260151751825308e-01
7.348252725440397315e-01 7.462797335732633819e-01
5.682398111763419246e-01 8.896661457972317999e-01
7.271539670463480487e-01 8.324892113168245178e-01
4.804339981562376072e-01 9.947571385350183482e-01
4.348870479965888380e-01 9.915063816291436183e-01
-1.600905533317119878e-01 9.939300852206882642e-01
4.731421055854049401e-02 1.031486989143814093e+00
1.134364924581639407e-02 1.083645139556153936e+00
-2.657401153602113042e-01 1.028700164222244640e+00
-5.326375551738551373e-01 9.085007416412629322e-01
-7.570118661768420187e-01 6.687120152522721961e-01
-9.821747805539190468e-01 2.698469575835129031e-01
-1.015510289564290680e+00 -1.185848343189660481e-03
-9.770701663437414419e-01 -3.032584556508091667e-01
-8.469999979645550514e-01 -6.066165199920284801e-01
-5.276914499274872883e-01 -9.418947970982174400e-01
-5.511392946276411076e-01 -8.567983215528397478e-01
-7.847045406693531344e-02 -1.038525942312698236e+00
-8.494965324822199848e-02 -1.065423642399132120e+00
2.329618410008087448e-01 -1.009860857425762370e+00
2.365370013949122385e-01 -1.039849370957393937e+00
6.353400320540026902e-01 -8.466249210859739804e-01
6.453024337393190590e-01 -9.211864677098591248e-01
8.979785358362556424e-01 -7.106404773681896936e-01
8.937046482653547841e-01 -6.988276376889197561e-01
8.312208773207659940e-01 -7.063139408531816654e-01
7.049038266421049359e-01 -7.446557744036730320e-01
1.062698915717397385e+00 -4.008931377173726718e-01
9.971662942538240815e-01 -5.079134398477210821e-01
9.471966517534493590e-01 -4.778732830640107787e-01
9.807459008523520261e-01 -2.717668655762112140e-01
1.061977173574195632e+00 -1.348799930218222698e-01
1.048732090174887999e+00 -4.718137281188888171e-02
1.088194770132111966e+00 1.128629784206722081e-01
1.080573723981165912e+00 1.121909983264418598e-01
9.990831565114633994e-01 3.014016734144548959e-01
9.820874883596448779e-01 2.958179822465153430e-01
9.569179761013547614e-01 3.673632224160187643e-01
1.061985114614748094e+00 2.410008634744555678e-01
7.720722853476247316e-01 6.579901577236548782e-01
1.121603269297273719e+00 1.990951995417550024e-01
9.644015778157665197e-01 4.074568813358039332e-01
1.022749610303770096e+00 3.293310503343037099e-01
9.664354116439010101e-01 4.369847190618066368e-01
9.745180982878748344e-01 4.244053989080101008e-01
9.605801696642664034e-01 3.989098710673573689e-01
7.990775740334067345e-01 6.087892351716109873e-01
8.296501689859235862e-01 6.578292591980972048e-01
1.055304761867365659e+00 3.161016839553449365e-01
1.059418739318507274e+00 3.183588639930156061e-01
8.235818953903911721e-01 6.620025671768038356e-01
1.052754251693376109e+00 2.910961558842486419e-01
1.057370245227829075e+00 3.044800671524911517e-01
8.937080570789269762e-01 6.201035946160204926e-01
7.260536823074378310e-01 6.882919233592639241e-01
8.751658324030120450e-01 6.303587603748979085e-01
8.820482479535645126e-01 6.365892090161836547e-01
8.653472070083975121e-01 6.310486767050885737e-01
8.391668767260597184e-01 5.770507676413368925e-01
8.320008307300793549e-01 6.168537430510843134e-01
8.616604094869046992e-01 5.645659959467016487e-01
6.795221131481118393e-01 7.466405559009412496e-01
8.246804539012174695e-01 6.296319866340832627e-01
9.282846639193309546e-01 5.080169225408366351e-01
8.207418863078654869e-01 6.303167152091778691e-01
9.056691513849262076e-01 5.242230760776276366e-01
8.959489774883778734e-01 5.344787695139584516e-01
8.578958214592306009e-01 5.572827555627721807e-01
8.238251155889280142e-01 5.956791064393530677e-01
8.651620302835091314e-01 6.036577330023235044e-01
1.055899199116195009e+00 3.621924385099328236e-01
9.519961320010253969e-01 5.758164973004037401e-01
9.190318953657601320e-01 5.820177777262183216e-01
8.902123950203436609e-01 5.957002200782579582e-01
9.098089010387759856e-01 5.719487339573599005e-01
9.324733391800419380e-01 5.611731614272433832e-01
7.554427720846808025e-01 7.865809087912061237e-01
9.084355953159306551e-01 6.254394022191659408e-01
8.834505114007887849e-01 5.662297287025804815e-01
9.918356511290910005e-01 4.444666640469731589e-01
9.251333169924211841e-01 5.700883311979441093e-01
1.011540007705790112e+00 4.324869405258702226e-01
1.004835333658773200e+00 4.598533979989504195e-01
8.949507059135659581e-01 5.916923722355887927e-01
6.764519936555914992e-01 8.082590710727167727e-01
9.112951666915767301e-01 5.753902188670048101e-01
8.381164525344314553e-01 7.212138786685947656e-01
1.061670913612821288e+00 4.274003719412073909e-01
7.343720635046825373e-01 7.891304745843169544e-01
1.051609344498930509e+00 4.404597429204614167e-01
7.401723615023204639e-01 7.883764875200013345e-01
4.509046669525346718e-01 8.928888372796093265e-01
8.501291178355989686e-01 7.142274338769947217e-01
8.057838086539401701e-01 7.440557534949339136e-01
9.249314171084260794e-01 5.448703650779102015e-01
8.837997801206020076e-01 7.100152648596409488e-01
6.967183318922260948e-01 7.834616717643495543e-01
7.902896194002260177e-01 7.583952420144245421e-01
8.147038810643925100e-01 7.342819770489693587e-01
7.892898291832186608e-01 7.471662208851581610e-01
9.569805428466450214e-01 5.830082025037010007e-01
6.964040262212503052e-01 7.962819325953216509e-01
7.443002379459080498e-01 7.628687733862051790e-01
7.506003842764524814e-01 7.620923420837482087e-01
9.096881521699565765e-01 6.814035380262677410e-01
7.422086882415228626e-01 7.327147880707144401e-01
7.466866883174726466e-01 7.296056674059684388e-01
2.686301261440915966e-01 9.836029606013412252e-01
8.693037101164905467e-01 6.702858867234299245e-01
9.262366558171319930e-01 6.850294079488635779e-01
9.054849483462465987e-01 6.859480644496969148e-01
8.573476125257367686e-01 7.055629885886022246e-01
3.651071323762163368e-01 9.467450908726805503e-01
7.370532077191460640e-01 7.597557846039969531e-01
9.189781695675218742e-01 6.783717678925197392e-01
3.885401049674043206e-01 9.540454499964431401e-01
7.490854688593101551e-01 7.505078181353075362e-01
7.418157015272195398e-01 7.443000906571624053e-01
7.714568683889195810e-01 7.249881364967379893e-01
9.716784935652788002e-01 5.615750369798094832e-01
6.150220549108184054e-01 8.928371207351719629e-01
3.821426184307612495e-01 9.468299964119070156e-01
3.795914099703357469e-01 9.377053242121585752e-01
5.584440018958287677e-01 8.886553455174722727e-01
8.359599200489729043e-01 7.061458358803351931e-01
3.532816918892934255e-01 9.659537000940581208e-01
6.137212920737541433e-01 8.687901859711869568e-01
4.157979721667069972e-01 9.298339415025919097e-01
4.062925166452907577e-01 9.156328220758286340e-01
8.311311586985122846e-01 7.072062822539617599e-01
9.986290942852228403e-01 5.539385132777777665e-01
3.133973587371948200e-01 1.024709015484685404e+00
3.901277526908464854e-01 9.317727369385322422e-01
5.808266155262168384e-01 8.793063780517591521e-01
3.262816037152553861e-01 1.027188488685703227e+00
5.529740979762947095e-01 8.958152746003936739e-01
4.117236600660645895e-01 9.313869531481767661e-01
5.214844895217101151e-01 9.028298835231450825e-01
5.215427481694930867e-01 8.953850403284911996e-01
7.000309099062520524e-01 8.442277087191045748e-01
9.063018417881792965e-01 6.679557583545661092e-01
3.954288334209543621e-01 1.040922494662593456e+00
7.822835087614796734e-01 8.040443905230737487e-01
5.948697649795784415e-01 8.660340512416355718e-01
5.870397417988084676e-01 8.667036828560775730e-01
3.581676918366497042e-01 1.038975206722315026e+00
6.515776655466303247e-01 8.901605068752164174e-01
7.211970416161253006e-01 8.371929173984556938e-01
7.771798297372684017e-01 8.088886757275925987e-01
7.426553737925983834e-01 8.218471458585673295e-01
6.841711288931364709e-01 8.475757566193572456e-01
8.389354275926435012e-01 7.493466921784937007e-01
7.529153592147339591e-01 8.247523768185874848e-01
5.214014553718245848e-01 8.924089254022139484e-01
4.469648080307802029e-01 9.110380369843366077e-01
3.325138625725144736e-01 1.006485277876063789e+00
5.673589025963806654e-01 8.732165786544632269e-01
3.831388837167334360e-01 9.739493346419412223e-01
4.143989162253553515e-01 1.009156332149682811e+00
5.130106074793261417e-01 1.012499619415038854e+00
3.562340924261712116e-01 1.006812289795683046e+00
4.491835491431720451e-01 1.042629272888289327e+00
4.791216828567683161e-01 1.028805862705977514e+00
4.738673295847767308e-01 9.988903946893931129e-01
3.528085132342035357e-01 1.001917866980744476e+00
4.044981588842214149e-01 1.015150034887873698e+00
3.583741373266800534e-01 9.905399820011356882e-01
6.727926507188618510e-01 8.692251672379001093e-01
4.557100274502768333e-01 1.018853912115095905e+00
4.588071440876941853e-01 1.001260663109716731e+00
3.995303483838317238e-01 1.016082197402511822e+00
4.915612687167850714e-01 1.014572952255970328e+00
6.715130893505600884e-01 8.803767255150238835e-01
3.477490529969669564e-01 1.001792801244173470e+00
5.358156841023641315e-01 9.960407561691790868e-01
4.645113672829522256e-01 9.989483023099496872e-01
4.603223812045993402e-01 9.638783440180139772e-01
5.014982229458104790e-01 9.437519167867397529e-01
3.937818589887014942e-01 9.702819670976815525e-01
5.124146468478982808e-01 9.416988415626814657e-01
4.542543029074488925e-01 9.864576800146735991e-01
5.257268313588298048e-01 9.448369188330351109e-01
3.927050317925178113e-01 9.849766399700768948e-01
4.117846625138946726e-01 9.460608853875831503e-01
4.257274411210461573e-01 9.877765875758566239e-01
4.140455528100207006e-01 9.742975329803910123e-01
7.406232288193720370e-01 8.556659768181477110e-01
-1.824947953339386419e-01 9.917938384050541956e-01
5.296066146160541832e-01 9.746289813560320425e-01
4.635121126873319453e-01 9.764346854386058983e-01
5.750374197582486246e-01 9.885370400630498766e-01
5.247507958081655266e-01 9.133619567371793480e-01
5.375321337889805706e-01 9.360433275263251307e-01
4.885619380130630240e-01 9.649062956945744229e-01
-1.787889330438609953e-02 1.017289764548698683e+00
8.866754495264177194e-02 1.021297058229754917e+00
1.995078328053025152e-02 1.036456032511639425e+00
-9.054634538392340726e-02 1.010124111912744427e+00
-1.302299996622991729e-01 9.955801344282283472e-01
-7.082848131941268943e-02 1.013291443119679336e+00
-1.636919475541300795e-01 9.957246290559227386e-01
-4.989515655307237563e-02 1.013280070136886479e+00
4.705686915022127548e-01 9.414769983673038078e-01
-3.195100677410006584e-02 1.009570819973859113e+00
-6.483511687469155349e-02 1.007478044311125309e+00
-1.845127521614561006e-01 9.910215772003223567e-01
-8.927183022643862820e-02 1.008932595731917514e+00
-7.307876399366061704e-02 1.007666702931128144e+00
-1.421050659064028165e-01 9.914967195520153487e-01
-1.241845100047559575e-01 9.986767145911950028e-01
-1.626420159090779805e-01 9.907464068401075075e-01
8.510155721544082619e-02 1.049655087342159510e+00
8.963325129798278834e-02 1.036692629408009214e+00
8.429587561062235057e-02 1.027942055362086160e+00
-3.220165540352017963e-01 9.662685881302301993e-01
1.529331532978169261e-01 1.020622238939912885e+00
9.583200049067429338e-02 1.044504057351328452e+00
1.094598503289832825e-01 1.018123769549007962e+00
-1.027995170110395928e-01 1.007331961709405199e+00
7.189944222559478682e-02 1.036211646386582919e+00
8.249011169096059914e-02 1.027418613615568743e+00
1.749968385680854555e-01 1.025574874861574726e+00
3.336690874481132441e-02 1.031451398317917434e+00
3.454963247196524145e-01 1.059319270793329881e+00
3.371114713727473844e-01 1.060772147528362908e+00
3.930215828439985182e-01 1.059350787450356268e+00
2.022373897238297635e-01 1.021890730033127248e+00
-1.127860825884060697e-01 1.055362117876970762e+00
2.694115179071946559e-02 1.073009506453621364e+00
-7.227070876450476800e-02 1.061134742898071082e+00
-4.232578488514699561e-02 1.055988359060845649e+00
-3.225828821631184784e-01 9.810655959923479941e-01
-7.789187683706293164e-02 1.066865974656381111e+00
-3.286598098079474006e-01 9.891120789693679249e-01
-1.132563117484410575e-01 1.050963552097767373e+00
-1.293946924114123750e-02 1.060268958457676103e+00
-1.270615105934586042e-01 1.043156905198702855e+00
-8.824465896807784371e-02 1.066791777425626586e+00
-3.517609294514492668e-01 9.858699827147162642e-01
9.465779864780624400e-03 1.075338951009582766e+00
2.679354112197931612e-03 1.061421546194114107e+00
-2.808109561813067478e-01 9.901685076009935083e-01
-2.697263529924556202e-01 1.018822552272053317e+00
-2.833985780394072673e-01 1.003662303672178124e+00
-4.440742606678602100e-01 9.114882040458286427e-01
-4.668831736967622992e-01 9.017356664599766036e-01
-4.010330533303690936e-01 9.562425246285372049e-01
-3.951808938939820881e-01 9.609815020618448500e-01
-4.855190329173162400e-01 8.882352500981748333e-01
-5.363234774855759612e-01 8.506983583705725049e-01
-4.113901904670899112e-01 9.383104355265227126e-01
-2.910117420118843445e-01 1.014470883073603780e+00
-2.907363930335011282e-01 1.004246308061066406e+00
-5.271792242904318471e-01 9.248419748528715623e-01
-5.391172440207961936e-01 9.161534738979592030e-01
-5.165501526248716946e-01 8.788989691030766327e-01
-5.492650322101841898e-01 8.937127686425920814e-01
-8.355308560842261700e-01 6.060988797093262992e-01
-8.097287376411117510e-01 5.991161017862768334e-01
-3.311598138611990261e-01 1.023250173511345285e+00
-5.760771744707642306e-01 8.761129033064738447e-01
-7.297786263929414430e-01 6.890925193830094164e-01
-7.791838354204875250e-01 6.581931746289999552e-01
-7.902163410320528492e-01 6.764882596851268248e-01
-7.673382276786304690e-01 6.424712725896033483e-01
-7.809595142737582041e-01 6.550117967860383805e-01
-7.521739915360722284e-01 6.832342268768230031e-01
-7.772402314252434552e-01 6.329465884164625633e-01
-9.524778018357571430e-01 3.152561873203567622e-01
-9.833307580282919513e-01 2.837825427245772580e-01
-9.884112072962745188e-01 2.594127391582339848e-01
-9.789411681232329521e-01 -3.099116316866989962e-01
-9.867302602173174675e-01 -2.947974598539104818e-01
-9.678746210691873131e-01 -2.913545473711955380e-01
-8.506363752388370614e-01 -6.140653431639521154e-01
-8.449782512901886644e-01 -6.193348758299391799e-01
-8.033257256590095041e-01 -5.995193464543076001e-01
-8.521598379012170765e-01 -6.125127782225739947e-01
-7.224131606092650815e-01 -7.242427040760716084e-01
-8.332689828651679287e-01 -6.262357216312012254e-01
-5.032650513894764144e-01 -9.320940206944581252e-01
-3.945786694145970719e-01 -9.519964999974930286e-01
-6.538395183361797036e-01 -7.882036969787041825e-01
-5.149538730081941740e-01 -9.128911086225472982e-01
-3.673310767795390785e-01 -9.598308456514801357e-01
-4.293773893949524578e-01 -9.251009383628668870e-01
-6.825438666935969012e-01 -7.772935721924199015e-01
-5.004165640988590402e-01 -9.396435699941060316e-01
-5.419260947924043892e-01 -9.324103006644043345e-01
-5.390314958113218147e-01 -8.967775512570325125e-01
-5.315869529050816222e-01 -8.520796661817423567e-01
-5.545613831148608064e-01 -8.635104359463438017e-01
-5.464248482595794876e-01 -8.643609703852227488e-01
-5.272014384351025873e-01 -8.821608591035534630e-01
-5.597386559005487205e-01 -8.441747976581303048e-01
-5.498103072701405747e-01 -8.386173195151325199e-01
-5.539544368670091812e-01 -8.673101168688225338e-01
-6.281935061657716313e-01 -7.889345873838198298e-01
-5.455390181354650148e-01 -8.919277592300141055e-01
-4.551148729703868301e-01 -9.215904147280822301e-01
-5.283560434148943941e-01 -8.519125791315919072e-01
-1.001304332628929761e-01 -1.103251085204000059e+00
-1.198464032109208544e-01 -1.031415837213419451e+00
-9.168180554170717034e-02 -1.032260783885616817e+00
-1.737510355532645989e-01 -1.012178908430857227e+00
-1.709376660572489437e-01 -1.005536694267182618e+00
-1.219833733376679413e-01 -1.004410286764809701e+00
-1.043009474017034810e-01 -1.039280872744507089e+00
-2.440395614726935392e-02 -1.061671694001930177e+00
-1.664069914168833098e-01 -1.001927709390139531e+00
5.148401620038094151e-02 -1.094728305873864604e+00
-5.865690639540089429e-02 -1.037062524345057746e+00
-3.171755769932235042e-02 -1.058420699987344671e+00
1.315913748332821556e-02 -1.067339430927375155e+00
-1.417929123923827028e-01 -1.030658076609409557e+00
3.756079085743267987e-01 -9.851788241980883321e-01
-2.623616641079528633e-01 -9.812756227895701455e-01
-2.750548578015116763e-01 -9.797628145955481482e-01
-3.953412713926762745e-02 -1.073923769496123226e+00
-1.396443750369619208e-01 -1.050640902963057233e+00
-3.855481300287764979e-02 -1.078930066965652079e+00
-2.000275253650155571e-01 -1.019812668277208179e+00
-7.020747894405747480e-02 -1.079733013771404515e+00
-2.074838895734330557e-01 -1.021159505471927798e+00
-2.625456934021242264e-02 -1.072277971829946219e+00
-5.717969911536097127e-02 -1.083683302772266988e+00
-7.201315723202772467e-02 -1.083306490155937940e+00
-1.231200951782972369e-01 -1.059963648927926716e+00
-2.688477981117730065e-01 -9.802886241592861927e-01
3.854674696045670701e-01 -1.039964115201634787e+00
-2.628801412478144472e-01 -9.846271872013970805e-01
2.402274632291194201e-01 -1.004142490034043211e+00
2.044853840121751976e-01 -1.015963441446385396e+00
2.069255205236451567e-01 -1.011683527552092787e+00
2.960075879375355656e-01 -1.005433116652145742e+00
2.442777899421037235e-01 -1.015583887741056568e+00
3.334500160051542261e-01 -1.020005592050597265e+00
1.794666368896573883e-01 -9.886379533347885440e-01
2.847195211931969894e-01 -1.008693714074076819e+00
3.097639089760783060e-01 -1.025756078807946059e+00
1.866551733710408723e-01 -1.010397773888778161e+00
2.831369062476130627e-01 -1.030489786529063423e+00
3.366816980458948172e-01 -1.018597052149656124e+00
3.103310395315686532e-01 -1.029915857563677539e+00
3.462639450086940629e-01 -9.747631826931331123e-01
3.470972733615801942e-01 -1.032206919265024947e+00
6.365861494448556979e-01 -9.688970286890788985e-01
2.119889116488592740e-01 -9.879108083901084747e-01
1.491107936752626428e-01 -1.021886334298119925e+00
2.548268955546747483e-01 -1.087142779404015602e+00
2.004055499538051899e-01 -1.054864558229570148e+00
2.149448408238804342e-01 -9.843881257435158627e-01
1.941996193397270976e-01 -1.047979283096615477e+00
1.285105924788199350e-01 -1.048925144131577447e+00
7.524158826319905513e-01 -8.467135374069716391e-01
1.386138711324007844e-01 -1.034891196891204235e+00
2.207094723801628078e-01 -1.033421323494781108e+00
2.172928503304757120e-01 -1.040448312942584330e+00
1.674959346947681171e-01 -1.033322551317851667e+00
1.395902010340257238e-01 -1.019534194197976085e+00
2.642907543327752129e-01 -1.077763420138226680e+00
1.750646629028852486e-01 -1.055610262797738841e+00
1.587256383362056211e-01 -1.029888493545797035e+00
2.674420293038872187e-01 -1.045483444644779825e+00
2.956513704405289711e-01 -1.044151951495737585e+00
2.434440775837336257e-01 -1.038040517070472735e+00
6.085327078773438148e-01 -9.191887446270740059e-01
5.875027648788260226e-01 -8.557584970399733093e-01
6.489133597993308467e-01 -8.345539913870393400e-01
5.913272416980258628e-01 -8.608506411847132167e-01
6.498226463504599426e-01 -8.360767276310506757e-01
6.218306531693827965e-01 -9.104773591296351221e-01
2.623071700299555720e-01 -9.766716895407107080e-01
6.203195572966445637e-01 -8.911395533398468460e-01
7.147251486423300548e-02 -1.039768832131707121e+00
6.180250306340857591e-01 -8.571205329372091342e-01
6.625789674295406995e-01 -8.541193791358228093e-01
6.189181517813057143e-01 -8.959281907174599935e-01
6.306118177679912451e-01 -8.872417338936148257e-01
1.266418461559838671e-01 -1.053867593478771125e+00
6.379723946145073876e-01 -8.468910955626058890e-01
6.658891751755986466e-01 -8.449514473016295213e-01
3.657077521820800009e-02 -1.019477637238545453e+00
6.674481725628739204e-01 -8.272824127493645374e-01
5.978160707231219284e-01 -8.721199679274180827e-01
7.132718584130987027e-01 -8.515717468430809012e-01
4.100889146355573556e-01 -9.544665106219495376e-01
5.325046666625418146e-01 -9.578824087070516580e-01
4.604757587782994932e-01 -9.711526213620266246e-01
7.213048792012465293e-01 -8.467417575692157694e-01
6.199579329312182585e-01 -9.313155610015159125e-01
6.763709348296923496e-01 -8.904859414172699994e-01
6.009892411034536419e-01 -9.475222635698283824e-01
6.729724071644159755e-01 -9.033732921153337925e-01
5.487624576875808069e-01 -9.728432863422197263e-01
4.159797503757655668e-01 -9.601813426076342139e-01
7.065841039515681210e-01 -8.643502449820139599e-01
3.848475507985770205e-01 -9.548418799037252658e-01
5.848572660634246967e-01 -9.615346955734777046e-01
7.156661905827473857e-01 -8.673543998545234501e-01
3.979865934293886354e-01 -9.575178191392826887e-01
4.838829529004868846e-01 -9.658564118114871810e-01
5.777140643962411781e-01 -9.626557648340514639e-01
9.234744242486533361e-01 -6.858527774038667424e-01
5.953167410927689973e-01 -8.108877513962176042e-01
9.059756114443464625e-01 -6.773275932302834645e-01
6.264887265455182375e-01 -9.446443644551724139e-01
6.827470925146182923e-01 -7.807418939896817456e-01
8.449603615130651946e-01 -7.479065978012214844e-01
5.715234178903153550e-01 -8.206426898735651454e-01
9.594108373080311170e-01 -5.864806390497053767e-01
5.880357653191847778e-01 -8.166820276710979876e-01
9.798964138485499742e-01 -5.796435792966536660e-01
5.535571794287611480e-01 -8.513913293058370524e-01
9.470079088988510030e-01 -5.867079835614599226e-01
9.035669208133825236e-01 -6.826435997501477670e-01
4.995980950487251548e-01 -9.628534613971702072e-01
5.577721981563456000e-01 -9.319001129422341823e-01
5.647477353943030076e-01 -8.650331841100219465e-01
5.962481192310578049e-01 -8.114462434649062361e-01
5.287026190876443765e-01 -9.527208803769419143e-01
8.824709971685650300e-01 -7.235132533208153971e-01
8.536682436081037828e-01 -6.463728673464982366e-01
5.524355240952978363e-01 -8.678984900673498704e-01
5.842856627156590710e-01 -8.899382194278485647e-01
5.525896844975074496e-01 -8.354699362734506751e-01
9.615525453598143812e-01 -6.042803426557774582e-01
5.566670363744815608e-01 -8.749300328386573344e-01
9.460280879900210271e-01 -6.119549797470508201e-01
5.355783082335101586e-01 -8.879102849896107763e-01
7.823054097838372245e-01 -7.146124245086787896e-01
8.302770391956938445e-01 -6.538437888143183718e-01
8.444970353081828751e-01 -6.518682297532706338e-01
7.846176633866239758e-01 -7.198498100833006230e-01
9.473704957909621083e-01 -6.298956109344300280e-01
9.269140050287132393e-01 -6.163064260004592620e-01
5.790082434560670510e-01 -8.883805575360034235e-01
5.468609988668658994e-01 -8.869990939118097550e-01
5.403163548650038450e-01 -8.792389351549472210e-01
8.206491501270062328e-01 -6.685766647261497386e-01
5.349711857662933223e-01 -9.271854437518363135e-01
8.306253417438224096e-01 -6.846331986250523416e-01
7.775041355716929559e-01 -7.434453555281969050e-01
8.200930156349657274e-01 -7.398883585329345536e-01
8.480617127679912493e-01 -7.127891864617627027e-01
8.662205680887006265e-01 -6.502265899649963821e-01
8.419351630522480257e-01 -7.125821643465271027e-01
8.122036759721896759e-01 -7.293350985346847004e-01
4.594039183427341966e-01 -9.454599211413043935e-01
8.172653085566071729e-01 -6.904084372224525978e-01
8.794872830242755901e-01 -6.738710235063454235e-01
1.102401937933994214e+00 -4.305571471543379602e-01
7.457689696576043081e-01 -7.382150137140944812e-01
8.297537123797905645e-01 -7.136185301382086399e-01
8.112062864889602043e-01 -7.157825857367494660e-01
8.999194866954041139e-01 -6.385837323711825997e-01
1.083106929001910856e+00 -3.741713050376475058e-01
7.809239454706742301e-01 -6.615605039314808034e-01
7.149722576434581756e-01 -7.509774075478827804e-01
8.600382667923419655e-01 -5.971803022573988207e-01
7.457197202346204090e-01 -7.101708936045183496e-01
7.500302435486155828e-01 -6.909525192325493004e-01
6.933197486979245650e-01 -7.552038575408429599e-01
8.559916038213415401e-01 -6.782388999137070051e-01
7.597998584613353534e-01 -6.836845586673419017e-01
1.074549491781680244e+00 -3.664782275065199268e-01
7.025731200980752655e-01 -7.500979355333519116e-01
7.580463432962509795e-01 -7.536232311959628616e-01
7.062745483438858107e-01 -7.374821624057055214e-01
8.549857673240158773e-01 -7.178133081182418440e-01
7.937565445779750650e-01 -6.490083941891168218e-01
1.022203973054290893e+00 -3.764499372834059776e-01
6.567376429348715794e-01 -7.556522350484133899e-01
8.614285817122816491e-01 -5.801965992279757289e-01
1.003341654359882984e+00 -4.336073532343572845e-01
1.005851621750048386e+00 -4.412331719281731290e-01
9.245896600739595961e-01 -5.387539439173155698e-01
8.527324137432357176e-01 -5.897304163730102688e-01
6.866638262595947673e-01 -7.294822947994300533e-01
8.602992628686981780e-01 -5.836303777915315960e-01
1.020422932003382410e+00 -4.247137227078741084e-01
1.037127350702429895e+00 -4.233664375644611844e-01
1.031457226512306091e+00 -3.289116489174347402e-01
1.077167457498479974e+00 -4.236391264892782615e-01
1.005837602884168902e+00 -3.533668703129763666e-01
9.243521516219758150e-01 -5.236798820499279916e-01
1.062624730562808928e+00 -2.549855539376952307e-01
1.020741043323433628e+00 -5.102049815000061495e-01
1.055748444421919618e+00 -4.561928342318743446e-01
1.016541402723483367e+00 -4.656843702034693666e-01
1.020503394207809000e+00 -4.981441679742903972e-01
9.858472235257492722e-01 -4.581912046515016490e-01
1.017797823845772553e+00 -4.658743294095945564e-01
1.017888598672474165e+00 -5.019572060148288495e-01
1.023234758843687420e+00 -4.994918769350785714e-01
9.826448656053884401e-01 -4.828578791518490787e-01
9.258346691195257216e-01 -4.729081266136087036e-01
9.893383179534482874e-01 -3.431752761051369283e-01
9.128206075666646102e-01 -4.755449826954865067e-01
9.475969249196756206e-01 -4.732817329086749791e-01
9.912232182644253875e-01 -3.499767794574214497e-01
9.329285105199397465e-01 -4.742342077787414789e-01
9.850920290047076033e-01 -4.776654507541446271e-01
8.652789498166422177e-01 -5.392371694281673511e-01
1.046890337488985967e+00 -2.108958008524768613e-01
9.669002985712421561e-01 -3.286742016935551014e-01
9.728437877342011042e-01 -3.873459204973535575e-01
1.086437985507347159e+00 -8.765002681428257780e-02
9.635908831639924399e-01 -2.754829468921794478e-01
1.044473809028117817e+00 6.827974136062481270e-02
1.071728451449821540e+00 1.694021959334205962e-01
1.001277512971284089e+00 2.847145575214284907e-01
9.967559308101554549e-01 3.845962274414411741e-01
8.473460520808112628e-01 5.931630267312245630e-01
7.003659594245851272e-01 7.276724078729722711e-01
6.966792422833462117e-01 7.766883919004361481e-01
9.153534438773560655e-01 7.031679642783560391e-01
4.791641197102479155e-01 9.177649837236895314e-01
6.524781186328738602e-01 8.679816274771134932e-01
4.368888064974190133e-01 1.026789804107977711e+00
5.371717616963772590e-01 9.684743608553467720e-01
-1.206340145735676217e-01 1.000428981519831728e+00
5.839899326646133537e-02 1.017507728378260312e+00
-4.178769470639035616e-02 1.031319695703848627e+00
-5.933215387579632294e-02 1.039086293750357770e+00
-2.514456260581315328e-01 1.022804918484192527e+00
-5.111436344393485154e-01 9.310616279938419559e-01
-7.597915736659863750e-01 7.066592730916897436e-01
-9.768941550357970183e-01 2.883616391927480982e-01
-1.017135145990153866e+00 5.392748360114968604e-04
-9.720757747003628824e-01 -3.235286068666456960e-01
-8.019325577079572387e-01 -6.226357685738072023e-01
-4.869190004908173219e-01 -9.387945064235319048e-01
-5.379326581240255756e-01 -8.457041247075269830e-01
-1.080618781539764315e-03 -1.055635232965004056e+00
-2.348301941719735941e-01 -9.960651904599290285e-01
3.614760819886285170e-01 -1.026897287793067104e+00
3.360235345607194835e-01 -1.047926828284112544e+00
1.124100452689901636e-01 -1.038256098948762585e+00
6.867839510717390628e-01 -8.277034624237132876e-01
6.342429037258977553e-01 -9.335031524126351510e-01
5.876276384035976630e-01 -8.201038875736781364e-01
5.311080077135483801e-01 -9.002678519793697598e-01
8.453856706489816242e-01 -6.938109522510027549e-01
6.887363416238572178e-01 -7.389622409147938997e-01
1.040929123269670908e+00 -4.406360175668390666e-01
9.140800676417450976e-01 -4.536556967009676145e-01
9.897405313849644282e-01 -2.725669342532195394e-01
1.068362925895527393e+00 -1.440033828674568694e-01
1.047547007278229358e+00 -5.936782755864333794e-02
1.092754040567978091e+00 1.319298524748626633e-01
1.067443758841784218e+00 2.101612026312908721e-01
1.006499275137671567e+00 3.126247730341255027e-01
9.819736580032845108e-01 3.838057265927201644e-01
9.846200022772849669e-01 3.964933870182807962e-01
9.147360960147977726e-01 5.271943464061051854e-01
8.486098854638848277e-01 6.331277536765537173e-01
7.504632754849228649e-01 7.037313452625175714e-01
7.392976467735854484e-01 7.094819456159402460e-01
1.024796868540153394e+00 4.692370850421598294e-01
9.042330880483866462e-01 5.553403555762728150e-01
8.372239111858071903e-01 7.131524700819583673e-01
8.149615982888861465e-01 7.251703829139243274e-01
5.517125986438791152e-01 8.622673703348846530e-01
6.276855830916725498e-01 8.899506479639864853e-01
3.383151260325873433e-01 9.750585795755777330e-01
3.012361135748315433e-01 9.807076618673240542e-01
9.285824865914306114e-01 6.564586001470099630e-01
6.503527746342461224e-01 8.770625711679622682e-01
9.478751968607057599e-01 6.591315437890908902e-01
7.679486118720666443e-01 7.969900706125239154e-01
6.708073226873825234e-01 8.790096830411415763e-01
4.406729078676118738e-01 1.030042035924854993e+00
1.440300731259126221e-01 1.006042325578057284e+00
5.338236177063938603e-01 9.715159108185493775e-01
2.111667703887876169e-01 1.010406062449735298e+00
1.625682729913125943e-02 1.012100608889846765e+00
-1.169445981639515159e-01 1.006554483891962004e+00
-1.834253478855798480e-01 1.010780456808231920e+00
-1.686254042847140297e-02 1.034893723810488497e+00
5.910640367758493996e-01 9.713084444492574576e-01
-2.823313444741060163e-01 9.691153490675714632e-01
-1.556851144866407410e-01 1.050109658884498032e+00
1.089297165755204050e-01 1.048990253501766556e+00
-9.499723629952994131e-02 1.019810785727530922e+00
-1.507619804363140130e-02 1.041829376364199700e+00
-5.949092148722380236e-01 8.787089591544213762e-01
-8.068448277508075694e-01 6.339669046810626485e-01
-5.063827799386376727e-01 -9.192260440096442498e-01
-5.346568525503234692e-01 -8.506124805653286769e-01
4.868238526452127977e-03 -1.040714920018784850e+00
-8.196239742087955971e-02 -1.028649904425615214e+00
3.101053781868345904e-01 -1.095265097341028282e+00
-2.293107027699912148e-01 -1.005742507838036426e+00
-1.876300878202550038e-01 -1.032940694071073695e+00
3.812093008403796834e-01 -1.045508430595276206e+00
-1.035460801135468234e-02 -1.025393499925027596e+00
2.943094704680411233e-01 -1.084749153782592623e+00
1.146125083943301953e-01 -1.017016699784931033e+00
3.511884327793929894e-01 -1.056655870187903856e+00
5.611578779998283723e-02 -1.030797122779014696e+00
7.044068672520593655e-01 -9.125334418915150847e-01
6.352163575363136694e-01 -8.263115473940825240e-01
6.635129832798655203e-01 -8.749500262298373077e-01
5.605499134319360532e-01 -9.592890901361290634e-01
5.392270491621000694e-01 -9.674822529840380048e-01
6.000441967230418783e-01 -9.717399740141861031e-01
6.185636913043893736e-01 -9.474304461700234770e-01
5.096951634891438987e-01 -9.779566183994865547e-01
9.207803012794321118e-01 -5.855834306872806927e-01
5.448322327677743715e-01 -8.520900128070012514e-01
3.374290206234013545e-01 -9.590121966908029538e-01
5.425906422206501212e-01 -9.033321619811550685e-01
5.575773661760060618e-01 -9.068013036714314135e-01
1.098035597465882640e+00 -4.831387827913490862e-01
8.280818010693881126e-01 -7.488983719204336253e-01
4.890135832046162978e-01 -9.280524530724336696e-01
1.057611100118948100e+00 -3.879463487889223683e-01
6.576422221479928387e-01 -7.636096061406070223e-01
6.891044180979191136e-01 -7.288972175450093571e-01
1.043180220465893093e+00 -4.560082227960298717e-01
1.011411002011908478e+00 -3.786116814395950603e-01
9.328218692790269939e-01 -4.570656814544789004e-01
9.673580730835511510e-01 -3.254648312997479032e-01
9.842093564576314124e-01 -3.874528232798671312e-01
1.069022779476610729e+00 -1.254760832236609114e-01
1.042430899167864577e+00 7.629702690082415528e-02
1.054454595565142538e+00 1.946632293262914593e-01
1.014438416551747491e+00 3.047445653856483694e-01
9.986330473818687548e-01 3.934983587207276368e-01
9.151118641420141753e-01 5.292264322031685619e-01
9.242833801752438072e-01 6.130303638896222873e-01
8.065521788624132604e-01 7.414021372007990607e-01
8.278977556743932764e-01 7.141417215246838035e-01
4.784502491956070247e-01 9.153557377433770847e-01
7.834276677939111533e-01 8.122500039323419241e-01
4.609688771468785640e-01 9.985717872038959442e-01
4.523616507826392907e-01 9.659079809304123021e-01
-9.600593212262005516e-02 1.008686582096803397e+00
5.277829473975547553e-02 1.029331159129630802e+00
-4.244869711004194829e-02 1.062477524942040175e+00
-3.549094987391641642e-01 9.937770489821200481e-01
-5.614996851286184754e-01 8.567792810907011170e-01
-7.595675953745347764e-01 6.593847345967843721e-01
-8.585616834437040934e-01 5.971121937991241690e-01
-9.798727026173433829e-01 3.005701376607349262e-01
-1.019376509453009394e+00 2.830407598604016677e-03
-9.838131772913308870e-01 -3.267097849842078849e-01
-8.393816846112465146e-01 -6.476440625818163932e-01
-6.738132905118358051e-01 -7.925587695940471411e-01
-5.082579993253287798e-01 -8.938145159519133021e-01
-5.047101205702966276e-01 -8.667825471821861694e-01
-3.631038432530540178e-02 -1.054227129500713955e+00
-1.497817542715155492e-01 -1.051820860560124249e+00
2.281036609581664765e-01 -1.002356108596664130e+00
1.995859056605880089e-01 -1.038902352634013093e+00
7.544792200050235431e-01 -8.593890590578122657e-01
6.500904870225172605e-01 -9.152729356803518401e-01
5.821926929917925486e-01 -8.164425068571166122e-01
5.285264545987528040e-01 -8.627270357437372139e-01
8.215642130044004121e-01 -6.857678966101259377e-01
7.088069358075415050e-01 -7.338780065649206374e-01
1.072122837061440848e+00 -4.306562619694855876e-01
1.011971576630934733e+00 -4.698769166157821253e-01
9.843760090171896904e-01 -3.595417089330660287e-01
1.061994390617273964e+00 -1.656593810293910396e-01
1.045956265915754857e+00 -6.761421539243536727e-02
5.502646242016250300e-01 8.960145457651859102e-01
8.161163402551604440e-01 7.745990903907664649e-01
7.249627545689325547e-01 8.518327891569259513e-01
3.610264558674560753e-01 1.050611987095635191e+00
4.017659014055867117e-01 9.770570043935048465e-01
4.900668463123566410e-01 9.495036262609048983e-01
-1.574379124442285560e-01 1.014491390248172475e+00
-1.268585316855826428e-01 1.004277056453738215e+00
-2.127686544296166216e-01 1.012817916836380894e+00
1.331014619946815358e-01 1.027149918617809687e+00
-6.789976047338835974e-02 1.054547434114773363e+00
-1.092304780955365290e-01 1.017960447720634320e+00
-1.015805675122116170e-01 1.031885279336857142e+00
-5.972267401151795108e-01 8.262935669930125959e-01
-3.020854790425193115e-01 1.021007826831734189e+00
-3.046379547174001834e-01 1.008610509054900461e+00
-5.701010932812933252e-01 8.513420384478724845e-01
-5.908431503663161832e-01 8.902826756393952268e-01
-8.206543905599508193e-01 6.313778059530167353e-01
-8.726492974162406435e-01 5.345052622088327654e-01
-9.560483881818856444e-01 -3.498217593095910849e-01
-8.094747520286487141e-01 -6.565082274784993510e-01
-8.405652045806398798e-01 -5.878481837431183132e-01
-7.937849331437899503e-01 -6.236978901956566901e-01
-6.650320609385685922e-01 -7.642967421110382631e-01
-4.616419576586051066e-01 -9.047736351576048941e-01
-4.038855157864176815e-01 -9.157837064762828216e-01
-2.966056688368859939e-01 -9.933646161320195400e-01
-3.594070798874215433e-01 -9.374518188643188310e-01
-1.259338668491044588e-01 -1.040902915069813917e+00
6.421752368781988296e-02 -1.110564335756303977e+00
-8.599366945577299748e-02 -1.068745548683980084e+00
3.941089649988201438e-01 -1.035710644396093727e+00
2.609038650530728573e-02 -1.094652794818735675e+00
2.802217637653783844e-01 -9.965629554266406398e-01
3.745256242420737514e-01 -1.064678774937263928e+00
1.838849348638479653e-01 -1.035726154759631923e+00
1.052334102436956187e-01 -1.010577704935323728e+00
7.013153998594447991e-01 -9.152590653317382863e-01
1.433488497632890990e-01 -9.957321563320319369e-01
7.175589956805212832e-01 -8.629429784592156372e-01
5.463465488681866766e-01 -9.424461865209101674e-01
1.040386944171165062e+00 8.155641713569444784e-02
1.032279177818638205e+00 2.171229464389609065e-01
1.011861383297812056e+00 3.426495921382333165e-01
8.753005554884234485e-01 5.261735447590827341e-01
8.578335353285847509e-01 5.946917783629532828e-01
8.958095192709314425e-01 6.449878788637085636e-01
8.336827721452434448e-01 7.205586051230465916e-01
4.362654935029522951e-01 9.028070168573875121e-01
7.379223005950588110e-01 8.351649526253271949e-01
4.278671223321119377e-01 1.022422717316845642e+00
5.360505689906310822e-01 9.696288051360028026e-01
1.952064822516383358e-01 1.009290700352284853e+00
1.360679569209914397e-01 1.023722986306485394e+00
-1.675441322666652022e-01 1.029335808937409169e+00
3.036767464104899589e-02 1.069480194926224925e+00
-2.579919995931217458e-01 1.026756535564319339e+00
-5.503054523063245496e-01 8.979725902879369670e-01
-7.997501003906671846e-01 6.198157071172986088e-01
-8.792975703081533645e-01 5.481294922750700183e-01
-9.939306189112057099e-01 2.955638785752616182e-01
-1.021798556272314196e+00 2.358527944871244633e-03
-1.004314139557672236e+00 -2.989153205423467075e-01
-8.962927158690789931e-01 -5.309153530364753015e-01
-7.691591849065235742e-01 -6.564003275453739183e-01
-5.520160993779421599e-01 -9.261230239106871265e-01
-5.689524967588135418e-01 -8.327865237845097912e-01
6.819441155161419521e-02 -1.124017479701905131e+00
-2.140535748616637646e-01 -1.003198140966682361e+00
3.900385710269608786e-01 -1.061083469186331785e+00
3.127315134627461357e-01 -1.037895044854607596e+00
1.484254091138325349e-01 -1.047519624573167718e+00
6.960189529873951342e-01 -8.361538554667385936e-01
3.653695987649859811e-01 -9.575903423707037287e-01
5.363141347358310052e-01 -8.494644977661927054e-01
9.166385068451716744e-01 -6.409204045429593988e-01
7.112961009045358773e-01 -7.437236548995642682e-01
9.574828927126192157e-01 -5.321125329651488212e-01
9.900829517499256660e-01 -5.087141306619425984e-01
9.800350610481938229e-01 -3.978178727351658339e-01
1.044730867070635449e+00 -1.913882690999432201e-01
1.043883304397883904e+00 -7.377201192871125912e-02
9.252618995548097525e-01 4.903762691782885819e-01
7.347623560437538393e-01 7.011681710267616552e-01
6.515049118487260538e-01 8.182601527511346173e-01
8.672923774674593522e-01 7.109886162351695127e-01
3.451355424161145491e-01 9.827648988233456118e-01
5.665232918406977181e-01 9.006987482991739569e-01
5.833617569000222325e-01 9.664115031577146242e-01
5.172721098071710044e-02 1.036523097045868758e+00
2.307339555983130008e-01 1.051292385891285042e+00
-1.608189409295764927e-01 1.037528928674602557e+00
-4.478424381355646661e-02 1.046719262143261275e+00
8.154372185038307602e-03 1.052691013903363615e+00
-2.633392898786035552e-01 1.019090599616329085e+00
-4.307666887394257516e-01 9.305390802935884498e-01
-5.275150003567783408e-01 9.350439042951723678e-01
-7.776314399996241411e-01 6.690696207743617174e-01
-8.959080374857847362e-01 4.810384183339547204e-01
-9.096799546666286540e-01 -4.926407148950072146e-01
-8.190110244207191581e-01 -6.021514612428148228e-01
-3.899137415663336270e-01 -9.669899446334707660e-01
-4.313079390063177532e-01 -9.092408068177488811e-01
-5.438837531767284350e-01 -8.849534396793639068e-01
6.072007491057589135e-02 -1.085129206340624375e+00
6.536555035673635716e-02 -1.109271113150868127e+00
-2.144851393668003869e-01 -1.019849918342182526e+00
4.174301043096520503e-01 -9.948024390888978719e-01
1.198874532205923965e-01 -1.049530537927899632e+00
4.263104570585559694e-01 -9.559999781901338256e-01
4.016237164769033696e-01 -9.387525520254231814e-01
8.551092478487067883e-01 -6.440990657901204397e-01
7.283363460641117948e-01 -7.494376165531723144e-01
9.299042906704948486e-01 -5.473722635193130071e-01
1.016537260264431142e+00 -5.155782342776032978e-01
8.908632610155113873e-01 -5.260388737769934320e-01
1.038878170913684063e+00 8.552654460411063253e-02
1.013456259510641111e+00 2.313110875937605670e-01
9.792291361599593236e-01 3.713298860063907192e-01
8.053353123520425871e-01 6.293518360775952614e-01
9.184204587142550391e-01 6.014490633996876223e-01
6.894525449752174628e-01 7.804648839037160446e-01
9.153976687203800866e-01 6.981308699343937718e-01
3.757178239201091619e-01 9.486989473776413773e-01
6.309318822156105844e-01 8.948169787978191847e-01
4.757717191115356514e-01 9.982580316358573569e-01
5.776238154233448441e-01 9.846542331143058879e-01
-1.052340092096917951e-01 1.008155165709002876e+00
7.910302224045767661e-02 1.035435894112952004e+00
-7.752225901758598436e-02 1.054748904154038103e+00
-3.086232897329548863e-01 1.006174488693235114e+00
-4.059603697534984734e-01 9.601032010307569697e-01
-5.102332818861213815e-01 9.347284525995226412e-01
-7.747903955446147073e-01 6.570068412457548135e-01
-9.037448206619238533e-01 5.108955938800828767e-01
-1.012002739313857091e+00 2.695920954883436749e-01
-1.024777994382372270e+00 6.062928784551186801e-04
-1.015701130443441569e+00 -2.646527509379703602e-01
-9.144521386665315221e-01 -4.795047214171144767e-01
-7.728945324289057117e-01 -6.372287197339804310e-01
-5.366420960337936474e-01 -9.453609455823427377e-01
-4.183882506445584237e-01 -9.413389476761911956e-01
-2.791841349885867962e-01 -1.009648112614824234e+00
-1.009253493418709249e-02 -1.066144940577851363e+00
-1.890469212910833863e-01 -1.001260190013635754e+00
3.595768894672988769e-01 -1.048549746789738668e+00
2.075487753108645750e-01 -1.037172755862659557e+00
6.280478151857203928e-01 -9.602194179988494671e-01
5.409226069454381447e-01 -9.726723963569801068e-01
5.655040511389061164e-01 -8.685434318119125141e-01
7.081201406013514221e-01 -7.690707818590307721e-01
7.812563029111242452e-01 -7.473141800652131073e-01
8.439023013999275014e-01 -6.051482612867732369e-01
9.771278371921764405e-01 -5.141587182420763735e-01
9.394563871596480764e-01 -4.176797165068210638e-01
1.026715104800817846e+00 -2.117128557987641435e-01
1.042153545986908458e+00 -7.796167251894267625e-02
8.007023158690036446e-01 6.503463426309170625e-01
8.831730860219708656e-01 5.198909841656449426e-01
7.326096355560461904e-01 7.060954178041555229e-01
7.229416845983637208e-01 6.935717549567178564e-01
7.164817087493897674e-01 7.344969844758796329e-01
8.239150862492073957e-01 7.128245436906914811e-01
4.083521498812191508e-01 9.186112519509292973e-01
4.420624858501768228e-01 9.286765626929253115e-01
5.749955198296069492e-01 9.634349228653332764e-01
-1.098530164276701193e-01 1.003233300974434750e+00
-1.666884918073828492e-01 1.045804015461813785e+00
-2.750483544370341815e-01 9.872374508624688350e-01
-5.364846884404373961e-01 8.647303807477770832e-01
-6.149925727569054423e-01 8.183188785933140919e-01
-5.150802884038443441e-01 9.175868966818754302e-01
-5.040421992661670014e-01 8.936454993807764202e-01
-7.975525575516475563e-01 6.271507904636438591e-01
-8.769860200664442162e-01 5.742325991065007074e-01
-9.214001031638375805e-01 -4.934087243048223548e-01
-7.988419468367849996e-01 -6.080800718814856065e-01
-4.830366942461437607e-01 -9.259661162756184227e-01
-4.956836164058611160e-01 -9.477124790566997525e-01
-4.310073907445996499e-01 -9.204849774382235505e-01
-5.095348094892214741e-01 -8.623866808683234852e-01
-1.986502990923341705e-01 -1.051964421956393725e+00
-3.448706855157882001e-01 -9.492336660253513081e-01
-1.120600889956059470e-01 -1.074078032788046588e+00
3.591087532805621318e-01 -1.009919966345737219e+00
5.766019444682226602e-01 -9.628087629030093186e-01
6.331092297599275609e-01 -7.962719380267750946e-01
8.844533248850631191e-01 -7.086849790852757236e-01
7.000607666047743427e-01 -7.536982666851694823e-01
7.435491963342641952e-01 -7.443319243040662503e-01
7.806036279597309280e-01 -6.513525058986776584e-01
1.004956877292260353e+00 -5.003147361996699294e-01
9.129015007503630263e-01 -4.257571511219919724e-01
1.038526662511743748e+00 8.750893183631396066e-02
1.005343008545364292e+00 2.393951693587884066e-01
9.700390872038240353e-01 3.844596314047515340e-01
8.134211737676644294e-01 6.214984839178719911e-01
8.880312298680239635e-01 6.432482121279129439e-01
6.984268573200000940e-01 7.915247993565354134e-01
7.257275898683551718e-01 8.171468591673396453e-01
4.939491651859014287e-01 9.080483145610367401e-01
3.337515717734394483e-01 1.004009455619760294e+00
5.154396068592732583e-01 9.973563224647997716e-01
2.865242418947282488e-01 1.045378431884041559e+00
3.434085531549244119e-02 1.022866222134939385e+00
-1.147115937844600114e-01 1.021202576172373311e+00
-3.864488062021770309e-02 1.082236371197947911e+00
-2.651810574723406089e-01 1.033921165047299473e+00
-5.534182851926805480e-01 8.728564591371503756e-01
-6.774033198490903018e-01 7.804127964137522744e-01
-7.958385773960821030e-01 6.923876676050693124e-01
-9.324208993764158127e-01 4.586759050241880908e-01
-1.023052066828594953e+00 2.388171792971270357e-01
-1.028496997398011148e+00 -1.062670347431519469e-03
-1.021073815061857015e+00 -2.377397963354293819e-01
-9.305615687677523118e-01 -4.610179014468949732e-01
-8.146027537713667055e-01 -6.242764327250367451e-01
-6.452039519511305610e-01 -8.264572028403637249e-01
-5.153946913410888397e-01 -9.061525560658579836e-01
-4.747966633526173874e-01 -8.898081266090835939e-01
-2.870741894401438940e-02 -1.119053163897733683e+00
-2.031180612249580408e-01 -1.008923402586658691e+00
2.714502899071341568e-01 -1.096409211976283604e+00
2.975582984539144604e-01 -1.045623046834863512e+00
1.762274057324031695e-01 -9.858382978338410263e-01
6.497757354661116702e-01 -9.233238882197288833e-01
5.451762872284332540e-01 -9.431017081132911928e-01
5.542980029126758357e-01 -8.324055861120329691e-01
8.412772111620542281e-01 -7.084758706590861266e-01
7.833612138502986655e-01 -6.563828358662393558e-01
9.796453432225301627e-01 -5.153287931840614400e-01
9.170591792746798365e-01 -4.255261686777108143e-01
1.015972171224862386e+00 -2.246256372422906211e-01
1.041569151520738368e+00 -8.072268927959723450e-02
8.117735618947414800e-01 7.528524108691183603e-01
3.461906530235541180e-01 1.013408976164650754e+00
4.970283442287262710e-01 9.496019517974642055e-01
3.995964733911672728e-01 1.058122808729631048e+00
5.139575824849420549e-01 1.044011007738504304e+00
-1.068412000741766621e-01 1.005249171506217287e+00
-1.638065272695256036e-01 1.028100426199962003e+00
-3.191624182686114697e-01 9.743043573998684259e-01
-6.826974812768082934e-02 1.071986735056932982e+00
-5.470035699185451517e-01 8.399803791377625783e-01
-5.380211531727431273e-01 8.928766063124430330e-01
-7.160225145396809099e-01 7.008238568056879281e-01
-6.731763971314133066e-01 7.949022904854541327e-01
-7.850709508072404308e-01 7.102799315974980265e-01
-9.273319389572638460e-01 4.895576823243065756e-01
-9.182087452044073173e-01 -4.741965998054329945e-01
-8.183982428418314914e-01 -6.350133075720152398e-01
-6.599367646932849940e-01 -7.967795627753011534e-01
-6.539866259098540135e-01 -7.968609669939998863e-01
-4.115206775393387972e-01 -9.600448944569933696e-01
-5.606706279571337381e-01 -8.323538702564750036e-01
-5.280625945480884598e-01 -8.555977829583006899e-01
-1.089393883666821446e-02 -1.109198460221630045e+00
-1.363511607833849115e-01 -1.004709156874695530e+00
3.090636547958185432e-01 -1.090382749396978213e+00
3.447708533361322214e-01 -1.073631125742796621e+00
2.436099447428852205e-01 -1.013216072642444843e+00
1.793293767122406956e-01 -9.936650676979713603e-01
1.490230127445388852e-01 -9.929985349657084459e-01
5.214381402099275142e-01 -9.482612990770307171e-01
8.096034742193118916e-01 -6.370542755764716514e-01
1.039670171207836002e+00 8.704755513736506245e-02
1.008150278490136165e+00 2.395366273177141903e-01
9.725453266635620819e-01 3.848246464941310618e-01
8.265481636375833219e-01 5.844310875667834138e-01
8.443433169136690397e-01 6.707590735968569362e-01
7.285472212409436210e-01 7.814878116927483909e-01
5.992599789599311055e-01 8.505703154858054171e-01
5.409160964946906347e-01 9.001266185004722642e-01
3.924883268501059841e-01 1.010567866263663683e+00
4.376463796197417322e-01 1.043904607164442888e+00
1.614122525964210020e-01 1.019270067599843843e+00
6.507055403070736987e-02 1.045790334211790684e+00
-7.483602313976761566e-02 1.056231612575035061e+00
-2.961085068688252830e-01 9.890954401468288193e-01
-4.084929736696799041e-01 9.593071832429115320e-01
-5.324261740650092500e-01 9.304508303826426463e-01
-7.370089615405104322e-01 6.874628223773229241e-01
-8.561147027399711451e-01 6.082806156943482145e-01
-9.462772760968247709e-01 4.114329226941387807e-01
-1.028575052745772211e+00 2.135142468731567877e-01
-1.032549732556876654e+00 -1.245535834388882077e-03
-1.025587832960381363e+00 -2.147785012362599943e-01
-9.421733458564383046e-01 -4.163577667495089174e-01
-8.462018470778669421e-01 -6.406257104159971405e-01
-7.142474076338389821e-01 -7.527350771223069170e-01
-5.585683194489268200e-01 -9.247640015522657908e-01
-4.482809579769583830e-01 -9.238448334461332179e-01
-2.371563978727807276e-01 -1.038459399767371671e+00
-5.834212466000502501e-02 -1.079071741278096797e+00
-8.741012504137829486e-02 -1.007181174627105547e+00
2.693435436981579945e-01 -1.068972350852002373e+00
1.402353710210515192e-01 -1.005194176666853512e+00
5.550488943761935356e-01 -9.800356053539049928e-01
5.507140385661559723e-01 -9.434517739274718151e-01
5.364227820286865400e-01 -8.576135901837239617e-01
8.494532714860117961e-01 -7.166056811613452648e-01
7.809157878621092452e-01 -6.645072308943091866e-01
9.537344494243503723e-01 -5.169812730857376026e-01
9.312002532867797999e-01 -4.237347032927855639e-01
1.013667908072636292e+00 -2.302416375314997043e-01
1.042472425799418678e+00 -8.058225930822238148e-02
6.934423005047603006e-01 7.900371105998491572e-01
1.648311951920087837e-01 1.019456769818189557e+00
2.834064075484800105e-01 1.057394385916104795e+00
1.173424141692103323e-01 1.040987945705949658e+00
1.560162903255333244e-01 1.053163322303524829e+00
-3.795292371264412032e-03 1.060236609900846227e+00
-1.335761009044427738e-01 1.080176650366455604e+00
-2.974341819623298466e-01 1.001902037766684739e+00
-3.862944787037201344e-01 9.849964652374793017e-01
-5.202179650809892753e-01 8.604421259474469563e-01
-5.122376569039527316e-01 9.272674708606485350e-01
-5.053103053107148579e-01 9.085496630405464069e-01
-6.615293430155330112e-01 8.379655179320607550e-01
-8.490339351161465542e-01 6.370039221652910033e-01
-9.586759956102742786e-01 4.049453906323932650e-01
-8.328747382386183506e-01 -6.526451639574477603e-01
-7.498924076835772334e-01 -6.785020665203604917e-01
-7.249463445704894538e-01 -7.270760311178006141e-01
-5.584753691852997193e-01 -9.252891031783729847e-01
-3.902291447074604513e-01 -9.433173386229612989e-01
-2.371942280026322070e-01 -1.042356221426594898e+00
-2.551893102487846621e-01 -1.031872677913793224e+00
-9.802606470505578762e-02 -1.009402110920926354e+00
-1.849539801568093611e-01 -1.003257396273648627e+00
-6.073471543970661302e-02 -1.012919586979674103e+00
1.373543083543255494e-01 -1.004502319965844492e+00
1.041539449402566264e+00 8.517910026010808155e-02
1.014572706548259928e+00 2.365616781891594633e-01
9.754470326792923363e-01 3.824355864227258484e-01
8.622303558914695687e-01 5.527500067039444742e-01
8.227159215168432516e-01 6.760923360526964743e-01
7.340196199198785187e-01 7.762569691513802050e-01
5.941874099821012889e-01 8.541201567649687743e-01
4.511833857572367656e-01 9.235076423073641516e-01
4.099206860279470677e-01 1.016702098609742366e+00
2.868123121180074508e-01 1.041675482164183819e+00
9.069614099645277594e-02 1.027388135462985908e+00
-8.982067764702647561e-02 1.015505068498071095e+00
-1.573657984890672601e-01 1.050676214297364020e+00
-3.145910358026502429e-01 1.025500529293908558e+00
-5.184065023955244378e-01 8.858060129226615897e-01
-6.407091165027207769e-01 8.417078542903776439e-01
-7.686238169996150171e-01 6.759268219283927071e-01
-8.801312033700010584e-01 5.557523621211799547e-01
-9.642986483714718338e-01 3.814175237965476972e-01
-1.031172208739270291e+00 1.923601103249943933e-01
-1.036649596030196907e+00 -1.448873760693034649e-03
-1.029013600853663668e+00 -1.951582692829406385e-01
-9.576561702248741481e-01 -3.793771157303530428e-01
-8.934818846338747900e-01 -5.697257347285318296e-01
-7.581849827179879542e-01 -6.772218503058811123e-01
-6.381405963649177115e-01 -8.234148539442733838e-01
-5.201303601931281939e-01 -8.859951119686282350e-01
-3.484772846439568306e-01 -9.636713087486178386e-01
-1.442172537801910126e-01 -1.068479869700093010e+00
-1.037929364072571331e-01 -1.030245066811119159e+00
1.640689502777166742e-01 -1.068971628592396694e+00
2.086651375692484267e-01 -1.022261305999937031e+00
3.759517687961893007e-01 -9.720150828975449020e-01
5.271790240426259544e-01 -9.519048137196666204e-01
5.507786851209310885e-01 -8.518576863054629911e-01
8.010149384365549130e-01 -7.453588012062299928e-01
7.931411441754887548e-01 -6.614866288266367800e-01
9.349546924902084610e-01 -5.152373096030175015e-01
9.565263204066177805e-01 -4.169852376569105346e-01
1.015138858231767083e+00 -2.321034015924202665e-01
1.043829599041011358e+00 -7.894605591023917679e-02
1.079649829582272735e+00 2.278526335184062890e-01
9.656564637089862790e-01 3.979742890422636736e-01
9.801241886163325479e-01 3.992113274573720894e-01
9.407747358564864104e-01 5.055106493933942957e-01
8.327102225967589755e-01 5.691220247901246365e-01
8.891309865525072187e-01 5.437658950127017832e-01
8.453020736684073722e-01 5.597594230782982905e-01
8.957070102748270202e-01 5.454551047128812780e-01
8.601346265037691508e-01 6.651264454359526734e-01
8.722330570675426165e-01 6.446979876329027581e-01
7.761407840640445199e-01 6.816238867898328779e-01
7.752637381483531431e-01 6.891042320912013075e-01
8.322508375293917737e-01 7.348917189605033151e-01
7.713800557739756147e-01 7.591581522795040060e-01
6.917796962685743845e-01 7.789470806853208140e-01
7.824610378742902217e-01 7.572666251019962713e-01
5.022452746724024308e-01 8.744434670769428708e-01
5.856341574906013259e-01 8.619190697930434464e-01
6.134823474326640547e-01 8.522478074395259950e-01
5.548813466060474875e-01 8.510635536831014925e-01
5.330145840761482123e-01 9.149441982464485701e-01
6.066008395719553192e-01 8.976964751695897249e-01
5.406436607573736897e-01 9.025194434429366641e-01
5.100344845375354152e-01 9.140777308742050744e-01
3.789315567296432374e-01 9.501994662632953226e-01
2.544505884390109163e-01 9.798772661626298230e-01
3.663946149129673757e-01 1.021829514861926302e+00
3.898138177416020644e-01 1.027258519675842363e+00
7.114606692065707227e-02 1.020666721536174659e+00
-4.908596590623481165e-02 1.036636692154987216e+00
-1.398281328801936341e-01 9.993326595128350087e-01
-2.686087135841777052e-01 1.028361691287578816e+00
-4.899023409592023204e-01 9.056387812807525917e-01
-6.337567092568126004e-01 8.504126376560252609e-01
-6.452631838855270585e-01 8.291659596298573964e-01
-7.967769617656448311e-01 6.364481618186786926e-01
-8.761335728236491205e-01 4.948315293803846604e-01
-9.623555926521102366e-01 4.033929279794883915e-01
-9.754559607204408289e-01 -3.427758925902156806e-01
-8.789182372010115873e-01 -6.022440379505413777e-01
-7.890103440478761776e-01 -6.281437623939937209e-01
-7.727814860656928575e-01 -6.613189620679165159e-01
-6.388127325206945928e-01 -8.877423118673027913e-01
-6.322395350376828205e-01 -8.676366629096128325e-01
-3.028306618786483773e-01 -1.016976757948469867e+00
-3.777070554181700679e-01 -9.384247464287031049e-01
-4.281972529461428034e-01 -9.133277859930404308e-01
-1.917429759040600867e-01 -1.035980424911062014e+00
2.146339901714011400e-01 -1.087094978157707947e+00
2.772333698942955338e-01 -1.031032062270923033e+00
2.510327331828448028e-01 -1.024313087222608054e+00
2.292706371822563760e-01 -1.023212710150279259e+00
3.195550944591310505e-01 -9.696739146528271514e-01
5.126009245152152172e-01 -9.475542201219824268e-01
5.741387069827433853e-01 -9.321553659413013282e-01
4.521468107952653637e-01 -9.562702109184952892e-01
5.918956541441151575e-01 -9.238581205494571513e-01
5.375028450597549856e-01 -8.689930567184978027e-01
5.724247601498406723e-01 -8.202400816409246564e-01
6.304786142763055823e-01 -8.074062040155676190e-01
6.752315695191413170e-01 -8.007235046814366042e-01
6.532106514826918620e-01 -8.131859739176334756e-01
7.686976047546413282e-01 -7.552772388847769358e-01
6.563121868967239925e-01 -7.660582286578122568e-01
8.436348855198907426e-01 -7.355709473058847925e-01
8.322447431094521786e-01 -7.463839868170161207e-01
7.593037066511697519e-01 -6.721835869920843587e-01
8.138041608175474728e-01 -6.395241789716548109e-01
8.145120105722614134e-01 -6.371103346233188969e-01
8.678268672628639546e-01 -6.151544171016002371e-01
9.445592615128268754e-01 -5.109636096684326834e-01
9.599972058614616444e-01 -5.085932217744955075e-01
9.278801388972437447e-01 -4.068626345698102553e-01
9.194009672243483866e-01 -4.260800031439559987e-01
9.893587132148362606e-01 -4.094833898667788463e-01
9.726970574158306793e-01 -3.940179655944248127e-01
9.941661274873492271e-01 -2.428614139191272170e-01
1.028271042914211897e+00 -2.227258375746163088e-01
1.042226523146505546e+00 8.290831113434793398e-02
1.016282112022897532e+00 2.378366238480522088e-01
9.698857984441537905e-01 3.881101765236386614e-01
8.811760355499910213e-01 5.447633827168751885e-01
8.065641280400449586e-01 6.761289036601664248e-01
7.120377797496140193e-01 7.827820215229753797e-01
5.837182898022496014e-01 8.636737533721349225e-01
4.291849781828123156e-01 9.412099111165382892e-01
3.411455512979231774e-01 1.018345224355939882e+00
1.971962393526872359e-01 1.024955819555207759e+00
3.508773577064153160e-02 1.041517127178708702e+00
-1.130422827843973882e-01 1.038281255301774841e+00
-2.759158374724225982e-01 1.001569739204275056e+00
-4.174906724181741136e-01 9.568907470575247487e-01
-5.697598991223112863e-01 8.928695269164562687e-01
-6.979244770988340951e-01 7.785121068178312287e-01
-8.150971460904170574e-01 6.572721249629270845e-01
-9.080228984979255014e-01 5.101478922657399773e-01
-9.784773397990352839e-01 3.492083802601424480e-01
-1.032411074888100355e+00 1.747186021833863068e-01
-1.041012957891050750e+00 -1.071703664700798114e-03
-1.031189118501525170e+00 -1.773142385057895065e-01
-9.784446241818782752e-01 -3.503161265226483745e-01
-9.113927099896326212e-01 -5.104768601095492908e-01
-8.049108707856014178e-01 -6.426904932548250793e-01
-6.969937201674915039e-01 -7.839340300750543555e-01
-5.728800041756110240e-01 -8.914412123239093821e-01
-4.185456068809625951e-01 -9.487809207647627252e-01
-2.619649868714019614e-01 -1.027636444370413571e+00
-1.203526736828824106e-01 -1.046923334447074083e+00
1.884318740408130050e-02 -1.041876447064396194e+00
1.874823070825894777e-01 -1.037131195458049104e+00
3.027102831538939776e-01 -9.877039262137324860e-01
4.799248975730938671e-01 -9.536558692818422056e-01
5.764130232407398413e-01 -8.645171469699447497e-01
7.243653509139678093e-01 -7.586757810578552697e-01
8.021238343321529518e-01 -6.663480695679391275e-01
9.077581419770673898e-01 -5.241090836508734974e-01
9.678914242629937936e-01 -4.081406781464626543e-01
1.014196090232114988e+00 -2.374626125759075335e-01
1.043328311750463921e+00 -8.014198147763240687e-02
1.020825443086615048e+00 2.523315237068834427e-01
9.901024634993687012e-01 3.698887980243893980e-01
9.127646865237236673e-01 5.605410149849042734e-01
8.643803936549131484e-01 5.539767360755266656e-01
7.955249419746095452e-01 6.656633756728933538e-01
7.786776803623907117e-01 6.667395029838867337e-01
7.790405532783245546e-01 6.749161890538573072e-01
7.199910014513845047e-01 7.800775143877213269e-01
5.686695851203807939e-01 8.505505135422585239e-01
4.709599821188682478e-01 9.480192116466835683e-01
5.045656896181803797e-01 9.324982770364841356e-01
5.457312185155530626e-01 9.172191228151344022e-01
4.023066299155050318e-01 9.661764640550549732e-01
3.395355853299384941e-01 1.038065490779511268e+00
1.764041570909361534e-01 1.013706500148473522e+00
2.094091167043609092e-01 1.040348119953245609e+00
-7.920185921421850350e-02 1.044797892727862498e+00
-4.274753850730654836e-01 9.307368514406426652e-01
-5.544855264297581243e-01 9.180511392764848511e-01
-6.834609641035539473e-01 8.089724471220707258e-01
-7.417849854480895733e-01 6.931414070982639952e-01
-9.314961455703735238e-01 4.946871112554010463e-01
-8.954769691068176218e-01 5.000001116455891070e-01
-9.716556397456258543e-01 3.233214971623198930e-01
-9.772613973891014494e-01 -3.945055312850142548e-01
-8.910654793894737802e-01 -5.274100515537835099e-01
-7.902088428915210461e-01 -6.352829145812453060e-01
-6.906763851418188382e-01 -7.776524019544165389e-01
-6.651108508978309519e-01 -8.439228418984543456e-01
-7.043168557662674578e-01 -7.787132525610827027e-01
-4.054424592105603242e-01 -9.778091028390434314e-01
-1.892207574592610630e-01 -1.075079596707885887e+00
-1.156343394782517048e-01 -1.041031114750147202e+00
1.204120596072102145e-01 -1.006306883985973011e+00
1.686086707611893498e-01 -1.016047257656429448e+00
4.981896998434233170e-01 -9.689025563203800262e-01
5.642083046467566421e-01 -8.827226414997038084e-01
5.799830393849251253e-01 -8.720907520594003426e-01
5.949200441349584700e-01 -8.465480133146230379e-01
7.383987019628043269e-01 -7.602427117270218471e-01
7.744021019717384213e-01 -6.626878024765242570e-01
7.423029425670529813e-01 -6.727922830699422097e-01
9.517575806000286853e-01 -4.133967936952502309e-01
1.042729988175921330e+00 8.005509908203677083e-02
1.018289281030033244e+00 2.382888735751829690e-01
9.699807361987742294e-01 3.909373588360106622e-01
8.989366650285646188e-01 5.344226037488626346e-01
8.068222803334720306e-01 6.653814357854357375e-01
6.957966652182171474e-01 7.807442909183518465e-01
5.684621660001537569e-01 8.778071616003172428e-01
4.278033954172364983e-01 9.542949764092207854e-01
2.771172758350832210e-01 1.008414925794007821e+00
1.199357621810672042e-01 1.038898484011040457e+00
-4.005694408563485742e-02 1.045031142292377924e+00
-1.991107495336611188e-01 1.026669156325705545e+00
-3.534975677710639475e-01 9.842429154991839679e-01
-4.995987026305581113e-01 9.187468549389733452e-01
-6.339896673406167915e-01 8.317161467927182139e-01
-7.535204515929354585e-01 7.251907170955584903e-01
-8.553893551142350837e-01 6.016674316328287642e-01
-9.372086571460551685e-01 4.640415715222934168e-01
-9.970605825955947132e-01 3.155389702786732253e-01
-1.033542253058455485e+00 1.596404030101505889e-01
-1.045798569099418707e+00 1.288213174475112960e-15
-1.033542253058456151e+00 -1.596404030101480631e-01
-9.970605825955952684e-01 -3.155389702786707273e-01
-9.372086571460562787e-01 -4.640415715222910853e-01
-8.553893551142366380e-01 -6.016674316328267658e-01
-7.535204515929371238e-01 -7.251907170955566029e-01
-6.339896673406184568e-01 -8.317161467927165486e-01
-4.995987026305597767e-01 -9.187468549389724570e-01
-3.534975677710653352e-01 -9.842429154991834128e-01
-1.991107495336620348e-01 -1.026669156325705101e+00
-4.005694408563534314e-02 -1.045031142292377924e+00
1.199357621810671903e-01 -1.038898484011040457e+00
2.771172758350837206e-01 -1.008414925794007599e+00
4.278033954172373310e-01 -9.542949764092205633e-01
5.684621660001548671e-01 -8.778071616003165767e-01
6.957966652182182576e-01 -7.807442909183508473e-01
8.068222803334732518e-01 -6.653814357854342942e-01
8.989366650285658400e-01 -5.344226037488606362e-01
9.699807361987752286e-01 -3.909373588360082197e-01
1.018289281030033910e+00 -2.382888735751800546e-01
1.042729988175921774e+00 -8.005509908203524427e-02
1.021515153998654002e+00 3.560081286807645351e-01
9.172619225177005564e-01 5.479699405423044123e-01
8.907659610386930993e-01 5.399188790022090290e-01
7.821414702756642745e-01 6.830225315327748126e-01
8.125470609103428998e-01 6.450601096256690647e-01
7.320240564959649143e-01 8.072929785400337899e-01
4.035765627878442618e-01 9.228059233817800244e-01
4.413535363257686250e-01 9.316414134920587564e-01
4.250719425767610082e-01 9.841236720977524222e-01
8.092350637514675316e-02 1.041525106669902279e+00
-4.352314167045731597e-02 1.016501080950286351e+00
-3.602886560464790833e-01 9.783633396783182334e-01
-4.619256187599533048e-01 8.979449859348399565e-01
-5.781867250201888631e-01 8.584824733598703794e-01
-6.439694411642862271e-01 8.327890462095405288e-01
-7.518381298893318521e-01 7.242894584277425052e-01
-7.332090954732251031e-01 6.876237437307277656e-01
-7.517819369774642047e-01 7.152397899738394127e-01
-9.494242632475624610e-01 4.768930950824117332e-01
-9.322470564356206690e-01 4.763000726221127135e-01
-9.302114251557673796e-01 -4.748487460128306137e-01
-9.302427545276120702e-01 -4.651462301614297523e-01
-7.455562418005226011e-01 -7.355680708400332835e-01
-7.595817241391707997e-01 -6.867748100152818447e-01
-7.568201822434741377e-01 -7.351174617746759621e-01
-5.967730844012378855e-01 -8.200775996007027002e-01
-3.467003784154477630e-01 -1.008283341039666769e+00
-3.785111298321088280e-01 -9.561581335480937582e-01
1.162185342604891564e-01 -1.024750207084812903e+00
2.954950566380438737e-01 -1.040111625749913227e+00
5.570811684760231808e-01 -8.659769701002599795e-01
5.761585725119251489e-01 -9.313058642668560205e-01
5.720358559757806605e-01 -8.909801443784648445e-01
6.686212365337509400e-01 -7.921720094596196304e-01
7.924267335842637427e-01 -6.541531368144101188e-01
9.497178306907976264e-01 -3.839810449615752019e-01
1.026687187262443013e+00 -2.466620628831567852e-01
