1.0000000005
1.000000001
1.0000000015
1.000000002
1.00000000251
1.00000000301
1.00000000351
1.00000000401
1.00000000451
1.00000000501
1.00000000551
1.00000000601
1.00000000652
1.00000000702
1.00000000752
1.00000000802
1.00000000852
1.00000000902
1.00000000952
1.00000001002
1.00000001053
1.00000001103
1.00000001153
1.00000001203
1.00000001253
1.00000001303
1.00000001353
1.00000001403
1.00000001454
1.00000001504
1.00000001554
1.00000001604
1.00000001654
1.00000001704
1.00000001754
1.00000001804
1.00000001855
1.00000001905
1.00000001955
1.00000002005
1.00000002055
1.00000002105
1.00000002155
1.00000002205
1.00000002256
1.00000002306
1.00000002356
1.00000002406
1.00000002456
1.00000002506
1.00000002556
1.00000002606
1.00000002657
1.00000002707
1.00000002757
1.00000002807
1.00000002857
1.00000002907
1.00000002957
1.00000003007
1.00000003058
1.00000003108
1.00000003158
1.00000003208
1.00000003258
1.00000003308
1.00000003358
1.00000003408
1.00000003459
1.00000003509
1.00000003559
1.00000003609
1.00000003659
1.00000003709
1.00000003759
1.00000003809
1.0000000386
1.0000000391
1.0000000396
1.0000000401
1.0000000406
1.0000000411
1.0000000416
1.0000000421
1.00000004261
1.00000004311
1.00000004361
1.00000004411
1.00000004461
1.00000004511
1.00000004561
1.00000004611
1.00000004662
1.00000004712
1.00000004762
1.00000004812
1.00000004862
1.00000004912
1.00000004962
1.00000005012
1.00000005062
1.00000005113
1.00000005163
1.00000005213
1.00000005263
1.00000005313
1.00000005363
1.00000005413
1.00000005463
1.00000005514
1.00000005564
1.00000005614
1.00000005664
1.00000005714
1.00000005764
1.00000005814
1.00000005864
1.00000005915
1.00000005965
1.00000006015
1.00000006065
1.00000006115
1.00000006165
1.00000006215
1.00000006265
1.00000006316
1.00000006366
1.00000006416
1.00000006466
1.00000006516
1.00000006566
1.00000006616
1.00000006666
1.00000006717
1.00000006767
1.00000006817
1.00000006867
1.00000006917
1.00000006967
1.00000007017
1.00000007067
1.00000007118
1.00000007168
1.00000007218
1.00000007268
1.00000007318
1.00000007368
1.00000007418
1.00000007468
1.00000007519
1.00000007569
1.00000007619
1.00000007669
1.00000007719
1.00000007769
1.00000007819
1.00000007869
1.0000000792
1.0000000797
1.0000000802
1.0000000807
1.0000000812
1.0000000817
1.0000000822
1.0000000827
1.00000008321
1.00000008371
1.00000008421
1.00000008471
1.00000008521
1.00000008571
1.00000008621
1.00000008671
1.00000008722
1.00000008772
1.00000008822
1.00000008872
1.00000008922
1.00000008972
1.00000009022
1.00000009072
1.00000009123
1.00000009173
1.00000009223
1.00000009273
1.00000009323
1.00000009373
1.00000009423
1.00000009473
1.00000009523
1.00000009574
1.00000009624
1.00000009674
1.00000009724
1.00000009774
1.00000009824
1.00000009874
1.00000009924
1.00000009975
1.00000010025
1.00000010075
1.00000010125
1.00000010175
1.00000010225
1.00000010275
1.00000010325
1.00000010376
1.00000010426
1.00000010476
1.00000010526
1.00000010576
1.00000010626
1.00000010676
1.00000010726
1.00000010777
1.00000010827
1.00000010877
1.00000010927
1.00000010977
1.00000011027
1.00000011077
1.00000011127
1.00000011178
1.00000011228
1.00000011278
1.00000011328
1.00000011378
1.00000011428
1.00000011478
1.00000011528
1.00000011579
1.00000011629
1.00000011679
1.00000011729
1.00000011779
1.00000011829
1.00000011879
1.00000011929
1.0000001198
1.0000001203
1.0000001208
1.0000001213
1.0000001218
1.0000001223
1.0000001228
1.0000001233
1.00000012381
1.00000012431
1.00000012481
1.00000012531
1.00000012581
1.00000012631
1.00000012681
1.00000012731
1.00000012782
1.00000012832
1.00000012882
1.00000012932
1.00000012982
1.00000013032
1.00000013082
1.00000013132
1.00000013183
1.00000013233
1.00000013283
1.00000013333
1.00000013383
1.00000013433
1.00000013483
1.00000013533
1.00000013584
1.00000013634
1.00000013684
1.00000013734
1.00000013784
1.00000013834
1.00000013884
1.00000013934
1.00000013985
1.00000014035
1.00000014085
1.00000014135
1.00000014185
1.00000014235
1.00000014285
1.00000014335
1.00000014385
1.00000014436
1.00000014486
1.00000014536
1.00000014586
1.00000014636
1.00000014686
1.00000014736
1.00000014786
1.00000014837
1.00000014887
1.00000014937
1.00000014987
1.00000015037
1.00000015087
1.00000015137
1.00000015187
1.00000015238
1.00000015288
1.00000015338
1.00000015388
1.00000015438
1.00000015488
1.00000015538
1.00000015588
1.00000015639
1.00000015689
1.00000015739
1.00000015789
1.00000015839
1.00000015889
1.00000015939
1.00000015989
1.0000001604
1.0000001609
1.0000001614
1.0000001619
1.0000001624
1.0000001629
1.0000001634
1.0000001639
1.00000016441
1.00000016491
1.00000016541
1.00000016591
1.00000016641
1.00000016691
1.00000016741
1.00000016791
1.00000016842
1.00000016892
1.00000016942
1.00000016992
1.00000017042
1.00000017092
1.00000017142
1.00000017192
1.00000017243
1.00000017293
1.00000017343
1.00000017393
1.00000017443
1.00000017493
1.00000017543
1.00000017593
1.00000017644
1.00000017694
1.00000017744
1.00000017794
1.00000017844
1.00000017894
1.00000017944
1.00000017994
1.00000018045
1.00000018095
1.00000018145
1.00000018195
1.00000018245
1.00000018295
1.00000018345
1.00000018395
1.00000018446
1.00000018496
1.00000018546
1.00000018596
1.00000018646
1.00000018696
1.00000018746
1.00000018796
1.00000018846
1.00000018897
1.00000018947
1.00000018997
1.00000019047
1.00000019097
1.00000019147
1.00000019197
1.00000019247
1.00000019298
1.00000019348
1.00000019398
1.00000019448
1.00000019498
1.00000019548
1.00000019598
1.00000019648
1.00000019699
1.00000019749
1.00000019799
1.00000019849
1.00000019899
1.00000019949
1.00000019999
1.00000020049
1.000000201
1.0000002015
1.000000202
1.0000002025
1.000000203
1.0000002035
1.000000204
1.0000002045
1.00000020501
1.00000020551
1.00000020601
1.00000020651
1.00000020701
1.00000020751
1.00000020801
1.00000020851
1.00000020902
1.00000020952
1.00000021002
1.00000021052
1.00000021102
1.00000021152
1.00000021202
1.00000021252
1.00000021303
1.00000021353
1.00000021403
1.00000021453
1.00000021503
1.00000021553
1.00000021603
1.00000021653
1.00000021704
1.00000021754
1.00000021804
1.00000021854
1.00000021904
1.00000021954
1.00000022004
1.00000022054
1.00000022105
1.00000022155
1.00000022205
1.00000022255
1.00000022305
1.00000022355
1.00000022405
1.00000022455
1.00000022506
1.00000022556
1.00000022606
1.00000022656
1.00000022706
1.00000022756
1.00000022806
1.00000022856
1.00000022907
1.00000022957
1.00000023007
1.00000023057
1.00000023107
1.00000023157
1.00000023207
1.00000023257
1.00000023307
1.00000023358
1.00000023408
1.00000023458
1.00000023508
1.00000023558
1.00000023608
1.00000023658
1.00000023708
1.00000023759
1.00000023809
1.00000023859
1.00000023909
1.00000023959
1.00000024009
1.00000024059
1.00000024109
1.0000002416
1.0000002421
1.0000002426
1.0000002431
1.0000002436
1.0000002441
1.0000002446
1.0000002451
1.00000024561
1.00000024611
1.00000024661
1.00000024711
1.00000024761
1.00000024811
1.00000024861
1.00000024911
1.00000024962
1.00000025012
1.00000025062
1.00000025112
1.00000025162
1.00000025212
1.00000025262
1.00000025312
1.00000025363
1.00000025413
1.00000025463
1.00000025513
1.00000025563
1.00000025613
1.00000025663
1.00000025713
1.00000025764
1.00000025814
1.00000025864
1.00000025914
1.00000025964
1.00000026014
1.00000026064
1.00000026114
1.00000026165
1.00000026215
1.00000026265
1.00000026315
1.00000026365
1.00000026415
1.00000026465
1.00000026515
1.00000026566
1.00000026616
1.00000026666
1.00000026716
1.00000026766
1.00000026816
1.00000026866
1.00000026916
1.00000026967
1.00000027017
1.00000027067
1.00000027117
1.00000027167
1.00000027217
1.00000027267
1.00000027317
1.00000027368
1.00000027418
1.00000027468
1.00000027518
1.00000027568
1.00000027618
1.00000027668
1.00000027718
1.00000027768
1.00000027819
1.00000027869
1.00000027919
1.00000027969
1.00000028019
1.00000028069
1.00000028119
1.00000028169
1.0000002822
1.0000002827
1.0000002832
1.0000002837
1.0000002842
1.0000002847
1.0000002852
1.0000002857
1.00000028621
1.00000028671
1.00000028721
1.00000028771
1.00000028821
1.00000028871
1.00000028921
1.00000028971
1.00000029022
1.00000029072
1.00000029122
1.00000029172
1.00000029222
1.00000029272
1.00000029322
1.00000029372
1.00000029423
1.00000029473
1.00000029523
1.00000029573
1.00000029623
1.00000029673
1.00000029723
1.00000029773
1.00000029824
1.00000029874
1.00000029924
1.00000029974
1.00000030024
1.00000030074
1.00000030124
1.00000030174
1.00000030225
1.00000030275
1.00000030325
1.00000030375
1.00000030425
1.00000030475
1.00000030525
1.00000030575
1.00000030626
1.00000030676
1.00000030726
1.00000030776
1.00000030826
1.00000030876
1.00000030926
1.00000030976
1.00000031027
1.00000031077
1.00000031127
1.00000031177
1.00000031227
1.00000031277
1.00000031327
1.00000031377
1.00000031428
1.00000031478
1.00000031528
1.00000031578
1.00000031628
1.00000031678
1.00000031728
1.00000031778
1.00000031829
1.00000031879
1.00000031929
1.00000031979
1.00000032029
1.00000032079
1.00000032129
1.00000032179
1.00000032229
1.0000003228
1.0000003233
1.0000003238
1.0000003243
1.0000003248
1.0000003253
1.0000003258
1.0000003263
1.00000032681
1.00000032731
1.00000032781
1.00000032831
1.00000032881
1.00000032931
1.00000032981
1.00000033031
1.00000033082
1.00000033132
1.00000033182
1.00000033232
1.00000033282
1.00000033332
1.00000033382
1.00000033432
1.00000033483
1.00000033533
1.00000033583
1.00000033633
1.00000033683
1.00000033733
1.00000033783
1.00000033833
1.00000033884
1.00000033934
1.00000033984
1.00000034034
1.00000034084
1.00000034134
1.00000034184
1.00000034234
1.00000034285
1.00000034335
1.00000034385
1.00000034435
1.00000034485
1.00000034535
1.00000034585
1.00000034635
1.00000034686
1.00000034736
1.00000034786
1.00000034836
1.00000034886
1.00000034936
1.00000034986
1.00000035036
1.00000035087
1.00000035137
1.0000000005
1.000000001
1.0000000015
1.000000002
1.00000000251
1.00000000301
1.00000000351
1.00000000401
1.00000000451
1.00000000501
1.00000000551
1.00000000601
1.00000000652
1.00000000702
1.00000000752
1.00000000802
1.00000000852
1.00000000902
1.00000000952
1.00000001002
1.00000001053
1.00000001103
1.00000001153
1.00000001203
1.00000001253
1.00000001303
1.00000001353
1.00000001403
1.00000001454
1.00000001504
1.00000001554
1.00000001604
1.00000001654
1.00000001704
1.00000001754
1.00000001804
1.00000001855
1.00000001905
1.00000001955
1.00000002005
1.00000002055
1.00000002105
1.00000002155
1.00000002205
1.00000002256
1.00000002306
1.00000002356
1.00000002406
1.00000002456
1.00000002506
1.00000002556
1.00000002606
1.00000002657
1.00000002707
1.00000002757
1.00000002807
1.00000002857
1.00000002907
1.00000002957
1.00000003007
1.00000003058
1.00000003108
1.00000003158
1.00000003208
1.00000003258
1.00000003308
1.00000003358
1.00000003408
1.00000003459
1.00000003509
1.00000003559
1.00000003609
1.00000003659
1.00000003709
1.00000003759
1.00000003809
1.0000000386
1.0000000391
1.0000000396
1.0000000401
1.0000000406
1.0000000411
1.0000000416
1.0000000421
1.00000004261
1.00000004311
1.00000004361
1.00000004411
1.00000004461
1.00000004511
1.00000004561
1.00000004611
1.00000004662
1.00000004712
1.00000004762
1.00000004812
1.00000004862
1.00000004912
1.00000004962
1.00000005012
1.00000005062
1.00000005113
1.00000005163
1.00000005213
1.00000005263
1.00000005313
1.00000005363
1.00000005413
1.00000005463
1.00000005514
1.00000005564
1.00000005614
1.00000005664
1.00000005714
1.00000005764
1.00000005814
1.00000005864
1.00000005915
1.00000005965
1.00000006015
1.00000006065
1.00000006115
1.00000006165
1.00000006215
1.00000006265
1.00000006316
1.00000006366
1.00000006416
1.00000006466
1.00000006516
1.00000006566
1.00000006616
1.00000006666
1.00000006717
1.00000006767
1.00000006817
1.00000006867
1.00000006917
1.00000006967
1.00000007017
1.00000007067
1.00000007118
1.00000007168
1.00000007218
1.00000007268
1.00000007318
1.00000007368
1.00000007418
1.00000007468
1.00000007519
1.00000007569
1.00000007619
1.00000007669
1.00000007719
1.00000007769
1.00000007819
1.00000007869
1.0000000792
1.0000000797
1.0000000802
1.0000000807
1.0000000812
1.0000000817
1.0000000822
1.0000000827
1.00000008321
1.00000008371
1.00000008421
1.00000008471
1.00000008521
1.00000008571
1.00000008621
1.00000008671
1.00000008722
1.00000008772
1.00000008822
1.00000008872
1.00000008922
1.00000008972
1.00000009022
1.00000009072
1.00000009123
1.00000009173
1.00000009223
1.00000009273
1.00000009323
1.00000009373
1.00000009423
1.00000009473
1.00000009523
1.00000009574
1.00000009624
1.00000009674
1.00000009724
1.00000009774
1.00000009824
1.00000009874
1.00000009924
1.00000009975
1.00000010025
1.00000010075
1.00000010125
1.00000010175
1.00000010225
1.00000010275
1.00000010325
1.00000010376
1.00000010426
1.00000010476
1.00000010526
1.00000010576
1.00000010626
1.00000010676
1.00000010726
1.00000010777
1.00000010827
1.00000010877
1.00000010927
1.00000010977
1.00000011027
1.00000011077
1.00000011127
1.00000011178
1.00000011228
1.00000011278
1.00000011328
1.00000011378
1.00000011428
1.00000011478
1.00000011528
1.00000011579
1.00000011629
1.00000011679
1.00000011729
1.00000011779
1.00000011829
1.00000011879
1.00000011929
1.0000001198
1.0000001203
1.0000001208
1.0000001213
1.0000001218
1.0000001223
1.0000001228
1.0000001233
1.00000012381
1.00000012431
1.00000012481
1.00000012531
1.00000012581
1.00000012631
1.00000012681
1.00000012731
1.00000012782
1.00000012832
1.00000012882
1.00000012932
1.00000012982
1.00000013032
1.00000013082
1.00000013132
1.00000013183
1.00000013233
1.00000013283
1.00000013333
1.00000013383
1.00000013433
1.00000013483
1.00000013533
1.00000013584
1.00000013634
1.00000013684
1.00000013734
1.00000013784
1.00000013834
1.00000013884
1.00000013934
1.00000013985
1.00000014035
1.00000014085
1.00000014135
1.00000014185
1.00000014235
1.00000014285
1.00000014335
1.00000014385
1.00000014436
1.00000014486
1.00000014536
1.00000014586
1.00000014636
1.00000014686
1.00000014736
1.00000014786
1.00000014837
1.00000014887
1.00000014937
1.00000014987
1.00000015037
1.00000015087
1.00000015137
1.00000015187
1.00000015238
1.00000015288
1.00000015338
1.00000015388
1.00000015438
1.00000015488
1.00000015538
1.00000015588
1.00000015639
1.00000015689
1.00000015739
1.00000015789
1.00000015839
1.00000015889
1.00000015939
1.00000015989
1.0000001604
1.0000001609
1.0000001614
1.0000001619
1.0000001624
1.0000001629
1.0000001634
1.0000001639
1.00000016441
1.00000016491
1.00000016541
1.00000016591
1.00000016641
1.00000016691
1.00000016741
1.00000016791
1.00000016842
1.00000016892
1.00000016942
1.00000016992
1.00000017042
1.00000017092
1.00000017142
1.00000017192
1.00000017243
1.00000017293
1.00000017343
1.00000017393
1.00000017443
1.00000017493
1.00000017543
1.00000017593
1.00000017644
1.00000017694
1.00000017744
1.00000017794
1.00000017844
1.00000017894
1.00000017944
1.00000017994
1.00000018045
1.00000018095
1.00000018145
1.00000018195
1.00000018245
1.00000018295
1.00000018345
1.00000018395
1.00000018446
1.00000018496
1.00000018546
1.00000018596
1.00000018646
1.00000018696
1.00000018746
1.00000018796
1.00000018846
1.00000018897
1.00000018947
1.00000018997
1.00000019047
1.00000019097
1.00000019147
1.00000019197
1.00000019247
1.00000019298
1.00000019348
1.00000019398
1.00000019448
1.00000019498
1.00000019548
1.00000019598
1.00000019648
1.00000019699
1.00000019749
1.00000019799
1.00000019849
1.00000019899
1.00000019949
1.00000019999
1.00000020049
1.000000201
1.0000002015
1.000000202
1.0000002025
1.000000203
1.0000002035
1.000000204
1.0000002045
1.00000020501
1.00000020551
1.00000020601
1.00000020651
1.00000020701
1.00000020751
1.00000020801
1.00000020851
1.00000020902
1.00000020952
1.00000021002
1.00000021052
1.00000021102
1.00000021152
1.00000021202
1.00000021252
1.00000021303
1.00000021353
1.00000021403
1.00000021453
1.00000021503
1.00000021553
1.00000021603
1.00000021653
1.00000021704
1.00000021754
1.00000021804
1.00000021854
1.00000021904
1.00000021954
1.00000022004
1.00000022054
1.00000022105
1.00000022155
1.00000022205
1.00000022255
1.00000022305
1.00000022355
1.00000022405
1.00000022455
1.00000022506
1.00000022556
1.00000022606
1.00000022656
1.00000022706
1.00000022756
1.00000022806
1.00000022856
1.00000022907
1.00000022957
1.00000023007
1.00000023057
1.00000023107
1.00000023157
1.00000023207
1.00000023257
1.00000023307
1.00000023358
1.00000023408
1.00000023458
1.00000023508
1.00000023558
1.00000023608
1.00000023658
1.00000023708
1.00000023759
1.00000023809
1.00000023859
1.00000023909
1.00000023959
1.00000024009
1.00000024059
1.00000024109
1.0000002416
1.0000002421
1.0000002426
1.0000002431
1.0000002436
1.0000002441
1.0000002446
1.0000002451
1.00000024561
1.00000024611
1.00000024661
1.00000024711
1.00000024761
1.00000024811
1.00000024861
1.00000024911
1.00000024962
1.00000025012
1.00000025062
1.00000025112
1.00000025162
1.00000025212
1.00000025262
1.00000025312
1.00000025363
1.00000025413
1.00000025463
1.00000025513
1.00000025563
1.00000025613
1.00000025663
1.00000025713
1.00000025764
1.00000025814
1.00000025864
1.00000025914
1.00000025964
1.00000026014
1.00000026064
1.00000026114
1.00000026165
1.00000026215
1.00000026265
1.00000026315
1.00000026365
1.00000026415
1.00000026465
1.00000026515
1.00000026566
1.00000026616
1.00000026666
1.00000026716
1.00000026766
1.00000026816
1.00000026866
1.00000026916
1.00000026967
1.00000027017
1.00000027067
1.00000027117
1.00000027167
1.00000027217
1.00000027267
1.00000027317
1.00000027368
1.00000027418
1.00000027468
1.00000027518
1.00000027568
1.00000027618
1.00000027668
1.00000027718
1.00000027768
1.00000027819
1.00000027869
1.00000027919
1.00000027969
1.00000028019
1.00000028069
1.00000028119
1.00000028169
1.0000002822
1.0000002827
1.0000002832
1.0000002837
1.0000002842
1.0000002847
1.0000002852
1.0000002857
1.00000028621
1.00000028671
1.00000028721
1.00000028771
1.00000028821
1.00000028871
1.00000028921
1.00000028971
1.00000029022
1.00000029072
1.00000029122
1.00000029172
1.00000029222
1.00000029272
1.00000029322
1.00000029372
1.00000029423
1.00000029473
1.00000029523
1.00000029573
1.00000029623
1.00000029673
1.00000029723
1.00000029773
1.00000029824
1.00000029874
1.00000029924
1.00000029974
1.00000030024
1.00000030074
1.00000030124
1.00000030174
1.00000030225
1.00000030275
1.00000030325
1.00000030375
1.00000030425
1.00000030475
1.00000030525
1.00000030575
1.00000030626
1.00000030676
1.00000030726
1.00000030776
1.00000030826
1.00000030876
1.00000030926
1.00000030976
1.00000031027
1.00000031077
1.00000031127
1.00000031177
1.00000031227
1.00000031277
1.00000031327
1.00000031377
1.00000031428
1.00000031478
1.00000031528
1.00000031578
1.00000031628
1.00000031678
1.00000031728
1.00000031778
1.00000031829
1.00000031879
1.00000031929
1.00000031979
1.00000032029
1.00000032079
1.00000032129
1.00000032179
1.00000032229
1.0000003228
1.0000003233
1.0000003238
1.0000003243
1.0000003248
1.0000003253
1.0000003258
1.0000003263
1.00000032681
1.00000032731
1.00000032781
1.00000032831
1.00000032881
1.00000032931
1.00000032981
1.00000033031
1.00000033082
1.00000033132
1.00000033182
1.00000033232
1.00000033282
1.00000033332
1.00000033382
1.00000033432
1.00000033483
1.00000033533
1.00000033583
1.00000033633
1.00000033683
1.00000033733
1.00000033783
1.00000033833
1.00000033884
1.00000033934
1.00000033984
1.00000034034
1.00000034084
1.00000034134
1.00000034184
1.00000034234
1.00000034285
1.00000034335
1.00000034385
1.00000034435
1.00000034485
1.00000034535
1.00000034585
1.00000034635
1.00000034686
1.00000034736
1.00000034786
1.00000034836
1.00000034886
1.00000034936
1.00000034986
1.00000035036
1.00000035087
1.00000035137
1.00000035187
1.00000035237
1.00000035287
1.00000035337
1.00000035387
1.00000035437
1.00000035488
1.00000035538
1.00000035588
1.00000035638
1.00000035688
1.00000035738
1.00000035788
1.00000035838
1.00000035889
1.00000035939
1.00000035989
1.00000036039
1.00000036089
1.00000036139
1.00000036189
1.00000036239
1.0000003629
1.0000003634
1.0000003639
1.0000003644
1.0000003649
1.0000003654
1.0000003659
1.0000003664
1.0000003669
1.00000036741
1.00000036791
1.00000036841
1.00000036891
1.00000036941
1.00000036991
1.00000037041
1.00000037091
1.00000037142
1.00000037192
1.00000037242
1.00000037292
1.00000037342
1.00000037392
1.00000037442
1.00000037492
1.00000037543
1.00000037593
1.00000037643
1.00000037693
1.00000037743
1.00000037793
1.00000037843
1.00000037893
1.00000037944
1.00000037994
1.00000038044
1.00000038094
1.00000038144
1.00000038194
1.00000038244
1.00000038294
1.00000038345
1.00000038395
1.00000038445
1.00000038495
1.00000038545
1.00000038595
1.00000038645
1.00000038695
1.00000038746
1.00000038796
1.00000038846
1.00000038896
1.00000038946
1.00000038996
1.00000039046
1.00000039096
1.00000039147
1.00000039197
1.00000039247
1.00000039297
1.00000039347
1.00000039397
1.00000039447
1.00000039497
1.00000039548
1.00000039598
1.00000039648
1.00000039698
1.00000039748
1.00000039798
1.00000039848
1.00000039898
1.00000039949
1.00000039999
1.00000040049
1.00000040099
1.00000040149
1.00000040199
1.00000040249
1.00000040299
1.0000004035
1.000000404
1.0000004045
1.000000405
1.0000004055
1.000000406
1.0000004065
1.000000407
1.00000040751
1.00000040801
1.00000040851
1.00000040901
1.00000040951
1.00000041001
1.00000041051
1.00000041101
1.00000041151
1.00000041202
1.00000041252
1.00000041302
1.00000041352
1.00000041402
1.00000041452
1.00000041502
1.00000041552
1.00000041603
1.00000041653
1.00000041703
1.00000041753
1.00000041803
1.00000041853
1.00000041903
1.00000041953
1.00000042004
1.00000042054
1.00000042104
1.00000042154
1.00000042204
1.00000042254
1.00000042304
1.00000042354
1.00000042405
1.00000042455
1.00000042505
1.00000042555
1.00000042605
1.00000042655
1.00000042705
1.00000042755
1.00000042806
1.00000042856
1.00000042906
1.00000042956
1.00000043006
1.00000043056
1.00000043106
1.00000043156
1.00000043207
1.00000043257
1.00000043307
1.00000043357
1.00000043407
1.00000043457
1.00000043507
1.00000043557
1.00000043608
1.00000043658
1.00000043708
1.00000043758
1.00000043808
1.00000043858
1.00000043908
1.00000043958
1.00000044009
1.00000044059
1.00000044109
1.00000044159
1.00000044209
1.00000044259
1.00000044309
1.00000044359
1.0000004441
1.0000004446
1.0000004451
1.0000004456
1.0000004461
1.0000004466
1.0000004471
1.0000004476
1.00000044811
1.00000044861
1.00000044911
1.00000044961
1.00000045011
1.00000045061
1.00000045111
1.00000045161
1.00000045211
1.00000045262
1.00000045312
1.00000045362
1.00000045412
1.00000045462
1.00000045512
1.00000045562
1.00000045612
1.00000045663
1.00000045713
1.00000045763
1.00000045813
1.00000045863
1.00000045913
1.00000045963
1.00000046013
1.00000046064
1.00000046114
1.00000046164
1.00000046214
1.00000046264
1.00000046314
1.00000046364
1.00000046414
1.00000046465
1.00000046515
1.00000046565
1.00000046615
1.00000046665
1.00000046715
1.00000046765
1.00000046815
1.00000046866
1.00000046916
1.00000046966
1.00000047016
1.00000047066
1.00000047116
1.00000047166
1.00000047216
1.00000047267
1.00000047317
1.00000047367
1.00000047417
1.00000047467
1.00000047517
1.00000047567
1.00000047617
1.00000047668
1.00000047718
1.00000047768
1.00000047818
1.00000047868
1.00000047918
1.00000047968
1.00000048018
1.00000048069
1.00000048119
1.00000048169
1.00000048219
1.00000048269
1.00000048319
1.00000048369
1.00000048419
1.0000004847
1.0000004852
1.0000004857
1.0000004862
1.0000004867
1.0000004872
1.0000004877
1.0000004882
1.00000048871
1.00000048921
1.00000048971
1.00000049021
1.00000049071
1.00000049121
1.00000049171
1.00000049221
1.00000049272
1.00000049322
1.00000049372
1.00000049422
1.00000049472
1.00000049522
1.00000049572
1.00000049622
1.00000049672
1.00000049723
1.00000049773
1.00000049823
1.00000049873
1.00000049923
1.00000049973
1.00000050023
1.00000050073
1.00000050124
1.00000050174
1.00000050224
1.00000050274
1.00000050324
1.00000050374
1.00000050424
1.00000050474
1.00000050525
1.00000050575
1.00000050625
1.00000050675
1.00000050725
1.00000050775
1.00000050825
1.00000050875
1.00000050926
1.00000050976
1.00000051026
1.00000051076
1.00000051126
1.00000051176
1.00000051226
1.00000051276
1.00000051327
1.00000051377
1.00000051427
1.00000051477
1.00000051527
1.00000051577
1.00000051627
1.00000051677
1.00000051728
1.00000051778
1.00000051828
1.00000051878
1.00000051928
1.00000051978
1.00000052028
1.00000052078
1.00000052129
1.00000052179
1.00000052229
1.00000052279
1.00000052329
1.00000052379
1.00000052429
1.00000052479
1.0000005253
1.0000005258
1.0000005263
1.0000005268
1.0000005273
1.0000005278
1.0000005283
1.0000005288
1.00000052931
1.00000052981
1.00000053031
1.00000053081
1.00000053131
1.00000053181
1.00000053231
1.00000053281
1.00000053332
1.00000053382
1.00000053432
1.00000053482
1.00000053532
1.00000053582
1.00000053632
1.00000053682
1.00000053732
1.00000053783
1.00000053833
1.00000053883
1.00000053933
1.00000053983
1.00000054033
1.00000054083
1.00000054133
1.00000054184
1.00000054234
1.00000054284
1.00000054334
1.00000054384
1.00000054434
1.00000054484
1.00000054534
1.00000054585
1.00000054635
1.00000054685
1.00000054735
1.00000054785
1.00000054835
1.00000054885
1.00000054935
1.00000054986
1.00000055036
1.00000055086
1.00000055136
1.00000055186
1.00000055236
1.00000055286
1.00000055336
1.00000055387
1.00000055437
1.00000055487
1.00000055537
1.00000055587
1.00000055637
1.00000055687
1.00000055737
1.00000055788
1.00000055838
1.00000055888
1.00000055938
1.00000055988
1.00000056038
1.00000056088
1.00000056138
1.00000056189
1.00000056239
1.00000056289
1.00000056339
1.00000056389
1.00000056439
1.00000056489
1.00000056539
1.0000005659
1.0000005664
1.0000005669
1.0000005674
1.0000005679
1.0000005684
1.0000005689
1.0000005694
1.00000056991
1.00000057041
1.00000057091
1.00000057141
1.00000057191
1.00000057241
1.00000057291
1.00000057341
1.00000057392
1.00000057442
1.00000057492
1.00000057542
1.00000057592
1.00000057642
1.00000057692
1.00000057742
1.00000057793
1.00000057843
1.00000057893
1.00000057943
1.00000057993
1.00000058043
1.00000058093
1.00000058143
1.00000058193
1.00000058244
1.00000058294
1.00000058344
1.00000058394
1.00000058444
1.00000058494
1.00000058544
1.00000058594
1.00000058645
1.00000058695
1.00000058745
1.00000058795
1.00000058845
1.00000058895
1.00000058945
1.00000058995
1.00000059046
1.00000059096
1.00000059146
1.00000059196
1.00000059246
1.00000059296
1.00000059346
1.00000059396
1.00000059447
1.00000059497
1.00000059547
1.00000059597
1.00000059647
1.00000059697
1.00000059747
1.00000059797
1.00000059848
1.00000059898
1.00000059948
1.00000059998
1.00000060048
1.00000060098
1.00000060148
1.00000060198
1.00000060249
1.00000060299
1.00000060349
1.00000060399
1.00000060449
1.00000060499
1.00000060549
1.00000060599
1.0000006065
1.000000607
1.0000006075
1.000000608
1.0000006085
1.000000609
1.0000006095
1.00000061
1.00000061051
1.00000061101
1.00000061151
1.00000061201
1.00000061251
1.00000061301
1.00000061351
1.00000061401
1.00000061452
1.00000061502
1.00000061552
1.00000061602
1.00000061652
1.00000061702
1.00000061752
1.00000061802
1.00000061853
1.00000061903
1.00000061953
1.00000062003
1.00000062053
1.00000062103
1.00000062153
1.00000062203
1.00000062253
1.00000062304
1.00000062354
1.00000062404
1.00000062454
1.00000062504
1.00000062554
1.00000062604
1.00000062654
1.00000062705
1.00000062755
1.00000062805
1.00000062855
1.00000062905
1.00000062955
1.00000063005
1.00000063055
1.00000063106
1.00000063156
1.00000063206
1.00000063256
1.00000063306
1.00000063356
1.00000063406
1.00000063456
1.00000063507
1.00000063557
1.00000063607
1.00000063657
1.00000063707
1.00000063757
1.00000063807
1.00000063857
1.00000063908
1.00000063958
1.00000064008
1.00000064058
1.00000064108
1.00000064158
1.00000064208
1.00000064258
1.00000064309
1.00000064359
1.00000064409
1.00000064459
1.00000064509
1.00000064559
1.00000064609
1.00000064659
1.0000006471
1.0000006476
1.0000006481
1.0000006486
1.0000006491
1.0000006496
1.0000006501
1.0000006506
1.00000065111
1.00000065161
1.00000065211
1.00000065261
1.00000065311
1.00000065361
1.00000065411
1.00000065461
1.00000065512
1.00000065562
1.00000065612
1.00000065662
1.00000065712
1.00000065762
1.00000065812
1.00000065862
1.00000065913
1.00000065963
1.00000066013
1.00000066063
1.00000066113
1.00000066163
1.00000066213
1.00000066263
1.00000066313
1.00000066364
1.00000066414
1.00000066464
1.00000066514
1.00000066564
1.00000066614
1.00000066664
1.00000066714
1.00000066765
1.00000066815
1.00000066865
1.00000066915
1.00000066965
1.00000067015
1.00000067065
1.00000067115
1.00000067166
1.00000067216
1.00000067266
1.00000067316
1.00000067366
1.00000067416
1.00000067466
1.00000067516
1.00000067567
1.00000067617
1.00000067667
1.00000067717
1.00000067767
1.00000067817
1.00000067867
1.00000067917
1.00000067968
1.00000068018
1.00000068068
1.00000068118
1.00000068168
1.00000068218
1.00000068268
1.00000068318
1.00000068369
1.00000068419
1.00000068469
1.00000068519
1.00000068569
1.00000068619
1.00000068669
1.00000068719
1.0000006877
1.0000006882
1.0000006887
1.0000006892
1.0000006897
1.0000006902
1.0000006907
1.0000006912
1.00000069171
1.00000069221
1.00000069271
1.00000069321
1.00000069371
1.00000069421
1.00000069471
1.00000069521
1.00000069572
1.00000069622
1.00000069672
1.00000069722
1.00000069772
1.00000069822
1.00000069872
1.00000069922
1.00000069973
1.00000070023
1.00000070073
1.00000070123
1.00000070173
1.00000070223
1.00000070273
1.00000070323
1.00000070373
1.00000070424
1.00000070474
1.00000070524
1.00000070574
1.00000070624
1.00000070674
1.00000070724
1.00000070774
1.00000070825
1.00000070875
1.00000070925
1.00000070975
1.00000071025
1.00000071075
1.00000071125
1.00000071175
1.00000071226
1.00000071276
1.00000071326
1.00000071376
1.00000071426
1.00000071476
1.00000071526
1.00000071576
1.00000071627
1.00000071677
1.00000071727
1.00000071777
1.00000071827
1.00000071877
1.00000071927
1.00000071977
1.00000072028
1.00000072078
1.00000072128
1.00000072178
1.00000072228
1.00000072278
1.00000072328
1.00000072378
1.00000072429
1.00000072479
1.00000072529
1.00000072579
1.00000072629
1.00000072679
1.00000072729
1.00000072779
1.0000007283
1.0000007288
1.0000007293
1.0000007298
1.0000007303
1.0000007308
1.0000007313
1.0000007318
1.00000073231
1.00000073281
1.00000073331
1.00000073381
1.00000073431
1.00000073481
1.00000073531
1.00000073581
1.00000073632
1.00000073682
1.00000073732
1.00000073782
1.00000073832
1.00000073882
1.00000073932
1.00000073982
1.00000074033
1.00000074083
1.00000074133
1.00000074183
1.00000074233
1.00000074283
1.00000074333
1.00000074383
1.00000074433
1.00000074484
1.00000074534
1.00000074584
1.00000074634
1.00000074684
1.00000074734
1.00000074784
1.00000074834
1.00000074885
1.00000074935
1.00000074985
1.00000075035
1.00000075085
1.00000075135
1.00000075185
