1.00000000802
1.00000001604
1.00000002405
1.00000003207
1.00000004009
1.00000004811
1.00000005613
1.00000006415
1.00000007216
1.00000008018
1.0000000882
1.00000009622
1.00000010424
1.00000011226
1.00000012027
1.00000012829
1.00000013631
1.00000014433
1.00000015235
1.00000016037
1.00000016838
1.0000001764
1.00000018442
1.00000019244
1.00000020046
1.00000020847
1.00000021649
1.00000022451
1.00000023253
1.00000024055
1.00000024857
1.00000025658
1.0000002646
1.00000027262
1.00000028064
1.00000028866
1.00000029668
1.00000030469
1.00000031271
1.00000032073
1.00000032875
1.00000033677
1.00000034479
1.0000003528
1.00000036082
1.00000036884
1.00000037686
1.00000038488
1.00000039289
1.00000040091
1.00000040893
1.00000041695
1.00000042497
1.00000043299
1.000000441
1.00000044902
1.00000045704
1.00000046506
1.00000047308
1.0000004811
1.00000048911
1.00000049713
1.00000050515
1.00000051317
1.00000052119
1.0000005292
1.00000053722
1.00000054524
1.00000055326
1.00000056128
1.0000005693
1.00000057731
1.00000058533
1.00000059335
1.00000060137
1.00000060939
1.00000061741
1.00000062542
1.00000063344
1.00000064146
1.00000064948
1.0000006575
1.00000066551
1.00000067353
1.00000068155
1.00000068957
1.00000069759
1.00000070561
1.00000071362
1.00000072164
1.00000072966
1.00000073768
1.0000007457
1.00000075372
1.00000076173
1.00000076975
1.00000077777
1.00000078579
1.00000079381
1.00000080182
1.00000080984
1.00000081786
1.00000082588
1.0000008339
1.00000084192
1.00000084993
1.00000085795
1.00000086597
1.00000087399
1.00000088201
1.00000089002
1.00000089804
1.00000090606
1.00000091408
1.0000009221
1.00000093012
1.00000093813
1.00000094615
1.00000095417
1.00000096219
1.00000097021
1.00000097823
1.00000098624
1.00000099426
1.00000100228
1.0000010103
1.00000101832
1.00000102633
1.00000103435
1.00000104237
1.00000105039
1.00000105841
1.00000106643
1.00000107444
1.00000108246
1.00000109048
1.0000010985
1.00000110652
1.00000111453
1.00000112255
1.00000113057
1.00000113859
1.00000114661
1.00000115463
1.00000116264
1.00000117066
1.00000117868
1.0000011867
1.00000119472
1.00000120274
1.00000121075
1.00000121877
1.00000122679
1.00000123481
1.00000124283
1.00000125084
1.00000125886
1.00000126688
1.0000012749
1.00000128292
1.00000129094
1.00000129895
1.00000130697
1.00000131499
1.00000132301
1.00000133103
1.00000133904
1.00000134706
1.00000135508
1.0000013631
1.00000137112
1.00000137914
1.00000138715
1.00000139517
1.00000140319
1.00000141121
1.00000141923
1.00000142724
1.00000143526
1.00000144328
1.0000014513
1.00000145932
1.00000146734
1.00000147535
1.00000148337
1.00000149139
1.00000149941
1.00000150743
1.00000151544
1.00000152346
1.00000153148
1.0000015395
1.00000154752
1.00000155554
1.00000156355
1.00000157157
1.00000157959
1.00000158761
1.00000159563
1.00000160364
1.00000161166
1.00000161968
1.0000016277
1.00000163572
1.00000164374
1.00000165175
1.00000165977
1.00000166779
1.00000167581
1.00000168383
1.00000169184
1.00000169986
1.00000170788
1.0000017159
1.00000172392
1.00000173194
1.00000173995
1.00000174797
1.00000175599
1.00000176401
1.00000177203
1.00000178004
1.00000178806
1.00000179608
1.0000018041
1.00000181212
1.00000182014
1.00000182815
1.00000183617
1.00000184419
1.00000185221
1.00000186023
1.00000186824
1.00000187626
1.00000188428
1.0000018923
1.00000190032
1.00000190833
1.00000191635
1.00000192437
1.00000193239
1.00000194041
1.00000194843
1.00000195644
1.00000196446
1.00000197248
1.0000019805
1.00000198852
1.00000199653
1.00000200455
1.00000201257
1.00000202059
1.00000202861
1.00000203663
1.00000204464
1.00000205266
1.00000206068
1.0000020687
1.00000207672
1.00000208473
1.00000209275
1.00000210077
1.00000210879
1.00000211681
1.00000212483
1.00000213284
1.00000214086
1.00000214888
1.0000021569
1.00000216492
1.00000217293
1.00000218095
1.00000218897
1.00000219699
1.00000220501
1.00000221302
1.00000222104
1.00000222906
1.00000223708
1.0000022451
1.00000225312
1.00000226113
1.00000226915
1.00000227717
1.00000228519
1.00000229321
1.00000230122
1.00000230924
1.00000231726
1.00000232528
1.0000023333
1.00000234132
1.00000234933
1.00000235735
1.00000236537
1.00000237339
1.00000238141
1.00000238942
1.00000239744
1.00000240546
1.00000241348
1.0000024215
1.00000242951
1.00000243753
1.00000244555
1.00000245357
1.00000246159
1.00000246961
1.00000247762
1.00000248564
1.00000249366
1.00000250168
1.0000025097
1.00000251771
1.00000252573
1.00000253375
1.00000254177
1.00000254979
1.0000025578
1.00000256582
1.00000257384
1.00000258186
1.00000258988
1.0000025979
1.00000260591
1.00000261393
1.00000262195
1.00000262997
1.00000263799
1.000002646
1.00000265402
1.00000266204
1.00000267006
1.00000267808
1.00000268609
1.00000269411
1.00000270213
1.00000271015
1.00000271817
1.00000272619
1.0000027342
1.00000274222
1.00000275024
1.00000275826
1.00000276628
1.00000277429
1.00000278231
1.00000279033
1.00000279835
1.00000280637
1.00000281438
