1.00000004058
1.00000008116
1.00000012174
1.00000016232
1.0000002029
1.00000024348
1.00000028406
1.00000032464
1.00000036522
1.0000004058
1.00000044638
1.00000048695
1.00000052753
1.00000056811
1.00000060869
1.00000064927
1.00000068985
1.00000073043
1.00000077101
1.00000081159
1.00000085217
1.00000089275
1.00000093333
1.00000097391
1.00000101449
1.00000105507
1.00000109565
1.00000113623
1.0000011768
1.00000121738
1.00000125796
1.00000129854
1.00000133912
1.0000013797
1.00000142028
1.00000146086
1.00000150144
1.00000154202
1.0000015826
1.00000162318
1.00000166376
1.00000170433
1.00000174491
1.00000178549
1.00000182607
1.00000186665
1.00000190723
1.00000194781
1.00000198839
1.00000202897
1.00000206955
1.00000211013
1.0000021507
1.00000219128
1.00000223186
1.00000227244
1.00000231302
1.0000023536
1.00000239418
1.00000243476
1.00000247534
1.00000251592
1.00000255649
1.00000259707
1.00000263765
1.00000267823
1.00000271881
1.00000275939
1.00000279997
1.00000284055
1.00000288113
1.0000029217
1.00000296228
1.00000300286
1.00000304344
1.00000308402
1.0000031246
1.00000316518
1.00000320576
1.00000324633
1.00000328691
1.00000332749
1.00000336807
1.00000340865
1.00000344923
1.00000348981
1.00000353038
1.00000357096
1.00000361154
1.00000365212
1.0000036927
1.00000373328
1.00000377386
1.00000381444
1.00000385501
1.00000389559
1.00000393617
1.00000397675
1.00000401733
1.00000405791
1.00000409848
1.00000413906
1.00000417964
1.00000422022
1.0000042608
1.00000430138
1.00000434196
1.00000438253
1.00000442311
1.00000446369
1.00000450427
1.00000454485
1.00000458543
1.000004626
1.00000466658
1.00000470716
1.00000474774
1.00000478832
1.0000048289
1.00000486947
1.00000491005
1.00000495063
1.00000499121
1.00000503179
1.00000507236
1.00000511294
1.00000515352
1.0000051941
1.00000523468
1.00000527526
1.00000531583
1.00000535641
1.00000539699
1.00000543757
1.00000547815
1.00000551872
1.0000055593
1.00000559988
1.00000564046
1.00000568104
1.00000572161
1.00000576219
1.00000580277
1.00000584335
1.00000588393
1.0000059245
1.00000596508
1.00000600566
1.00000604624
1.00000608682
1.00000612739
1.00000616797
1.00000620855
1.00000624913
1.00000628971
1.00000633028
1.00000637086
1.00000641144
1.00000645202
1.00000649259
1.00000653317
1.00000657375
1.00000661433
1.00000665491
1.00000669548
1.00000673606
1.00000677664
1.00000681722
1.00000685779
1.00000689837
1.00000693895
1.00000697953
1.00000702011
1.00000706068
1.00000710126
1.00000714184
1.00000718242
1.00000722299
1.00000726357
1.00000730415
1.00000734473
1.0000073853
1.00000742588
1.00000746646
1.00000750704
1.00000754761
1.00000758819
1.00000762877
1.00000766935
1.00000770992
1.0000077505
1.00000779108
1.00000783166
1.00000787223
1.00000791281
1.00000795339
1.00000799397
1.00000803454
1.00000807512
1.0000081157
1.00000815627
1.00000819685
1.00000823743
1.00000827801
1.00000831858
1.00000835916
1.00000839974
1.00000844032
1.00000848089
1.00000852147
1.00000856205
1.00000860262
1.0000086432
1.00000868378
1.00000872436
1.00000876493
1.00000880551
1.00000884609
1.00000888666
1.00000892724
1.00000896782
1.0000090084
1.00000904897
1.00000908955
1.00000913013
1.0000091707
1.00000921128
1.00000925186
1.00000929244
1.00000933301
1.00000937359
1.00000941417
1.00000945474
1.00000949532
1.0000095359
