1.00000012819
1.00000025639
1.00000038458
1.00000051278
1.00000064097
1.00000076917
1.00000089736
1.00000102556
1.00000115375
1.00000128194
1.00000141014
1.00000153833
1.00000166652
1.00000179472
1.00000192291
1.0000020511
1.0000021793
1.00000230749
1.00000243568
1.00000256388
1.00000269207
1.00000282026
1.00000294845
1.00000307665
1.00000320484
1.00000333303
1.00000346122
1.00000358941
1.0000037176
1.0000038458
1.00000397399
1.00000410218
1.00000423037
1.00000435856
1.00000448675
1.00000461494
1.00000474313
1.00000487132
1.00000499952
1.00000512771
1.0000052559
1.00000538409
1.00000551228
1.00000564047
1.00000576866
1.00000589685
1.00000602504
1.00000615322
1.00000628141
1.0000064096
1.00000653779
1.00000666598
1.00000679417
1.00000692236
1.00000705055
1.00000717874
1.00000730692
1.00000743511
1.0000075633
1.00000769149
1.00000781968
1.00000794787
1.00000807605
1.00000820424
1.00000833243
1.00000846062
1.0000085888
1.00000871699
1.00000884518
1.00000897336
1.00000910155
1.00000922974
1.00000935792
1.00000948611
1.0000096143
1.00000974248
1.00000987067
1.00000999886
1.00001012704
1.00001025523
1.00001038341
1.0000105116
1.00001063978
1.00001076797
1.00001089615
1.00001102434
1.00001115252
1.00001128071
1.00001140889
1.00001153708
1.00001166526
1.00001179345
1.00001192163
1.00001204982
1.000012178
1.00001230618
1.00001243437
1.00001256255
1.00001269074
1.00001281892
1.0000129471
1.00001307529
1.00001320347
1.00001333165
1.00001345983
1.00001358802
1.0000137162
1.00001384438
1.00001397257
1.00001410075
1.00001422893
1.00001435711
1.00001448529
1.00001461348
1.00001474166
1.00001486984
1.00001499802
1.0000151262
1.00001525438
1.00001538256
1.00001551075
1.00001563893
1.00001576711
1.00001589529
1.00001602347
1.00001615165
1.00001627983
1.00001640801
1.00001653619
1.00001666437
1.00001679255
1.00001692073
1.00001704891
1.00001717709
1.00001730527
1.00001743345
1.00001756163
1.00001768981
1.00001781799
1.00001794616
1.00001807434
1.00001820252
1.0000183307
1.00001845888
1.00001858706
1.00001871524
1.00001884341
1.00001897159
1.00001909977
1.00001922795
1.00001935613
1.0000194843
1.00001961248
1.00001974066
1.00001986883
1.00001999701
1.00002012519
1.00002025337
1.00002038154
1.00002050972
1.0000206379
1.00002076607
1.00002089425
1.00002102242
1.0000211506
1.00002127878
1.00002140695
1.00002153513
1.0000216633
1.00002179148
1.00002191965
1.00002204783
1.000022176
1.00002230418
1.00002243235
1.00002256053
