1.0000003128
1.00000062559
1.00000093839
1.00000125119
1.00000156398
1.00000187678
1.00000218957
1.00000250236
1.00000281515
1.00000312795
1.00000344074
1.00000375353
1.00000406632
1.00000437911
1.00000469189
1.00000500468
1.00000531747
1.00000563025
1.00000594304
1.00000625582
1.00000656861
1.00000688139
1.00000719417
1.00000750696
1.00000781974
1.00000813252
1.0000084453
1.00000875808
1.00000907085
1.00000938363
1.00000969641
1.00001000919
1.00001032196
1.00001063474
1.00001094751
1.00001126028
1.00001157306
1.00001188583
1.0000121986
1.00001251137
1.00001282414
1.00001313691
1.00001344968
1.00001376245
1.00001407522
1.00001438798
1.00001470075
1.00001501352
1.00001532628
1.00001563904
1.00001595181
1.00001626457
1.00001657733
1.00001689009
1.00001720286
1.00001751562
1.00001782837
1.00001814113
1.00001845389
1.00001876665
1.00001907941
1.00001939216
1.00001970492
1.00002001767
1.00002033042
1.00002064318
1.00002095593
1.00002126868
1.00002158143
1.00002189418
1.00002220693
1.00002251968
1.00002283243
1.00002314518
1.00002345793
1.00002377067
1.00002408342
1.00002439616
1.00002470891
1.00002502165
1.00002533439
1.00002564714
1.00002595988
1.00002627262
1.00002658536
1.0000268981
1.00002721084
1.00002752358
1.00002783631
1.00002814905
1.00002846179
1.00002877452
1.00002908726
1.00002939999
1.00002971272
1.00003002546
1.00003033819
1.00003065092
1.00003096365
1.00003127638
1.00003158911
1.00003190184
1.00003221457
1.00003252729
1.00003284002
1.00003315274
1.00003346547
1.00003377819
1.00003409092
1.00003440364
1.00003471636
1.00003502909
1.00003534181
1.00003565453
1.00003596725
1.00003627997
1.00003659268
1.0000369054
1.00003721812
1.00003753083
1.00003784355
1.00003815627
1.00003846898
1.00003878169
1.00003909441
1.00003940712
1.00003971983
1.00004003254
1.00004034525
1.00004065796
1.00004097067
1.00004128338
1.00004159608
1.00004190879
1.0000422215
1.0000425342
1.00004284691
1.00004315961
1.00004347231
1.00004378502
1.00004409772
