1.00000064817
1.00000129633
1.00000194449
1.00000259265
1.0000032408
1.00000388895
1.0000045371
1.00000518525
1.00000583339
1.00000648153
1.00000712967
1.0000077778
1.00000842593
1.00000907406
1.00000972219
1.00001037031
1.00001101843
1.00001166654
1.00001231466
1.00001296277
1.00001361088
1.00001425898
1.00001490708
1.00001555518
1.00001620328
1.00001685137
1.00001749946
1.00001814755
1.00001879563
1.00001944371
1.00002009179
1.00002073987
1.00002138794
1.00002203601
1.00002268407
1.00002333214
1.0000239802
1.00002462826
1.00002527631
1.00002592436
1.00002657241
1.00002722046
1.0000278685
1.00002851654
1.00002916458
1.00002981261
1.00003046064
1.00003110867
1.0000317567
1.00003240472
1.00003305274
1.00003370076
1.00003434877
1.00003499678
1.00003564479
1.00003629279
1.00003694079
1.00003758879
1.00003823679
1.00003888478
1.00003953277
1.00004018076
1.00004082874
1.00004147673
1.0000421247
1.00004277268
1.00004342065
1.00004406862
1.00004471659
1.00004536455
1.00004601251
1.00004666047
1.00004730843
1.00004795638
1.00004860433
1.00004925227
1.00004990022
1.00005054816
1.00005119609
1.00005184403
1.00005249196
1.00005313989
1.00005378781
1.00005443574
1.00005508366
1.00005573157
1.00005637949
1.0000570274
1.00005767531
1.00005832321
1.00005897111
1.00005961901
1.00006026691
1.0000609148
1.00006156269
1.00006221058
1.00006285846
1.00006350635
1.00006415422
1.0000648021
1.00006544997
1.00006609784
1.00006674571
1.00006739357
1.00006804143
1.00006868929
1.00006933715
1.000069985
1.00007063285
1.0000712807
1.00007192854
1.00007257638
1.00007322422
1.00007387205
1.00007451988
1.00007516771
1.00007581554
1.00007646336
