1.00000119982
1.00000239963
1.00000359944
1.00000479923
1.00000599901
1.00000719878
1.00000839855
1.0000095983
1.00001079804
1.00001199777
1.00001319749
1.0000143972
1.00001559691
1.0000167966
1.00001799628
1.00001919595
1.00002039561
1.00002159526
1.0000227949
1.00002399454
1.00002519416
1.00002639377
1.00002759337
1.00002879296
1.00002999254
1.00003119211
1.00003239167
1.00003359122
1.00003479076
1.0000359903
1.00003718982
1.00003838933
1.00003958883
1.00004078832
1.0000419878
1.00004318727
1.00004438673
1.00004558618
1.00004678562
1.00004798505
1.00004918447
1.00005038388
1.00005158328
1.00005278267
1.00005398205
1.00005518142
1.00005638078
1.00005758013
1.00005877947
1.0000599788
1.00006117812
1.00006237743
1.00006357673
1.00006477602
1.0000659753
1.00006717456
1.00006837382
1.00006957307
1.00007077231
1.00007197154
1.00007317076
1.00007436997
1.00007556917
1.00007676836
1.00007796754
1.00007916671
1.00008036586
1.00008156501
1.00008276415
1.00008396328
1.0000851624
1.00008636151
1.00008756061
1.0000887597
1.00008995877
1.00009115784
1.0000923569
1.00009355595
1.00009475499
1.00009595402
1.00009715303
1.00009835204
1.00009955104
1.00010075003
1.00010194901
1.00010314797
1.00010434693
1.00010554588
1.00010674482
1.00010794374
1.00010914266
1.00011034157
1.00011154047
1.00011273936
1.00011393823
1.0001151371
1.00011633596
1.00011753481
1.00011873364
1.00011993247
1.00012113129
1.00012233009
