1.00000204491
1.00000408978
1.00000613463
1.00000817945
1.00001022424
1.000012269
1.00001431373
1.00001635844
1.00001840311
1.00002044775
1.00002249237
1.00002453695
1.00002658151
1.00002862604
1.00003067053
1.000032715
1.00003475944
1.00003680385
1.00003884823
1.00004089259
1.00004293691
1.0000449812
1.00004702547
1.0000490697
1.00005111391
1.00005315808
1.00005520223
1.00005724635
1.00005929044
1.0000613345
1.00006337853
1.00006542253
1.0000674665
1.00006951045
1.00007155436
1.00007359825
1.0000756421
1.00007768593
1.00007972973
1.0000817735
1.00008381724
1.00008586095
1.00008790463
1.00008994828
1.0000919919
1.00009403549
1.00009607906
1.00009812259
1.0001001661
1.00010220958
1.00010425302
1.00010629644
1.00010833983
1.00011038319
1.00011242652
1.00011446982
1.0001165131
1.00011855634
1.00012059955
1.00012264274
1.0001246859
1.00012672902
1.00012877212
1.00013081519
1.00013285823
1.00013490124
1.00013694422
1.00013898717
1.00014103009
1.00014307299
1.00014511585
1.00014715869
1.00014920149
1.00015124427
1.00015328702
1.00015532974
1.00015737243
1.00015941509
1.00016145772
1.00016350032
1.0001655429
1.00016758544
1.00016962795
1.00017167044
1.0001737129
1.00017575532
1.00017779772
1.00017984009
1.00018188243
