1.00000498113
1.00000996209
1.00001494287
1.00001992348
1.00002490392
1.00002988419
1.00003486428
1.0000398442
1.00004482395
1.00004980352
1.00005478292
1.00005976215
1.00006474121
1.00006972009
1.0000746988
1.00007967733
1.0000846557
1.00008963389
1.00009461191
1.00009958975
1.00010456742
1.00010954492
1.00011452225
1.0001194994
1.00012447638
1.00012945319
1.00013442983
1.00013940629
1.00014438258
1.0001493587
1.00015433464
1.00015931041
1.00016428601
1.00016926144
1.00017423669
1.00017921178
1.00018418669
1.00018916142
1.00019413599
1.00019911038
1.0002040846
1.00020905864
1.00021403252
1.00021900622
1.00022397975
1.0002289531
1.00023392628
1.0002388993
1.00024387213
1.0002488448
1.00025381729
1.00025878962
1.00026376177
1.00026873374
1.00027370555
1.00027867718
1.00028364864
1.00028861993
1.00029359104
1.00029856198
1.00030353275
1.00030850335
1.00031347378
1.00031844403
1.00032341411
1.00032838402
1.00033335376
1.00033832332
1.00034329271
1.00034826193
1.00035323098
