1.0000049811,,1.0000049811,,1.0000020449,,1.0000011998,,1.0000006482,,1.0000003128,,1.0000001282,,1.0000000406,,1.000000008,,1.0000000005
1.0000099621,,1.0000099621,,1.0000040898,,1.0000023996,,1.0000012963,,1.0000006256,,1.0000002564,,1.0000000812,,1.000000016,,1.000000001
1.0000149429,,1.0000149429,,1.0000061346,,1.0000035994,,1.0000019445,,1.0000009384,,1.0000003846,,1.0000001217,,1.0000000241,,1.0000000015
1.0000199235,,1.0000199235,,1.0000081795,,1.0000047992,,1.0000025927,,1.0000012512,,1.0000005128,,1.0000001623,,1.0000000321,,1.000000002
1.0000249039,,1.0000249039,,1.0000102242,,1.000005999,,1.0000032408,,1.000001564,,1.000000641,,1.0000002029,,1.0000000401,,1.0000000025
1.0000298842,,1.0000298842,,1.000012269,,1.0000071988,,1.000003889,,1.0000018768,,1.0000007692,,1.0000002435,,1.0000000481,,1.000000003
1.0000348643,,1.0000348643,,1.0000143137,,1.0000083986,,1.0000045371,,1.0000021896,,1.0000008974,,1.0000002841,,1.0000000561,,1.0000000035
1.0000398442,,1.0000398442,,1.0000163584,,1.0000095983,,1.0000051853,,1.0000025024,,1.0000010256,,1.0000003246,,1.0000000642,,1.000000004
1.000044824,,1.000044824,,1.0000184031,,1.000010798,,1.0000058334,,1.0000028152,,1.0000011538,,1.0000003652,,1.0000000722,,1.0000000045
1.0000498035,,1.0000498035,,1.0000204478,,1.0000119978,,1.0000064815,,1.000003128,,1.0000012819,,1.0000004058,,1.0000000802,,1.000000005
1.0000547829,,1.0000547829,,1.0000224924,,1.0000131975,,1.0000071297,,1.0000034407,,1.0000014101,,1.0000004464,,1.0000000882,,1.0000000055
1.0000597622,,1.0000597622,,1.000024537,,1.0000143972,,1.0000077778,,1.0000037535,,1.0000015383,,1.000000487,,1.0000000962,,1.000000006
1.0000647412,,1.0000647412,,1.0000265815,,1.0000155969,,1.0000084259,,1.0000040663,,1.0000016665,,1.0000005275,,1.0000001042,,1.0000000065
1.0000697201,,1.0000697201,,1.000028626,,1.0000167966,,1.0000090741,,1.0000043791,,1.0000017947,,1.0000005681,,1.0000001123,,1.000000007
1.0000746988,,1.0000746988,,1.0000306705,,1.0000179963,,1.0000097222,,1.0000046919,,1.0000019229,,1.0000006087,,1.0000001203,,1.0000000075
1.0000796773,,1.0000796773,,1.000032715,,1.000019196,,1.0000103703,,1.0000050047,,1.0000020511,,1.0000006493,,1.0000001283,,1.000000008
1.0000846557,,1.0000846557,,1.0000347594,,1.0000203956,,1.0000110184,,1.0000053175,,1.0000021793,,1.0000006899,,1.0000001363,,1.0000000085
1.0000896339,,1.0000896339,,1.0000368039,,1.0000215953,,1.0000116665,,1.0000056303,,1.0000023075,,1.0000007304,,1.0000001443,,1.000000009
1.0000946119,,1.0000946119,,1.0000388482,,1.0000227949,,1.0000123147,,1.000005943,,1.0000024357,,1.000000771,,1.0000001524,,1.0000000095
1.0000995898,,1.0000995898,,1.0000408926,,1.0000239945,,1.0000129628,,1.0000062558,,1.0000025639,,1.0000008116,,1.0000001604,,1.00000001
1.0001045674,,1.0001045674,,1.0000429369,,1.0000251942,,1.0000136109,,1.0000065686,,1.0000026921,,1.0000008522,,1.0000001684,,1.0000000105
1.0001095449,,1.0001095449,,1.0000449812,,1.0000263938,,1.000014259,,1.0000068814,,1.0000028203,,1.0000008928,,1.0000001764,,1.000000011
1.0001145223,,1.0001145223,,1.0000470255,,1.0000275934,,1.0000149071,,1.0000071942,,1.0000029485,,1.0000009333,,1.0000001844,,1.0000000115
1.0001194994,,1.0001194994,,1.0000490697,,1.000028793,,1.0000155552,,1.000007507,,1.0000030767,,1.0000009739,,1.0000001924,,1.000000012
1.0001244764,,1.0001244764,,1.0000511139,,1.0000299925,,1.0000162033,,1.0000078197,,1.0000032048,,1.0000010145,,1.0000002005,,1.0000000125
1.0001294532,,1.0001294532,,1.0000531581,,1.0000311921,,1.0000168514,,1.0000081325,,1.000003333,,1.0000010551,,1.0000002085,,1.000000013
1.0001344298,,1.0001344298,,1.0000552022,,1.0000323917,,1.0000174995,,1.0000084453,,1.0000034612,,1.0000010957,,1.0000002165,,1.0000000135
1.0001394063,,1.0001394063,,1.0000572464,,1.0000335912,,1.0000181476,,1.0000087581,,1.0000035894,,1.0000011362,,1.0000002245,,1.000000014
1.0001443826,,1.0001443826,,1.0000592904,,1.0000347908,,1.0000187956,,1.0000090709,,1.0000037176,,1.0000011768,,1.0000002325,,1.0000000145
1.0001493587,,1.0001493587,,1.0000613345,,1.0000359903,,1.0000194437,,1.0000093836,,1.0000038458,,1.0000012174,,1.0000002406,,1.000000015
1.0001543346,,1.0001543346,,1.0000633785,,1.0000371898,,1.0000200918,,1.0000096964,,1.000003974,,1.000001258,,1.0000002486,,1.0000000155
1.0001593104,,1.0001593104,,1.0000654225,,1.0000383893,,1.0000207399,,1.0000100092,,1.0000041022,,1.0000012985,,1.0000002566,,1.000000016
1.000164286,,1.000164286,,1.0000674665,,1.0000395888,,1.0000213879,,1.000010322,,1.0000042304,,1.0000013391,,1.0000002646,,1.0000000165
1.0001692614,,1.0001692614,,1.0000695105,,1.0000407883,,1.000022036,,1.0000106347,,1.0000043586,,1.0000013797,,1.0000002726,,1.000000017
1.0001742367,,1.0001742367,,1.0000715544,,1.0000419878,,1.0000226841,,1.0000109475,,1.0000044868,,1.0000014203,,1.0000002806,,1.0000000175
1.0001792118,,1.0001792118,,1.0000735983,,1.0000431873,,1.0000233321,,1.0000112603,,1.0000046149,,1.0000014609,,1.0000002887,,1.000000018
1.0001841867,,1.0001841867,,1.0000756421,,1.0000443867,,1.0000239802,,1.0000115731,,1.0000047431,,1.0000015014,,1.0000002967,,1.0000000186
1.0001891614,,1.0001891614,,1.0000776859,,1.0000455862,,1.0000246283,,1.0000118858,,1.0000048713,,1.000001542,,1.0000003047,,1.0000000191
1.000194136,,1.000194136,,1.0000797297,,1.0000467856,,1.0000252763,,1.0000121986,,1.0000049995,,1.0000015826,,1.0000003127,,1.0000000196
1.0001991104,,1.0001991104,,1.0000817735,,1.0000479851,,1.0000259244,,1.0000125114,,1.0000051277,,1.0000016232,,1.0000003207,,1.0000000201
1.0002040846,,1.0002040846,,1.0000838172,,1.0000491845,,1.0000265724,,1.0000128241,,1.0000052559,,1.0000016638,,1.0000003288,,1.0000000206
1.0002090586,,1.0002090586,,1.000085861,,1.0000503839,,1.0000272205,,1.0000131369,,1.0000053841,,1.0000017043,,1.0000003368,,1.0000000211
1.0002140325,,1.0002140325,,1.0000879046,,1.0000515833,,1.0000278685,,1.0000134497,,1.0000055123,,1.0000017449,,1.0000003448,,1.0000000216
1.0002190062,,1.0002190062,,1.0000899483,,1.0000527827,,1.0000285165,,1.0000137625,,1.0000056405,,1.0000017855,,1.0000003528,,1.0000000221
1.0002239798,,1.0002239798,,1.0000919919,,1.0000539821,,1.0000291646,,1.0000140752,,1.0000057687,,1.0000018261,,1.0000003608,,1.0000000226
1.0002289531,,1.0002289531,,1.0000940355,,1.0000551814,,1.0000298126,,1.000014388,,1.0000058969,,1.0000018667,,1.0000003688,,1.0000000231
1.0002339263,,1.0002339263,,1.0000960791,,1.0000563808,,1.0000304606,,1.0000147008,,1.000006025,,1.0000019072,,1.0000003769,,1.0000000236
1.0002388993,,1.0002388993,,1.0000981226,,1.0000575801,,1.0000311087,,1.0000150135,,1.0000061532,,1.0000019478,,1.0000003849,,1.0000000241
1.0002438721,,1.0002438721,,1.0001001661,,1.0000587795,,1.0000317567,,1.0000153263,,1.0000062814,,1.0000019884,,1.0000003929,,1.0000000246
1.0002488448,,1.0002488448,,1.0001022096,,1.0000599788,,1.0000324047,,1.000015639,,1.0000064096,,1.000002029,,1.0000004009,,1.0000000251
1.0002538173,,1.0002538173,,1.000104253,,1.0000611781,,1.0000330527,,1.0000159518,,1.0000065378,,1.0000020696,,1.0000004089,,1.0000000256
1.0002587896,,1.0002587896,,1.0001062964,,1.0000623774,,1.0000337008,,1.0000162646,,1.000006666,,1.0000021101,,1.000000417,,1.0000000261
1.0002637618,,1.0002637618,,1.0001083398,,1.0000635767,,1.0000343488,,1.0000165773,,1.0000067942,,1.0000021507,,1.000000425,,1.0000000266
1.0002687337,,1.0002687337,,1.0001103832,,1.000064776,,1.0000349968,,1.0000168901,,1.0000069224,,1.0000021913,,1.000000433,,1.0000000271
1.0002737056,,1.0002737056,,1.0001124265,,1.0000659753,,1.0000356448,,1.0000172029,,1.0000070506,,1.0000022319,,1.000000441,,1.0000000276
1.0002786772,,1.0002786772,,1.0001144698,,1.0000671746,,1.0000362928,,1.0000175156,,1.0000071787,,1.0000022724,,1.000000449,,1.0000000281
1.0002836486,,1.0002836486,,1.0001165131,,1.0000683738,,1.0000369408,,1.0000178284,,1.0000073069,,1.000002313,,1.000000457,,1.0000000286
1.0002886199,,1.0002886199,,1.0001185563,,1.0000695731,,1.0000375888,,1.0000181411,,1.0000074351,,1.0000023536,,1.0000004651,,1.0000000291
1.000293591,,1.000293591,,1.0001205996,,1.0000707723,,1.0000382368,,1.0000184539,,1.0000075633,,1.0000023942,,1.0000004731,,1.0000000296
1.000298562,,1.000298562,,1.0001226427,,1.0000719715,,1.0000388848,,1.0000187667,,1.0000076915,,1.0000024348,,1.0000004811,,1.0000000301
1.0003035328,,1.0003035328,,1.0001246859,,1.0000731708,,1.0000395328,,1.0000190794,,1.0000078197,,1.0000024753,,1.0000004891,,1.0000000306
1.0003085034,,1.0003085034,,1.000126729,,1.00007437,,1.0000401808,,1.0000193922,,1.0000079479,,1.0000025159,,1.0000004971,,1.0000000311
1.0003134738,,1.0003134738,,1.0001287721,,1.0000755692,,1.0000408287,,1.0000197049,,1.0000080761,,1.0000025565,,1.0000005052,,1.0000000316
1.000318444,,1.000318444,,1.0001308152,,1.0000767684,,1.0000414767,,1.0000200177,,1.0000082042,,1.0000025971,,1.0000005132,,1.0000000321
1.0003234141,,1.0003234141,,1.0001328582,,1.0000779675,,1.0000421247,,1.0000203304,,1.0000083324,,1.0000026377,,1.0000005212,,1.0000000326
1.000328384,,1.000328384,,1.0001349012,,1.0000791667,,1.0000427727,,1.0000206432,,1.0000084606,,1.0000026782,,1.0000005292,,1.0000000331
1.0003333538,,1.0003333538,,1.0001369442,,1.0000803659,,1.0000434207,,1.0000209559,,1.0000085888,,1.0000027188,,1.0000005372,,1.0000000336
1.0003383233,,1.0003383233,,1.0001389872,,1.000081565,,1.0000440686,,1.0000212687,,1.000008717,,1.0000027594,,1.0000005452,,1.0000000341
1.0003432927,,1.0003432927,,1.0001410301,,1.0000827642,,1.0000447166,,1.0000215814,,1.0000088452,,1.0000028,,1.0000005533,,1.0000000346
1.0003482619,,1.0003482619,,1.000143073,,1.0000839633,,1.0000453646,,1.0000218942,,1.0000089734,,1.0000028406,,1.0000005613,,1.0000000351
1.0000049811,,1.000353231,,1.0001451159,,1.0000851624,,1.0000460125,,1.0000222069,,1.0000091016,,1.0000028811,,1.0000005693,,1.0000000356
1.0000099621,,,,1.0001471587,,1.0000863615,,1.0000466605,,1.0000225197,,1.0000092297,,1.0000029217,,1.0000005773,,1.0000000361
1.0000149429,,,,1.0001492015,,1.0000875606,,1.0000473084,,1.0000228324,,1.0000093579,,1.0000029623,,1.0000005853,,1.0000000366
1.0000199235,,,,1.0001512443,,1.0000887597,,1.0000479564,,1.0000231452,,1.0000094861,,1.0000030029,,1.0000005934,,1.0000000371
1.0000249039,,,,1.000153287,,1.0000899588,,1.0000486043,,1.0000234579,,1.0000096143,,1.0000030434,,1.0000006014,,1.0000000376
1.0000298842,,,,1.0001553297,,1.0000911578,,1.0000492523,,1.0000237707,,1.0000097425,,1.000003084,,1.0000006094,,1.0000000381
1.0000348643,,,,1.0001573724,,1.0000923569,,1.0000499002,,1.0000240834,,1.0000098707,,1.0000031246,,1.0000006174,,1.0000000386
1.0000398442,,,,1.0001594151,,1.000093556,,1.0000505482,,1.0000243962,,1.0000099989,,1.0000031652,,1.0000006254,,1.0000000391
1.000044824,,,,1.0001614577,,1.000094755,,1.0000511961,,1.0000247089,,1.000010127,,1.0000032058,,1.0000006334,,1.0000000396
1.0000498035,,,,1.0001635003,,1.000095954,,1.000051844,,1.0000250217,,1.0000102552,,1.0000032463,,1.0000006415,,1.0000000401
1.0000547829,,,,1.0001655429,,1.000097153,,1.000052492,,1.0000253344,,1.0000103834,,1.0000032869,,1.0000006495,,1.0000000406
1.0000597622,,,,1.0001675854,,1.000098352,,1.0000531399,,1.0000256471,,1.0000105116,,1.0000033275,,1.0000006575,,1.0000000411
1.0000647412,,,,1.000169628,,1.000099551,,1.0000537878,,1.0000259599,,1.0000106398,,1.0000033681,,1.0000006655,,1.0000000416
1.0000697201,,,,1.0001716704,,1.00010075,,1.0000544357,,1.0000262726,,1.000010768,,1.0000034087,,1.0000006735,,1.0000000421
1.0000746988,,,,1.0001737129,,1.000101949,,1.0000550837,,1.0000265854,,1.0000108962,,1.0000034492,,1.0000006816,,1.0000000426
1.0000796773,,,,1.0001757553,,1.000103148,,1.0000557316,,1.0000268981,,1.0000110243,,1.0000034898,,1.0000006896,,1.0000000431
1.0000846557,,,,1.0001777977,,1.0001043469,,1.0000563795,,1.0000272108,,1.0000111525,,1.0000035304,,1.0000006976,,1.0000000436
1.0000896339,,,,1.0001798401,,1.0001055459,,1.0000570274,,1.0000275236,,1.0000112807,,1.000003571,,1.0000007056,,1.0000000441
1.0000946119,,,,1.0001818824,,1.0001067448,,1.0000576753,,1.0000278363,,1.0000114089,,1.0000036115,,1.0000007136,,1.0000000446
1.0000995898,,,,,,1.0001079437,,1.0000583232,,1.0000281491,,1.0000115371,,1.0000036521,,1.0000007216,,1.0000000451
1.0001045674,,,,,,1.0001091427,,1.0000589711,,1.0000284618,,1.0000116653,,1.0000036927,,1.0000007297,,1.0000000456
1.0001095449,,,,,,1.0001103416,,1.000059619,,1.0000287745,,1.0000117935,,1.0000037333,,1.0000007377,,1.0000000461
1.0001145223,,,,,,1.0001115405,,1.0000602669,,1.0000290873,,1.0000119216,,1.0000037739,,1.0000007457,,1.0000000466
1.0001194994,,,,,,1.0001127394,,1.0000609148,,1.0000294,,1.0000120498,,1.0000038144,,1.0000007537,,1.0000000471
1.0001244764,,,,,,1.0001139382,,1.0000615627,,1.0000297127,,1.000012178,,1.000003855,,1.0000007617,,1.0000000476
1.0001294532,,,,,,1.0001151371,,1.0000622106,,1.0000300255,,1.0000123062,,1.0000038956,,1.0000007698,,1.0000000481
1.0001344298,,,,,,1.000116336,,1.0000628585,,1.0000303382,,1.0000124344,,1.0000039362,,1.0000007778,,1.0000000486
1.0001394063,,,,,,1.0001175348,,1.0000635064,,1.0000306509,,1.0000125626,,1.0000039768,,1.0000007858,,1.0000000491
1.0001443826,,,,,,1.0001187336,,1.0000641542,,1.0000309637,,1.0000126907,,1.0000040173,,1.0000007938,,1.0000000496
1.0001493587,,,,,,1.0001199325,,1.0000648021,,1.0000312764,,1.0000128189,,1.0000040579,,1.0000008018,,1.0000000501
1.0001543346,,,,,,1.0001211313,,1.00006545,,1.0000315891,,1.0000129471,,1.0000040985,,1.0000008098,,1.0000000506
1.0001593104,,,,,,1.0001223301,,1.0000660978,,1.0000319018,,1.0000130753,,1.0000041391,,1.0000008179,,1.0000000511
1.000164286,,,,,,,,1.0000667457,,1.0000322146,,1.0000132035,,1.0000041796,,1.0000008259,,1.0000000516
1.0001692614,,,,,,,,1.0000673936,,1.0000325273,,1.0000133317,,1.0000042202,,1.0000008339,,1.0000000521
1.0001742367,,,,,,,,1.0000680414,,1.00003284,,1.0000134598,,1.0000042608,,1.0000008419,,1.0000000526
1.0001792118,,,,,,,,1.0000686893,,1.0000331527,,1.000013588,,1.0000043014,,1.0000008499,,1.0000000531
1.0001841867,,,,,,,,1.0000693372,,1.0000334655,,1.0000137162,,1.000004342,,1.000000858,,1.0000000536
1.0001891614,,,,,,,,1.000069985,,1.0000337782,,1.0000138444,,1.0000043825,,1.000000866,,1.0000000541
1.000194136,,,,,,,,1.0000706329,,1.0000340909,,1.0000139726,,1.0000044231,,1.000000874,,1.0000000546
1.0001991104,,,,,,,,1.0000712807,,1.0000344036,,1.0000141008,,1.0000044637,,1.000000882,,1.0000000551
1.0002040846,,,,,,,,1.0000719285,,1.0000347164,,1.0000142289,,1.0000045043,,1.00000089,,1.0000000556
1.0002090586,,,,,,,,1.0000725764,,1.0000350291,,1.0000143571,,1.0000045449,,1.000000898,,1.0000000561
1.0002140325,,,,,,,,1.0000732242,,1.0000353418,,1.0000144853,,1.0000045854,,1.0000009061,,1.0000000566
1.0002190062,,,,,,,,1.0000738721,,1.0000356545,,1.0000146135,,1.000004626,,1.0000009141,,1.0000000571
1.0002239798,,,,,,,,1.0000745199,,1.0000359673,,1.0000147417,,1.0000046666,,1.0000009221,,1.0000000576
1.0002289531,,,,,,,,1.0000751677,,1.00003628,,1.0000148698,,1.0000047072,,1.0000009301,,1.0000000581
1.0002339263,,,,,,,,1.0000758155,,1.0000365927,,1.000014998,,1.0000047477,,1.0000009381,,1.0000000586
1.0002388993,,,,,,,,1.0000764634,,1.0000369054,,1.0000151262,,1.0000047883,,1.0000009462,,1.0000000592
1.0002438721,,,,,,,,,,1.0000372181,,1.0000152544,,1.0000048289,,1.0000009542,,1.0000000597
1.0002488448,,,,,,,,,,1.0000375308,,1.0000153826,,1.0000048695,,1.0000009622,,1.0000000602
1.0002538173,,,,,,,,,,1.0000378436,,1.0000155108,,1.0000049101,,1.0000009702,,1.0000000607
1.0002587896,,,,,,,,,,1.0000381563,,1.0000156389,,1.0000049506,,1.0000009782,,1.0000000612
1.0002637618,,,,,,,,,,1.000038469,,1.0000157671,,1.0000049912,,1.0000009862,,1.0000000617
1.0002687337,,,,,,,,,,1.0000387817,,1.0000158953,,1.0000050318,,1.0000009943,,1.0000000622
1.0002737056,,,,,,,,,,1.0000390944,,1.0000160235,,1.0000050724,,1.0000010023,,1.0000000627
1.0002786772,,,,,,,,,,1.0000394071,,1.0000161517,,1.0000051129,,1.0000010103,,1.0000000632
1.0002836486,,,,,,,,,,1.0000397198,,1.0000162798,,1.0000051535,,1.0000010183,,1.0000000637
1.0002886199,,,,,,,,,,1.0000400325,,1.000016408,,1.0000051941,,1.0000010263,,1.0000000642
1.000293591,,,,,,,,,,1.0000403453,,1.0000165362,,1.0000052347,,1.0000010344,,1.0000000647
1.000298562,,,,,,,,,,1.000040658,,1.0000166644,,1.0000052753,,1.0000010424,,1.0000000652
1.0003035328,,,,,,,,,,1.0000409707,,1.0000167926,,1.0000053158,,1.0000010504,,1.0000000657
1.0003085034,,,,,,,,,,1.0000412834,,1.0000169207,,1.0000053564,,1.0000010584,,1.0000000662
1.0003134738,,,,,,,,,,1.0000415961,,1.0000170489,,1.000005397,,1.0000010664,,1.0000000667
1.000318444,,,,,,,,,,1.0000419088,,1.0000171771,,1.0000054376,,1.0000010744,,1.0000000672
1.0003234141,,,,,,,,,,1.0000422215,,1.0000173053,,1.0000054782,,1.0000010825,,1.0000000677
1.000328384,,,,,,,,,,1.0000425342,,1.0000174335,,1.0000055187,,1.0000010905,,1.0000000682
1.0003333538,,,,,,,,,,1.0000428469,,1.0000175616,,1.0000055593,,1.0000010985,,1.0000000687
1.0003383233,,,,,,,,,,1.0000431596,,1.0000176898,,1.0000055999,,1.0000011065,,1.0000000692
1.0003432927,,,,,,,,,,1.0000434723,,1.000017818,,1.0000056405,,1.0000011145,,1.0000000697
1.0003482619,,,,,,,,,,1.000043785,,1.0000179462,,1.000005681,,1.0000011226,,1.0000000702
1.000353231,,,,,,,,,,1.0000440977,,1.0000180743,,1.0000057216,,1.0000011306,,1.0000000707
,,,,,,,,,,,,1.0000182025,,1.0000057622,,1.0000011386,,1.0000000712
,,,,,,,,,,,,1.0000183307,,1.0000058028,,1.0000011466,,1.0000000717
,,,,,,,,,,,,1.0000184589,,1.0000058434,,1.0000011546,,1.0000000722
,,,,,,,,,,,,1.0000185871,,1.0000058839,,1.0000011626,,1.0000000727
,,,,,,,,,,,,1.0000187152,,1.0000059245,,1.0000011707,,1.0000000732
,,,,,,,,,,,,1.0000188434,,1.0000059651,,1.0000011787,,1.0000000737
,,,,,,,,,,,,1.0000189716,,1.0000060057,,1.0000011867,,1.0000000742
,,,,,,,,,,,,1.0000190998,,1.0000060462,,1.0000011947,,1.0000000747
,,,,,,,,,,,,1.000019228,,1.0000060868,,1.0000012027,,1.0000000752
,,,,,,,,,,,,1.0000193561,,1.0000061274,,1.0000012108,,1.0000000757
,,,,,,,,,,,,1.0000194843,,1.000006168,,1.0000012188,,1.0000000762
,,,,,,,,,,,,1.0000196125,,1.0000062086,,1.0000012268,,1.0000000767
,,,,,,,,,,,,1.0000197407,,1.0000062491,,1.0000012348,,1.0000000772
,,,,,,,,,,,,1.0000198688,,1.0000062897,,1.0000012428,,1.0000000777
,,,,,,,,,,,,1.000019997,,1.0000063303,,1.0000012508,,1.0000000782
,,,,,,,,,,,,1.0000201252,,1.0000063709,,1.0000012589,,1.0000000787
,,,,,,,,,,,,1.0000202534,,1.0000064114,,1.0000012669,,1.0000000792
,,,,,,,,,,,,1.0000203815,,1.000006452,,1.0000012749,,1.0000000797
,,,,,,,,,,,,1.0000205097,,1.0000064926,,1.0000012829,,1.0000000802
,,,,,,,,,,,,1.0000206379,,1.0000065332,,1.0000012909,,1.0000000807
,,,,,,,,,,,,1.0000207661,,1.0000065738,,1.000001299,,1.0000000812
,,,,,,,,,,,,1.0000208943,,1.0000066143,,1.000001307,,1.0000000817
,,,,,,,,,,,,1.0000210224,,1.0000066549,,1.000001315,,1.0000000822
,,,,,,,,,,,,1.0000211506,,1.0000066955,,1.000001323,,1.0000000827
,,,,,,,,,,,,1.0000212788,,1.0000067361,,1.000001331,,1.0000000832
,,,,,,,,,,,,1.000021407,,1.0000067766,,1.000001339,,1.0000000837
,,,,,,,,,,,,1.0000215351,,1.0000068172,,1.0000013471,,1.0000000842
,,,,,,,,,,,,1.0000216633,,1.0000068578,,1.0000013551,,1.0000000847
,,,,,,,,,,,,1.0000217915,,1.0000068984,,1.0000013631,,1.0000000852
,,,,,,,,,,,,1.0000219197,,1.000006939,,1.0000013711,,1.0000000857
,,,,,,,,,,,,1.0000220478,,1.0000069795,,1.0000013791,,1.0000000862
,,,,,,,,,,,,1.000022176,,1.0000070201,,1.0000013872,,1.0000000867
,,,,,,,,,,,,1.0000223042,,1.0000070607,,1.0000013952,,1.0000000872
,,,,,,,,,,,,1.0000224324,,1.0000071013,,1.0000014032,,1.0000000877
,,,,,,,,,,,,1.0000225605,,1.0000071418,,1.0000014112,,1.0000000882
,,,,,,,,,,,,,,1.0000071824,,1.0000014192,,1.0000000887
,,,,,,,,,,,,,,1.000007223,,1.0000014272,,1.0000000892
,,,,,,,,,,,,,,1.0000072636,,1.0000014353,,1.0000000897
,,,,,,,,,,,,,,1.0000073042,,1.0000014433,,1.0000000902
,,,,,,,,,,,,,,1.0000073447,,1.0000014513,,1.0000000907
,,,,,,,,,,,,,,1.0000073853,,1.0000014593,,1.0000000912
,,,,,,,,,,,,,,1.0000074259,,1.0000014673,,1.0000000917
,,,,,,,,,,,,,,1.0000074665,,1.0000014754,,1.0000000922
,,,,,,,,,,,,,,1.000007507,,1.0000014834,,1.0000000927
,,,,,,,,,,,,,,1.0000075476,,1.0000014914,,1.0000000932
,,,,,,,,,,,,,,1.0000075882,,1.0000014994,,1.0000000937
,,,,,,,,,,,,,,1.0000076288,,1.0000015074,,1.0000000942
,,,,,,,,,,,,,,1.0000076694,,1.0000015154,,1.0000000947
,,,,,,,,,,,,,,1.0000077099,,1.0000015235,,1.0000000952
,,,,,,,,,,,,,,1.0000077505,,1.0000015315,,1.0000000957
,,,,,,,,,,,,,,1.0000077911,,1.0000015395,,1.0000000962
,,,,,,,,,,,,,,1.0000078317,,1.0000015475,,1.0000000967
,,,,,,,,,,,,,,1.0000078722,,1.0000015555,,1.0000000972
,,,,,,,,,,,,,,1.0000079128,,1.0000015636,,1.0000000977
,,,,,,,,,,,,,,1.0000079534,,1.0000015716,,1.0000000982
,,,,,,,,,,,,,,1.000007994,,1.0000015796,,1.0000000987
,,,,,,,,,,,,,,1.0000080345,,1.0000015876,,1.0000000992
,,,,,,,,,,,,,,1.0000080751,,1.0000015956,,1.0000000998
,,,,,,,,,,,,,,1.0000081157,,1.0000016036,,1.0000001003
,,,,,,,,,,,,,,1.0000081563,,1.0000016117,,1.0000001008
,,,,,,,,,,,,,,1.0000081969,,1.0000016197,,1.0000001013
,,,,,,,,,,,,,,1.0000082374,,1.0000016277,,1.0000001018
,,,,,,,,,,,,,,1.000008278,,1.0000016357,,1.0000001023
,,,,,,,,,,,,,,1.0000083186,,1.0000016437,,1.0000001028
,,,,,,,,,,,,,,1.0000083592,,1.0000016518,,1.0000001033
,,,,,,,,,,,,,,1.0000083997,,1.0000016598,,1.0000001038
,,,,,,,,,,,,,,1.0000084403,,1.0000016678,,1.0000001043
,,,,,,,,,,,,,,1.0000084809,,1.0000016758,,1.0000001048
,,,,,,,,,,,,,,1.0000085215,,1.0000016838,,1.0000001053
,,,,,,,,,,,,,,1.0000085621,,1.0000016918,,1.0000001058
,,,,,,,,,,,,,,1.0000086026,,1.0000016999,,1.0000001063
,,,,,,,,,,,,,,1.0000086432,,1.0000017079,,1.0000001068
,,,,,,,,,,,,,,1.0000086838,,1.0000017159,,1.0000001073
,,,,,,,,,,,,,,1.0000087244,,1.0000017239,,1.0000001078
,,,,,,,,,,,,,,1.0000087649,,1.0000017319,,1.0000001083
,,,,,,,,,,,,,,1.0000088055,,1.00000174,,1.0000001088
,,,,,,,,,,,,,,1.0000088461,,1.000001748,,1.0000001093
,,,,,,,,,,,,,,1.0000088867,,1.000001756,,1.0000001098
,,,,,,,,,,,,,,1.0000089272,,1.000001764,,1.0000001103
,,,,,,,,,,,,,,1.0000089678,,1.000001772,,1.0000001108
,,,,,,,,,,,,,,1.0000090084,,1.00000178,,1.0000001113
,,,,,,,,,,,,,,1.000009049,,1.0000017881,,1.0000001118
,,,,,,,,,,,,,,1.0000090896,,1.0000017961,,1.0000001123
,,,,,,,,,,,,,,1.0000091301,,1.0000018041,,1.0000001128
,,,,,,,,,,,,,,1.0000091707,,1.0000018121,,1.0000001133
,,,,,,,,,,,,,,1.0000092113,,1.0000018201,,1.0000001138
,,,,,,,,,,,,,,1.0000092519,,1.0000018282,,1.0000001143
,,,,,,,,,,,,,,1.0000092924,,1.0000018362,,1.0000001148
,,,,,,,,,,,,,,1.000009333,,1.0000018442,,1.0000001153
,,,,,,,,,,,,,,1.0000093736,,1.0000018522,,1.0000001158
,,,,,,,,,,,,,,1.0000094142,,1.0000018602,,1.0000001163
,,,,,,,,,,,,,,1.0000094547,,1.0000018682,,1.0000001168
,,,,,,,,,,,,,,1.0000094953,,1.0000018763,,1.0000001173
,,,,,,,,,,,,,,1.0000095359,,1.0000018843,,1.0000001178
,,,,,,,,,,,,,,,,1.0000018923,,1.0000001183
,,,,,,,,,,,,,,,,1.0000019003,,1.0000001188
,,,,,,,,,,,,,,,,1.0000019083,,1.0000001193
,,,,,,,,,,,,,,,,1.0000019164,,1.0000001198
,,,,,,,,,,,,,,,,1.0000019244,,1.0000001203
,,,,,,,,,,,,,,,,1.0000019324,,1.0000001208
,,,,,,,,,,,,,,,,1.0000019404,,1.0000001213
,,,,,,,,,,,,,,,,1.0000019484,,1.0000001218
,,,,,,,,,,,,,,,,1.0000019564,,1.0000001223
,,,,,,,,,,,,,,,,1.0000019645,,1.0000001228
,,,,,,,,,,,,,,,,1.0000019725,,1.0000001233
,,,,,,,,,,,,,,,,1.0000019805,,1.0000001238
,,,,,,,,,,,,,,,,1.0000019885,,1.0000001243
,,,,,,,,,,,,,,,,1.0000019965,,1.0000001248
,,,,,,,,,,,,,,,,1.0000020046,,1.0000001253
,,,,,,,,,,,,,,,,1.0000020126,,1.0000001258
,,,,,,,,,,,,,,,,1.0000020206,,1.0000001263
,,,,,,,,,,,,,,,,1.0000020286,,1.0000001268
,,,,,,,,,,,,,,,,1.0000020366,,1.0000001273
,,,,,,,,,,,,,,,,1.0000020446,,1.0000001278
,,,,,,,,,,,,,,,,1.0000020527,,1.0000001283
,,,,,,,,,,,,,,,,1.0000020607,,1.0000001288
,,,,,,,,,,,,,,,,1.0000020687,,1.0000001293
,,,,,,,,,,,,,,,,1.0000020767,,1.0000001298
,,,,,,,,,,,,,,,,1.0000020847,,1.0000001303
,,,,,,,,,,,,,,,,1.0000020928,,1.0000001308
,,,,,,,,,,,,,,,,1.0000021008,,1.0000001313
,,,,,,,,,,,,,,,,1.0000021088,,1.0000001318
,,,,,,,,,,,,,,,,1.0000021168,,1.0000001323
,,,,,,,,,,,,,,,,1.0000021248,,1.0000001328
,,,,,,,,,,,,,,,,1.0000021328,,1.0000001333
,,,,,,,,,,,,,,,,1.0000021409,,1.0000001338
,,,,,,,,,,,,,,,,1.0000021489,,1.0000001343
,,,,,,,,,,,,,,,,1.0000021569,,1.0000001348
,,,,,,,,,,,,,,,,1.0000021649,,1.0000001353
,,,,,,,,,,,,,,,,1.0000021729,,1.0000001358
,,,,,,,,,,,,,,,,1.000002181,,1.0000001363
,,,,,,,,,,,,,,,,1.000002189,,1.0000001368
,,,,,,,,,,,,,,,,1.000002197,,1.0000001373
,,,,,,,,,,,,,,,,1.000002205,,1.0000001378
,,,,,,,,,,,,,,,,1.000002213,,1.0000001383
,,,,,,,,,,,,,,,,1.000002221,,1.0000001388
,,,,,,,,,,,,,,,,1.0000022291,,1.0000001393
,,,,,,,,,,,,,,,,1.0000022371,,1.0000001399
,,,,,,,,,,,,,,,,1.0000022451,,1.0000001404
,,,,,,,,,,,,,,,,1.0000022531,,1.0000001409
,,,,,,,,,,,,,,,,1.0000022611,,1.0000001414
,,,,,,,,,,,,,,,,1.0000022692,,1.0000001419
,,,,,,,,,,,,,,,,1.0000022772,,1.0000001424
,,,,,,,,,,,,,,,,1.0000022852,,1.0000001429
,,,,,,,,,,,,,,,,1.0000022932,,1.0000001434
,,,,,,,,,,,,,,,,1.0000023012,,1.0000001439
,,,,,,,,,,,,,,,,1.0000023092,,1.0000001444
,,,,,,,,,,,,,,,,1.0000023173,,1.0000001449
,,,,,,,,,,,,,,,,1.0000023253,,1.0000001454
,,,,,,,,,,,,,,,,1.0000023333,,1.0000001459
,,,,,,,,,,,,,,,,1.0000023413,,1.0000001464
,,,,,,,,,,,,,,,,1.0000023493,,1.0000001469
,,,,,,,,,,,,,,,,1.0000023574,,1.0000001474
,,,,,,,,,,,,,,,,1.0000023654,,1.0000001479
,,,,,,,,,,,,,,,,1.0000023734,,1.0000001484
,,,,,,,,,,,,,,,,1.0000023814,,1.0000001489
,,,,,,,,,,,,,,,,1.0000023894,,1.0000001494
,,,,,,,,,,,,,,,,1.0000023974,,1.0000001499
,,,,,,,,,,,,,,,,1.0000024055,,1.0000001504
,,,,,,,,,,,,,,,,1.0000024135,,1.0000001509
,,,,,,,,,,,,,,,,1.0000024215,,1.0000001514
,,,,,,,,,,,,,,,,1.0000024295,,1.0000001519
,,,,,,,,,,,,,,,,1.0000024375,,1.0000001524
,,,,,,,,,,,,,,,,1.0000024456,,1.0000001529
,,,,,,,,,,,,,,,,1.0000024536,,1.0000001534
,,,,,,,,,,,,,,,,1.0000024616,,1.0000001539
,,,,,,,,,,,,,,,,1.0000024696,,1.0000001544
,,,,,,,,,,,,,,,,1.0000024776,,1.0000001549
,,,,,,,,,,,,,,,,1.0000024856,,1.0000001554
,,,,,,,,,,,,,,,,1.0000024937,,1.0000001559
,,,,,,,,,,,,,,,,1.0000025017,,1.0000001564
,,,,,,,,,,,,,,,,1.0000025097,,1.0000001569
,,,,,,,,,,,,,,,,1.0000025177,,1.0000001574
,,,,,,,,,,,,,,,,1.0000025257,,1.0000001579
,,,,,,,,,,,,,,,,1.0000025338,,1.0000001584
,,,,,,,,,,,,,,,,1.0000025418,,1.0000001589
,,,,,,,,,,,,,,,,1.0000025498,,1.0000001594
,,,,,,,,,,,,,,,,1.0000025578,,1.0000001599
,,,,,,,,,,,,,,,,1.0000025658,,1.0000001604
,,,,,,,,,,,,,,,,1.0000025738,,1.0000001609
,,,,,,,,,,,,,,,,1.0000025819,,1.0000001614
,,,,,,,,,,,,,,,,1.0000025899,,1.0000001619
,,,,,,,,,,,,,,,,1.0000025979,,1.0000001624
,,,,,,,,,,,,,,,,1.0000026059,,1.0000001629
,,,,,,,,,,,,,,,,1.0000026139,,1.0000001634
,,,,,,,,,,,,,,,,1.000002622,,1.0000001639
,,,,,,,,,,,,,,,,1.00000263,,1.0000001644
,,,,,,,,,,,,,,,,1.000002638,,1.0000001649
,,,,,,,,,,,,,,,,1.000002646,,1.0000001654
,,,,,,,,,,,,,,,,1.000002654,,1.0000001659
,,,,,,,,,,,,,,,,1.000002662,,1.0000001664
,,,,,,,,,,,,,,,,1.0000026701,,1.0000001669
,,,,,,,,,,,,,,,,1.0000026781,,1.0000001674
,,,,,,,,,,,,,,,,1.0000026861,,1.0000001679
,,,,,,,,,,,,,,,,1.0000026941,,1.0000001684
,,,,,,,,,,,,,,,,1.0000027021,,1.0000001689
,,,,,,,,,,,,,,,,1.0000027102,,1.0000001694
,,,,,,,,,,,,,,,,1.0000027182,,1.0000001699
,,,,,,,,,,,,,,,,1.0000027262,,1.0000001704
,,,,,,,,,,,,,,,,1.0000027342,,1.0000001709
,,,,,,,,,,,,,,,,1.0000027422,,1.0000001714
,,,,,,,,,,,,,,,,1.0000027502,,1.0000001719
,,,,,,,,,,,,,,,,1.0000027583,,1.0000001724
,,,,,,,,,,,,,,,,1.0000027663,,1.0000001729
,,,,,,,,,,,,,,,,1.0000027743,,1.0000001734
,,,,,,,,,,,,,,,,1.0000027823,,1.0000001739
,,,,,,,,,,,,,,,,1.0000027903,,1.0000001744
,,,,,,,,,,,,,,,,1.0000027984,,1.0000001749
,,,,,,,,,,,,,,,,1.0000028064,,1.0000001754
,,,,,,,,,,,,,,,,1.0000028144,,1.0000001759
,,,,,,,,,,,,,,,,,,1.0000001764
,,,,,,,,,,,,,,,,,,1.0000001769
,,,,,,,,,,,,,,,,,,1.0000001774
,,,,,,,,,,,,,,,,,,1.0000001779
,,,,,,,,,,,,,,,,,,1.0000001784
,,,,,,,,,,,,,,,,,,1.0000001789
,,,,,,,,,,,,,,,,,,1.0000001794
,,,,,,,,,,,,,,,,,,1.0000001799
,,,,,,,,,,,,,,,,,,1.0000001805
,,,,,,,,,,,,,,,,,,1.000000181
,,,,,,,,,,,,,,,,,,1.0000001815
,,,,,,,,,,,,,,,,,,1.000000182
,,,,,,,,,,,,,,,,,,1.0000001825
,,,,,,,,,,,,,,,,,,1.000000183
,,,,,,,,,,,,,,,,,,1.0000001835
,,,,,,,,,,,,,,,,,,1.000000184
,,,,,,,,,,,,,,,,,,1.0000001845
,,,,,,,,,,,,,,,,,,1.000000185
,,,,,,,,,,,,,,,,,,1.0000001855
,,,,,,,,,,,,,,,,,,1.000000186
,,,,,,,,,,,,,,,,,,1.0000001865
,,,,,,,,,,,,,,,,,,1.000000187
,,,,,,,,,,,,,,,,,,1.0000001875
,,,,,,,,,,,,,,,,,,1.000000188
,,,,,,,,,,,,,,,,,,1.0000001885
,,,,,,,,,,,,,,,,,,1.000000189
,,,,,,,,,,,,,,,,,,1.0000001895
,,,,,,,,,,,,,,,,,,1.00000019
,,,,,,,,,,,,,,,,,,1.0000001905
,,,,,,,,,,,,,,,,,,1.000000191
,,,,,,,,,,,,,,,,,,1.0000001915
,,,,,,,,,,,,,,,,,,1.000000192
,,,,,,,,,,,,,,,,,,1.0000001925
,,,,,,,,,,,,,,,,,,1.000000193
,,,,,,,,,,,,,,,,,,1.0000001935
,,,,,,,,,,,,,,,,,,1.000000194
,,,,,,,,,,,,,,,,,,1.0000001945
,,,,,,,,,,,,,,,,,,1.000000195
,,,,,,,,,,,,,,,,,,1.0000001955
,,,,,,,,,,,,,,,,,,1.000000196
,,,,,,,,,,,,,,,,,,1.0000001965
,,,,,,,,,,,,,,,,,,1.000000197
,,,,,,,,,,,,,,,,,,1.0000001975
,,,,,,,,,,,,,,,,,,1.000000198
,,,,,,,,,,,,,,,,,,1.0000001985
,,,,,,,,,,,,,,,,,,1.000000199
,,,,,,,,,,,,,,,,,,1.0000001995
,,,,,,,,,,,,,,,,,,1.0000002
,,,,,,,,,,,,,,,,,,1.0000002005
,,,,,,,,,,,,,,,,,,1.000000201
,,,,,,,,,,,,,,,,,,1.0000002015
,,,,,,,,,,,,,,,,,,1.000000202
,,,,,,,,,,,,,,,,,,1.0000002025
,,,,,,,,,,,,,,,,,,1.000000203
,,,,,,,,,,,,,,,,,,1.0000002035
,,,,,,,,,,,,,,,,,,1.000000204
,,,,,,,,,,,,,,,,,,1.0000002045
,,,,,,,,,,,,,,,,,,1.000000205
,,,,,,,,,,,,,,,,,,1.0000002055
,,,,,,,,,,,,,,,,,,1.000000206
,,,,,,,,,,,,,,,,,,1.0000002065
,,,,,,,,,,,,,,,,,,1.000000207
,,,,,,,,,,,,,,,,,,1.0000002075
,,,,,,,,,,,,,,,,,,1.000000208
,,,,,,,,,,,,,,,,,,1.0000002085
,,,,,,,,,,,,,,,,,,1.000000209
,,,,,,,,,,,,,,,,,,1.0000002095
,,,,,,,,,,,,,,,,,,1.00000021
,,,,,,,,,,,,,,,,,,1.0000002105
,,,,,,,,,,,,,,,,,,1.000000211
,,,,,,,,,,,,,,,,,,1.0000002115
,,,,,,,,,,,,,,,,,,1.000000212
,,,,,,,,,,,,,,,,,,1.0000002125
,,,,,,,,,,,,,,,,,,1.000000213
,,,,,,,,,,,,,,,,,,1.0000002135
,,,,,,,,,,,,,,,,,,1.000000214
,,,,,,,,,,,,,,,,,,1.0000002145
,,,,,,,,,,,,,,,,,,1.000000215
,,,,,,,,,,,,,,,,,,1.0000002155
,,,,,,,,,,,,,,,,,,1.000000216
,,,,,,,,,,,,,,,,,,1.0000002165
,,,,,,,,,,,,,,,,,,1.000000217
,,,,,,,,,,,,,,,,,,1.0000002175
,,,,,,,,,,,,,,,,,,1.000000218
,,,,,,,,,,,,,,,,,,1.0000002185
,,,,,,,,,,,,,,,,,,1.000000219
,,,,,,,,,,,,,,,,,,1.0000002195
,,,,,,,,,,,,,,,,,,1.00000022
,,,,,,,,,,,,,,,,,,1.0000002205
,,,,,,,,,,,,,,,,,,1.0000002211
,,,,,,,,,,,,,,,,,,1.0000002216
,,,,,,,,,,,,,,,,,,1.0000002221
,,,,,,,,,,,,,,,,,,1.0000002226
,,,,,,,,,,,,,,,,,,1.0000002231
,,,,,,,,,,,,,,,,,,1.0000002236
,,,,,,,,,,,,,,,,,,1.0000002241
,,,,,,,,,,,,,,,,,,1.0000002246
,,,,,,,,,,,,,,,,,,1.0000002251
,,,,,,,,,,,,,,,,,,1.0000002256
,,,,,,,,,,,,,,,,,,1.0000002261
,,,,,,,,,,,,,,,,,,1.0000002266
,,,,,,,,,,,,,,,,,,1.0000002271
,,,,,,,,,,,,,,,,,,1.0000002276
,,,,,,,,,,,,,,,,,,1.0000002281
,,,,,,,,,,,,,,,,,,1.0000002286
,,,,,,,,,,,,,,,,,,1.0000002291
,,,,,,,,,,,,,,,,,,1.0000002296
,,,,,,,,,,,,,,,,,,1.0000002301
,,,,,,,,,,,,,,,,,,1.0000002306
,,,,,,,,,,,,,,,,,,1.0000002311
,,,,,,,,,,,,,,,,,,1.0000002316
,,,,,,,,,,,,,,,,,,1.0000002321
,,,,,,,,,,,,,,,,,,1.0000002326
,,,,,,,,,,,,,,,,,,1.0000002331
,,,,,,,,,,,,,,,,,,1.0000002336
,,,,,,,,,,,,,,,,,,1.0000002341
,,,,,,,,,,,,,,,,,,1.0000002346
,,,,,,,,,,,,,,,,,,1.0000002351
,,,,,,,,,,,,,,,,,,1.0000002356
,,,,,,,,,,,,,,,,,,1.0000002361
,,,,,,,,,,,,,,,,,,1.0000002366
,,,,,,,,,,,,,,,,,,1.0000002371
,,,,,,,,,,,,,,,,,,1.0000002376
,,,,,,,,,,,,,,,,,,1.0000002381
,,,,,,,,,,,,,,,,,,1.0000002386
,,,,,,,,,,,,,,,,,,1.0000002391
,,,,,,,,,,,,,,,,,,1.0000002396
,,,,,,,,,,,,,,,,,,1.0000002401
,,,,,,,,,,,,,,,,,,1.0000002406
,,,,,,,,,,,,,,,,,,1.0000002411
,,,,,,,,,,,,,,,,,,1.0000002416
,,,,,,,,,,,,,,,,,,1.0000002421
,,,,,,,,,,,,,,,,,,1.0000002426
,,,,,,,,,,,,,,,,,,1.0000002431
,,,,,,,,,,,,,,,,,,1.0000002436
,,,,,,,,,,,,,,,,,,1.0000002441
,,,,,,,,,,,,,,,,,,1.0000002446
,,,,,,,,,,,,,,,,,,1.0000002451
,,,,,,,,,,,,,,,,,,1.0000002456
,,,,,,,,,,,,,,,,,,1.0000002461
,,,,,,,,,,,,,,,,,,1.0000002466
,,,,,,,,,,,,,,,,,,1.0000002471
,,,,,,,,,,,,,,,,,,1.0000002476
,,,,,,,,,,,,,,,,,,1.0000002481
,,,,,,,,,,,,,,,,,,1.0000002486
,,,,,,,,,,,,,,,,,,1.0000002491
,,,,,,,,,,,,,,,,,,1.0000002496
,,,,,,,,,,,,,,,,,,1.0000002501
,,,,,,,,,,,,,,,,,,1.0000002506
,,,,,,,,,,,,,,,,,,1.0000002511
,,,,,,,,,,,,,,,,,,1.0000002516
,,,,,,,,,,,,,,,,,,1.0000002521
,,,,,,,,,,,,,,,,,,1.0000002526
,,,,,,,,,,,,,,,,,,1.0000002531
,,,,,,,,,,,,,,,,,,1.0000002536
,,,,,,,,,,,,,,,,,,1.0000002541
,,,,,,,,,,,,,,,,,,1.0000002546
,,,,,,,,,,,,,,,,,,1.0000002551
,,,,,,,,,,,,,,,,,,1.0000002556
,,,,,,,,,,,,,,,,,,1.0000002561
,,,,,,,,,,,,,,,,,,1.0000002566
,,,,,,,,,,,,,,,,,,1.0000002571
,,,,,,,,,,,,,,,,,,1.0000002576
,,,,,,,,,,,,,,,,,,1.0000002581
,,,,,,,,,,,,,,,,,,1.0000002586
,,,,,,,,,,,,,,,,,,1.0000002591
,,,,,,,,,,,,,,,,,,1.0000002596
,,,,,,,,,,,,,,,,,,1.0000002601
,,,,,,,,,,,,,,,,,,1.0000002606
,,,,,,,,,,,,,,,,,,1.0000002611
,,,,,,,,,,,,,,,,,,1.0000002617
,,,,,,,,,,,,,,,,,,1.0000002622
,,,,,,,,,,,,,,,,,,1.0000002627
,,,,,,,,,,,,,,,,,,1.0000002632
,,,,,,,,,,,,,,,,,,1.0000002637
,,,,,,,,,,,,,,,,,,1.0000002642
,,,,,,,,,,,,,,,,,,1.0000002647
,,,,,,,,,,,,,,,,,,1.0000002652
,,,,,,,,,,,,,,,,,,1.0000002657
,,,,,,,,,,,,,,,,,,1.0000002662
,,,,,,,,,,,,,,,,,,1.0000002667
,,,,,,,,,,,,,,,,,,1.0000002672
,,,,,,,,,,,,,,,,,,1.0000002677
,,,,,,,,,,,,,,,,,,1.0000002682
,,,,,,,,,,,,,,,,,,1.0000002687
,,,,,,,,,,,,,,,,,,1.0000002692
,,,,,,,,,,,,,,,,,,1.0000002697
,,,,,,,,,,,,,,,,,,1.0000002702
,,,,,,,,,,,,,,,,,,1.0000002707
,,,,,,,,,,,,,,,,,,1.0000002712
,,,,,,,,,,,,,,,,,,1.0000002717
,,,,,,,,,,,,,,,,,,1.0000002722
,,,,,,,,,,,,,,,,,,1.0000002727
,,,,,,,,,,,,,,,,,,1.0000002732
,,,,,,,,,,,,,,,,,,1.0000002737
,,,,,,,,,,,,,,,,,,1.0000002742
,,,,,,,,,,,,,,,,,,1.0000002747
,,,,,,,,,,,,,,,,,,1.0000002752
,,,,,,,,,,,,,,,,,,1.0000002757
,,,,,,,,,,,,,,,,,,1.0000002762
,,,,,,,,,,,,,,,,,,1.0000002767
,,,,,,,,,,,,,,,,,,1.0000002772
,,,,,,,,,,,,,,,,,,1.0000002777
,,,,,,,,,,,,,,,,,,1.0000002782
,,,,,,,,,,,,,,,,,,1.0000002787
,,,,,,,,,,,,,,,,,,1.0000002792
,,,,,,,,,,,,,,,,,,1.0000002797
,,,,,,,,,,,,,,,,,,1.0000002802
,,,,,,,,,,,,,,,,,,1.0000002807
,,,,,,,,,,,,,,,,,,1.0000002812
,,,,,,,,,,,,,,,,,,1.0000002817
,,,,,,,,,,,,,,,,,,1.0000002822
,,,,,,,,,,,,,,,,,,1.0000002827
,,,,,,,,,,,,,,,,,,1.0000002832
,,,,,,,,,,,,,,,,,,1.0000002837
,,,,,,,,,,,,,,,,,,1.0000002842
,,,,,,,,,,,,,,,,,,1.0000002847
,,,,,,,,,,,,,,,,,,1.0000002852
,,,,,,,,,,,,,,,,,,1.0000002857
,,,,,,,,,,,,,,,,,,1.0000002862
,,,,,,,,,,,,,,,,,,1.0000002867
,,,,,,,,,,,,,,,,,,1.0000002872
,,,,,,,,,,,,,,,,,,1.0000002877
,,,,,,,,,,,,,,,,,,1.0000002882
,,,,,,,,,,,,,,,,,,1.0000002887
,,,,,,,,,,,,,,,,,,1.0000002892
,,,,,,,,,,,,,,,,,,1.0000002897
,,,,,,,,,,,,,,,,,,1.0000002902
,,,,,,,,,,,,,,,,,,1.0000002907
,,,,,,,,,,,,,,,,,,1.0000002912
,,,,,,,,,,,,,,,,,,1.0000002917
,,,,,,,,,,,,,,,,,,1.0000002922
,,,,,,,,,,,,,,,,,,1.0000002927
,,,,,,,,,,,,,,,,,,1.0000002932
,,,,,,,,,,,,,,,,,,1.0000002937
,,,,,,,,,,,,,,,,,,1.0000002942
,,,,,,,,,,,,,,,,,,1.0000002947
,,,,,,,,,,,,,,,,,,1.0000002952
,,,,,,,,,,,,,,,,,,1.0000002957
,,,,,,,,,,,,,,,,,,1.0000002962
,,,,,,,,,,,,,,,,,,1.0000002967
,,,,,,,,,,,,,,,,,,1.0000002972
,,,,,,,,,,,,,,,,,,1.0000002977
,,,,,,,,,,,,,,,,,,1.0000002982
,,,,,,,,,,,,,,,,,,1.0000002987
,,,,,,,,,,,,,,,,,,1.0000002992
,,,,,,,,,,,,,,,,,,1.0000002997
,,,,,,,,,,,,,,,,,,1.0000003002
,,,,,,,,,,,,,,,,,,1.0000003007
,,,,,,,,,,,,,,,,,,1.0000003012
,,,,,,,,,,,,,,,,,,1.0000003017
,,,,,,,,,,,,,,,,,,1.0000003023
,,,,,,,,,,,,,,,,,,1.0000003028
,,,,,,,,,,,,,,,,,,1.0000003033
,,,,,,,,,,,,,,,,,,1.0000003038
,,,,,,,,,,,,,,,,,,1.0000003043
,,,,,,,,,,,,,,,,,,1.0000003048
,,,,,,,,,,,,,,,,,,1.0000003053
,,,,,,,,,,,,,,,,,,1.0000003058
,,,,,,,,,,,,,,,,,,1.0000003063
,,,,,,,,,,,,,,,,,,1.0000003068
,,,,,,,,,,,,,,,,,,1.0000003073
,,,,,,,,,,,,,,,,,,1.0000003078
,,,,,,,,,,,,,,,,,,1.0000003083
,,,,,,,,,,,,,,,,,,1.0000003088
,,,,,,,,,,,,,,,,,,1.0000003093
,,,,,,,,,,,,,,,,,,1.0000003098
,,,,,,,,,,,,,,,,,,1.0000003103
,,,,,,,,,,,,,,,,,,1.0000003108
,,,,,,,,,,,,,,,,,,1.0000003113
,,,,,,,,,,,,,,,,,,1.0000003118
,,,,,,,,,,,,,,,,,,1.0000003123
,,,,,,,,,,,,,,,,,,1.0000003128
,,,,,,,,,,,,,,,,,,1.0000003133
,,,,,,,,,,,,,,,,,,1.0000003138
,,,,,,,,,,,,,,,,,,1.0000003143
,,,,,,,,,,,,,,,,,,1.0000003148
,,,,,,,,,,,,,,,,,,1.0000003153
,,,,,,,,,,,,,,,,,,1.0000003158
,,,,,,,,,,,,,,,,,,1.0000003163
,,,,,,,,,,,,,,,,,,1.0000003168
,,,,,,,,,,,,,,,,,,1.0000003173
,,,,,,,,,,,,,,,,,,1.0000003178
,,,,,,,,,,,,,,,,,,1.0000003183
,,,,,,,,,,,,,,,,,,1.0000003188
,,,,,,,,,,,,,,,,,,1.0000003193
,,,,,,,,,,,,,,,,,,1.0000003198
,,,,,,,,,,,,,,,,,,1.0000003203
,,,,,,,,,,,,,,,,,,1.0000003208
,,,,,,,,,,,,,,,,,,1.0000003213
,,,,,,,,,,,,,,,,,,1.0000003218
,,,,,,,,,,,,,,,,,,1.0000003223
,,,,,,,,,,,,,,,,,,1.0000003228
,,,,,,,,,,,,,,,,,,1.0000003233
,,,,,,,,,,,,,,,,,,1.0000003238
,,,,,,,,,,,,,,,,,,1.0000003243
,,,,,,,,,,,,,,,,,,1.0000003248
,,,,,,,,,,,,,,,,,,1.0000003253
,,,,,,,,,,,,,,,,,,1.0000003258
,,,,,,,,,,,,,,,,,,1.0000003263
,,,,,,,,,,,,,,,,,,1.0000003268
,,,,,,,,,,,,,,,,,,1.0000003273
,,,,,,,,,,,,,,,,,,1.0000003278
,,,,,,,,,,,,,,,,,,1.0000003283
,,,,,,,,,,,,,,,,,,1.0000003288
,,,,,,,,,,,,,,,,,,1.0000003293
,,,,,,,,,,,,,,,,,,1.0000003298
,,,,,,,,,,,,,,,,,,1.0000003303
,,,,,,,,,,,,,,,,,,1.0000003308
,,,,,,,,,,,,,,,,,,1.0000003313
,,,,,,,,,,,,,,,,,,1.0000003318
,,,,,,,,,,,,,,,,,,1.0000003323
,,,,,,,,,,,,,,,,,,1.0000003328
,,,,,,,,,,,,,,,,,,1.0000003333
,,,,,,,,,,,,,,,,,,1.0000003338
,,,,,,,,,,,,,,,,,,1.0000003343
,,,,,,,,,,,,,,,,,,1.0000003348
,,,,,,,,,,,,,,,,,,1.0000003353
,,,,,,,,,,,,,,,,,,1.0000003358
,,,,,,,,,,,,,,,,,,1.0000003363
,,,,,,,,,,,,,,,,,,1.0000003368
,,,,,,,,,,,,,,,,,,1.0000003373
,,,,,,,,,,,,,,,,,,1.0000003378
,,,,,,,,,,,,,,,,,,1.0000003383
,,,,,,,,,,,,,,,,,,1.0000003388
,,,,,,,,,,,,,,,,,,1.0000003393
,,,,,,,,,,,,,,,,,,1.0000003398
,,,,,,,,,,,,,,,,,,1.0000003403
,,,,,,,,,,,,,,,,,,1.0000003408
,,,,,,,,,,,,,,,,,,1.0000003413
,,,,,,,,,,,,,,,,,,1.0000003418
,,,,,,,,,,,,,,,,,,1.0000003423
,,,,,,,,,,,,,,,,,,1.0000003429
,,,,,,,,,,,,,,,,,,1.0000003434
,,,,,,,,,,,,,,,,,,1.0000003439
,,,,,,,,,,,,,,,,,,1.0000003444
,,,,,,,,,,,,,,,,,,1.0000003449
,,,,,,,,,,,,,,,,,,1.0000003454
,,,,,,,,,,,,,,,,,,1.0000003459
,,,,,,,,,,,,,,,,,,1.0000003464
,,,,,,,,,,,,,,,,,,1.0000003469
,,,,,,,,,,,,,,,,,,1.0000003474
,,,,,,,,,,,,,,,,,,1.0000003479
,,,,,,,,,,,,,,,,,,1.0000003484
,,,,,,,,,,,,,,,,,,1.0000003489
,,,,,,,,,,,,,,,,,,1.0000003494
,,,,,,,,,,,,,,,,,,1.0000003499
,,,,,,,,,,,,,,,,,,1.0000003504
,,,,,,,,,,,,,,,,,,1.0000003509
,,,,,,,,,,,,,,,,,,1.0000003514
