0.0530462485424
0.0477242148012
0.0534461286397
0.0539409972565
0.0546247850732
0.0554890379407
0.0565236269814
0.0577171835997
0.0590575277469
0.060532059227
0.0621280925729
0.0638331264434
0.0656350469696
0.0675222703429
0.0694838332663
0.0715094411634
0.0735894838857
0.0757150276577
0.0778777906082
0.0800701077581
0.0822848899601
0.0845155800993
0.0867561088939
0.0890008518768
0.0912445885667
0.0934824644149
0.0957099558142
0.0979228382529
0.100117157555
0.102289204068
0.104435489601
0.106552726902
0.108637811446
0.110687805306
0.112699922912
0.114671518475
0.116600074916
0.118483194127
0.120318588403
0.122104072938
0.123837559237
0.125517049358
0.127140630886
0.128706472553
0.130212820437
0.13165799467
0.133040386608
0.1343584564
0.135610730929
0.136795802075
0.137912325271
0.138959018319
0.139934660451
0.140838091593
0.141668211839
0.142423981084
0.143104418837
0.143708604171
0.144235675813
0.144684832364
0.145055332632
0.145346496078
0.14555770337
0.145688397026
0.145738082162
0.145706327324
0.14559276541
0.145397094677
0.145119079838
0.144758553239
0.144315416127
0.143789640001
0.143181268068
0.142490416778
0.141717277474
0.140862118152
0.139925285332
0.138907206068
0.137808390102
0.136629432176
0.135371014531
0.134033909606
0.132618982985
0.131127196593
0.129559612221
0.127917395398
0.126201819682
0.124414271425
0.122556255114
0.12062939936
0.118635463654
0.116576346037
0.114454091826
0.112270903595
0.110029152639
0.107731392175
0.105380372625
0.102979059341
0.10053065323
0.0980386148365
0.0955066924955
0.0929389553348
0.090339832004
0.0877141561684
0.0850672199607
0.0824048367383
0.0797334146333
0.077060042467
0.0743925895791
0.0717398209037
0.0691115280688
0.0665186762055
0.0639735642125
0.0614899930455
0.059083431678
0.0567711631729
0.0545723834461
0.0525082129473
0.0506015680015
0.0488768274521
0.0473592279628
0.0460739371917
0.0450447976182
0.0442928088468
0.0438345119388
0.0436805250761
0.0438345119388
0.0442928088468
0.0450447976182
0.0460739371917
0.0473592279628
0.0488768274521
0.0506015680015
0.0525082129473
0.0545723834461
0.0567711631729
0.059083431678
0.0614899930455
0.0639735642125
0.0665186762055
0.0691115280688
0.0717398209037
0.0743925895791
0.077060042467
0.0797334146333
0.0824048367383
0.0850672199607
0.0877141561684
0.090339832004
0.0929389553348
0.0955066924955
0.0980386148365
0.10053065323
0.102979059341
0.105380372625
0.107731392175
0.110029152639
0.112270903595
0.114454091826
0.116576346037
0.118635463654
0.12062939936
0.122556255114
0.124414271425
0.126201819682
0.127917395398
0.129559612221
0.131127196593
0.132618982985
0.134033909606
0.135371014531
0.136629432176
0.137808390102
0.138907206068
0.139925285332
0.140862118152
0.141717277474
0.142490416778
0.143181268068
0.143789640001
0.144315416127
0.144758553239
0.145119079838
0.145397094677
0.14559276541
0.145706327324
0.145738082162
0.145688397026
0.14555770337
0.145346496078
0.145055332632
0.144684832364
0.144235675813
0.143708604171
0.143104418837
0.142423981084
0.141668211839
0.140838091593
0.139934660451
0.138959018319
0.137912325271
0.136795802075
0.135610730929
0.1343584564
0.133040386608
0.13165799467
0.130212820437
0.128706472553
0.127140630886
0.125517049358
0.123837559237
0.122104072938
0.120318588403
0.118483194127
0.116600074916
0.114671518475
0.112699922912
0.110687805306
0.108637811446
0.106552726902
0.104435489601
0.102289204068
0.100117157555
0.0979228382529
0.0957099558142
0.0934824644149
0.0912445885667
0.0890008518768
0.0867561088939
0.0845155800993
0.0822848899601
0.0800701077581
0.0778777906082
0.0757150276577
0.0735894838857
0.0715094411634
0.0694838332663
0.0675222703429
0.0656350469696
0.0638331264434
0.0621280925729
0.060532059227
0.0590575277469
0.0577171835997
0.0565236269814
0.0554890379407
0.0546247850732
0.0539409972565
0.0534461286397
0.0531465556744
