0.0352109338992
0.0678538156502
0.0357355417663
0.0363795934361
0.0372606177781
0.0383604006356
0.0396584025283
0.0411331092109
0.042763125467
0.0445279591906
0.0464085117805
0.0483873281948
0.0504486711151
0.0525784787249
0.0547642536249
0.0569949172354
0.0592606525788
0.0615527495313
0.0638634604184
0.0661858697202
0.0685137790864
0.0708416073737
0.0731643046208
0.0754772785225
0.0777763318659
0.0800576094398
0.082317553051
0.0845528634313
0.0867604679787
0.0889374934238
0.0910812426524
0.0931891750302
0.0952588896849
0.0972881112831
0.0992746779195
0.101216530794
0.103111705408
0.104958324054
0.106754589403
0.108498779041
0.11018924081
0.11182438884
0.113402700187
0.114922711984
0.116383019041
0.117782271835
0.119119174842
0.120392485165
0.121601011424
0.122743612874
0.123819198728
0.124826727659
0.125765207461
0.126633694853
0.127431295413
0.128157163619
0.128810503006
0.129390566402
0.129896656259
0.130328125061
0.130684375796
0.130964862501
0.131169090866
0.131296618891
0.131347057599
0.131320071803
0.13121538091
0.131032759786
0.130772039651
0.13043310903
0.130015914743
0.129520462939
0.128946820181
0.128295114574
0.127565536948
0.126758342099
0.125873850084
0.124912447591
0.123874589381
0.12276079982
0.121571674509
0.120307882027
0.118970165812
0.117559346196
0.116076322627
0.114522076099
0.112897671852
0.11120426237
0.109443090736
0.107615494435
0.105722909658
0.10376687624
0.101749043334
0.0996711759889
0.097535162807
0.095343024914
0.0930969265203
0.0907991874169
0.0884522978333
0.086058936186
0.0836219903728
0.0811445834357
0.0786301046139
0.0760822470743
0.0735050539269
0.0709029745488
0.0682809337443
0.0656444169028
0.0629995750646
0.0603533546865
0.0577136578497
0.0550895395679
0.0524914494637
0.0499315248643
0.0474239403501
0.0449853132638
0.0426351528697
0.0403963186123
0.0382954151224
0.036362994118
0.0346333587343
0.0331436945473
0.0319322360777
0.0310353038366
0.0304833913558
0.0302970036609
0.0304833913558
0.0310353038366
0.0319322360777
0.0331436945473
0.0346333587343
0.036362994118
0.0382954151224
0.0403963186123
0.0426351528697
0.0449853132638
0.0474239403501
0.0499315248643
0.0524914494637
0.0550895395679
0.0577136578497
0.0603533546865
0.0629995750646
0.0656444169028
0.0682809337443
0.0709029745488
0.0735050539269
0.0760822470743
0.0786301046139
0.0811445834357
0.0836219903728
0.086058936186
0.0884522978333
0.0907991874169
0.0930969265203
0.095343024914
0.097535162807
0.0996711759889
0.101749043334
0.10376687624
0.105722909658
0.107615494435
0.109443090736
0.11120426237
0.112897671852
0.114522076099
0.116076322627
0.117559346196
0.118970165812
0.120307882027
0.121571674509
0.12276079982
0.123874589381
0.124912447591
0.125873850084
0.126758342099
0.127565536948
0.128295114574
0.128946820181
0.129520462939
0.130015914743
0.13043310903
0.130772039651
0.131032759786
0.13121538091
0.131320071803
0.131347057599
0.131296618891
0.131169090866
0.130964862501
0.130684375796
0.130328125061
0.129896656259
0.129390566402
0.128810503006
0.128157163619
0.127431295413
0.126633694853
0.125765207461
0.124826727659
0.123819198728
0.122743612874
0.121601011424
0.120392485165
0.119119174842
0.117782271835
0.116383019041
0.114922711984
0.113402700187
0.11182438884
0.11018924081
0.108498779041
0.106754589403
0.104958324054
0.103111705408
0.101216530794
0.0992746779195
0.0972881112831
0.0952588896849
0.0931891750302
0.0910812426524
0.0889374934238
0.0867604679787
0.0845528634313
0.082317553051
0.0800576094398
0.0777763318659
0.0754772785225
0.0731643046208
0.0708416073737
0.0685137790864
0.0661858697202
0.0638634604184
0.0615527495313
0.0592606525788
0.0569949172354
0.0547642536249
0.0525784787249
0.0504486711151
0.0483873281948
0.0464085117805
0.0445279591906
0.042763125467
0.0411331092109
0.0396584025283
0.0383604006356
0.0372606177781
0.0363795934361
0.0357355417663
0.0353428894824
