0.00571925460952
0.176137727902
0.0073277481689
0.00893773217853
0.0107916868325
0.0127806052426
0.0148467162996
0.0169579511002
0.0190952924123
0.0212466758363
0.0234039446069
0.0255612514958
0.0277141771202
0.0298592206347
0.0319934932577
0.0341145271011
0.0362201521068
0.038308414611
0.040377522137
0.0424258051698
0.0444516901977
0.0464536803932
0.048430341579
0.0503802919146
0.0523021942472
0.054194750397
0.0560566968689
0.0578868016272
0.059683861672
0.061446701229
0.0631741704092
0.0648651442372
0.066518521965
0.0681332266157
0.0697082047062
0.071242426117
0.0727348840791
0.0741845952559
0.0755905999042
0.0769519620989
0.0782677700108
0.0795371362286
0.0807591981173
0.0819331182077
0.0830580846112
0.0841333114559
0.0851580393413
0.0861315358072
0.087053095816
0.0879220422446
0.0887377263851
0.0894995284518
0.090206858094
0.0908591549121
0.0914558889762
0.0919965613467
0.0924807045943
0.0929078833195
0.0932776946703
0.093589768857
0.0938437696627
0.0940393949489
0.0941763771559
0.0942544837947
0.0942735179326
0.0942333186683
0.0941337615977
0.0939747592683
0.0937562616215
0.0934782564211
0.0931407696678
0.0927438659982
0.0922876490671
0.0917722619121
0.0911978872995
0.0905647480509
0.0898731073487
0.0891232690206
0.0883155778012
0.0874504195712
0.0865282215731
0.0855494526028
0.0845146231775
0.0834242856796
0.0822790344772
0.0810795060229
0.0798263789302
0.0785203740322
0.0771622544232
0.0757528254879
0.0742929349233
0.0727834727587
0.0712253713839
0.0696196055937
0.0679671926655
0.0662691924846
0.0645267077431
0.062740884239
0.0609129113168
0.0590440224976
0.0571354963674
0.0551886578104
0.0532048797077
0.0511855852619
0.04913225117
0.0470464119533
0.0449296658786
0.0427836830949
0.040610216891
0.0384111194203
0.0361883639241
0.0339440765992
0.0316805830915
0.0294004777266
0.027106729097
0.0248028456594
0.0224931440487
0.0201832006383
0.0178806458495
0.0155966349446
0.0133487362739
0.0111669806047
0.00910732802394
0.00728231235131
0.00592043371333
0.00539002747029
0.00592043371334
0.00728231235131
0.00910732802394
0.0111669806047
0.0133487362739
0.0155966349446
0.0178806458495
0.0201832006383
0.0224931440487
0.0248028456594
0.027106729097
0.0294004777266
0.0316805830915
0.0339440765992
0.0361883639241
0.0384111194203
0.040610216891
0.0427836830949
0.0449296658786
0.0470464119533
0.04913225117
0.0511855852619
0.0532048797077
0.0551886578104
0.0571354963674
0.0590440224976
0.0609129113168
0.062740884239
0.0645267077431
0.0662691924846
0.0679671926655
0.0696196055937
0.0712253713839
0.0727834727587
0.0742929349233
0.0757528254879
0.0771622544232
0.0785203740322
0.0798263789302
0.0810795060229
0.0822790344772
0.0834242856796
0.0845146231775
0.0855494526028
0.0865282215731
0.0874504195712
0.0883155778012
0.0891232690206
0.0898731073487
0.0905647480509
0.0911978872995
0.0917722619121
0.0922876490671
0.0927438659982
0.0931407696678
0.0934782564211
0.0937562616215
0.0939747592683
0.0941337615977
0.0942333186683
0.0942735179326
0.0942544837947
0.0941763771559
0.0940393949489
0.0938437696627
0.093589768857
0.0932776946703
0.0929078833195
0.0924807045943
0.0919965613467
0.0914558889762
0.0908591549121
0.090206858094
0.0894995284518
0.0887377263851
0.0879220422446
0.087053095816
0.0861315358072
0.0851580393413
0.0841333114559
0.0830580846112
0.0819331182077
0.0807591981173
0.0795371362286
0.0782677700108
0.0769519620989
0.0755905999042
0.0741845952559
0.0727348840791
0.071242426117
0.0697082047062
0.0681332266157
0.066518521965
0.0648651442371
0.0631741704092
0.061446701229
0.059683861672
0.0578868016272
0.0560566968689
0.054194750397
0.0523021942472
0.0503802919146
0.048430341579
0.0464536803932
0.0444516901977
0.0424258051698
0.040377522137
0.038308414611
0.0362201521068
0.0341145271011
0.0319934932577
0.0298592206347
0.0277141771202
0.0255612514958
0.0234039446069
0.0212466758363
0.0190952924123
0.0169579511002
0.0148467162996
0.0127806052426
0.0107916868325
0.00893773217853
0.0073277481689
0.00616112035878
