0.0253067367779
0.355302074444
0.0255427562522
0.0258342351759
0.0262359234632
0.026741933062
0.0273453172903
0.0280384173772
0.0288131876553
0.0296614760295
0.0305752479352
0.0315467517736
0.0325686305742
0.033633988336
0.034736420759
0.0358700197127
0.0370293595422
0.0382094717441
0.0394058129748
0.0406142299877
0.0418309239737
0.0430524159225
0.0442755139852
0.0454972833724
0.046715019014
0.047926221004
0.0491285727313
0.0503199215223
0.051498261587
0.052661719045
0.0538085388119
0.0549370731349
0.056045771585
0.0571331723278
0.0581978945151
0.0592386316569
0.06025414585
0.0612432627537
0.0622048672186
0.0631378994846
0.0640413518774
0.0649142659396
0.0657557299422
0.0665648767299
0.0673408818593
0.0680829619926
0.0687903735183
0.0694624113704
0.0700984080223
0.0706977326369
0.0712597903529
0.0717840216932
0.0722699020813
0.0727169414541
0.0731246839608
0.0734927077386
0.0738206247579
0.0741080807297
0.07435475507
0.0745603609159
0.0747246451881
0.0748473886983
0.0749284062972
0.07496754706
0.0749646945094
0.0749197668742
0.0748327173814
0.0747035345839
0.0745322427226
0.0743189021239
0.0740636096352
0.0737664990993
0.0734277418715
0.073047547383
0.072626163754
0.0721638784635
0.0716610190814
0.0711179540715
0.0705350936724
0.0699128908709
0.0692518424761
0.0685524903124
0.0678154225467
0.0670412751701
0.0662307336581
0.0653845348355
0.0645034689782
0.0635883821882
0.0626401790857
0.0616598258668
0.0606483537866
0.0596068631353
0.0585365277857
0.0574386004066
0.0563144184482
0.0551654110263
0.0539931068509
0.0527991433682
0.0515852773122
0.0503533968899
0.0491055358552
0.0478438897623
0.0465708347161
0.0452889489722
0.0440010377511
0.0427101616376
0.0414196689023
0.0401332320043
0.0388548883728
0.0375890852874
0.0363407282275
0.035115231367
0.0339185678724
0.0327573162301
0.0316386969076
0.0305705912423
0.0295615316608
0.0286206495516
0.0277575650676
0.0269822030395
0.0263045226292
0.0257341569793
0.0252799737489
0.0249495869529
0.0247488708937
0.0246815414196
0.0247488708937
0.0249495869529
0.0252799737489
0.0257341569793
0.0263045226292
0.0269822030395
0.0277575650676
0.0286206495516
0.0295615316608
0.0305705912423
0.0316386969076
0.0327573162301
0.0339185678724
0.035115231367
0.0363407282275
0.0375890852874
0.0388548883728
0.0401332320043
0.0414196689023
0.0427101616376
0.0440010377511
0.0452889489722
0.0465708347161
0.0478438897623
0.0491055358552
0.0503533968899
0.0515852773122
0.0527991433682
0.0539931068509
0.0551654110263
0.0563144184482
0.0574386004066
0.0585365277857
0.0596068631353
0.0606483537866
0.0616598258668
0.0626401790857
0.0635883821882
0.0645034689782
0.0653845348355
0.0662307336581
0.0670412751701
0.0678154225467
0.0685524903124
0.0692518424761
0.0699128908709
0.0705350936724
0.0711179540715
0.0716610190814
0.0721638784635
0.072626163754
0.073047547383
0.0734277418715
0.0737664990993
0.0740636096352
0.0743189021239
0.0745322427226
0.0747035345839
0.0748327173814
0.0749197668742
0.0749646945094
0.07496754706
0.0749284062972
0.0748473886983
0.0747246451881
0.0745603609159
0.07435475507
0.0741080807297
0.0738206247579
0.0734927077386
0.0731246839608
0.0727169414541
0.0722699020813
0.0717840216932
0.0712597903529
0.0706977326369
0.0700984080223
0.0694624113704
0.0687903735183
0.0680829619926
0.0673408818593
0.0665648767299
0.0657557299422
0.0649142659396
0.0640413518774
0.0631378994846
0.0622048672186
0.0612432627537
0.06025414585
0.0592386316569
0.0581978945151
0.0571331723278
0.056045771585
0.0549370731348
0.0538085388119
0.052661719045
0.051498261587
0.0503199215223
0.0491285727313
0.047926221004
0.046715019014
0.0454972833724
0.0442755139852
0.0430524159225
0.0418309239737
0.0406142299877
0.0394058129748
0.0382094717441
0.0370293595422
0.0358700197127
0.034736420759
0.0336339883359
0.0325686305742
0.0315467517736
0.0305752479352
0.0296614760295
0.0288131876553
0.0280384173772
0.0273453172903
0.026741933062
0.0262359234632
0.0258342351759
0.0255427562522
0.025365982409
