2.007475977656162591e+00 -2.545523650758561018e-01
9.931832723999995949e-01 -1.442193891290837471e-01
9.739311918025405079e-01 -1.578762271164589059e-01
9.489198269244732975e-01 -1.693513706105259364e-01
9.177723012789945622e-01 -1.764211152963298390e-01
8.809821262633547034e-01 -1.762472020955195284e-01
8.404333398875241112e-01 -1.657373915939776843e-01
7.997699128176570804e-01 -1.423323080540569163e-01
7.642450972061313186e-01 -1.051498673843378473e-01
7.397258986669716929e-01 -5.606332565167480159e-02
7.309433736306174545e-01 4.759647537211364465e-16
7.397258986669709158e-01 5.606332565167460730e-02
7.642450972061314296e-01 1.051498673843382220e-01
7.997699128176569694e-01 1.423323080540572216e-01
8.404333398875243333e-01 1.657373915939780451e-01
8.809821262633540373e-01 1.762472020955198060e-01
9.177723012789947843e-01 1.764211152963298945e-01
9.489198269244732975e-01 1.693513706105260475e-01
9.739311918025419512e-01 1.578762271164584063e-01
9.931832723999999279e-01 1.442193891290839414e-01
2.038669668103147536e+00 -2.785337968161075151e-01
1.010568804492981032e+00 -1.608242407169416244e-01
9.907478022397252504e-01 -1.806385930689088648e-01
9.631698416842191524e-01 -1.993208600594158775e-01
9.265282576909784629e-01 -2.140359313910996930e-01
8.804825116694809939e-01 -2.206588883715260574e-01
8.266725685621071351e-01 -2.140420599862073447e-01
7.697644734564850211e-01 -1.891156949797412057e-01
7.177757561407526188e-01 -1.429865458286952717e-01
6.807036502104887310e-01 -7.740905104090095579e-02
6.671933223809113356e-01 -8.370040771588094231e-17
6.807036502104883979e-01 7.740905104090087252e-02
7.177757561407525078e-01 1.429865458286956603e-01
7.697644734564855762e-01 1.891156949797418718e-01
8.266725685621071351e-01 2.140420599862073725e-01
8.804825116694804388e-01 2.206588883715263349e-01
9.265282576909782408e-01 2.140359313911000538e-01
9.631698416842195964e-01 1.993208600594160163e-01
9.907478022397256945e-01 1.806385930689090868e-01
1.010568804492981032e+00 1.608242407169414578e-01
2.079070046942655292e+00 -2.997782758601623687e-01
1.034289029994026388e+00 -1.764682863318024209e-01
1.015648726991677409e+00 -2.039989973579625082e-01
9.870990188874237958e-01 -2.325470454446737778e-01
9.457505189664738854e-01 -2.588899966332969260e-01
8.894072245521538189e-01 -2.774402320371245900e-01
8.183133193926972471e-01 -2.799853157263310077e-01
7.376194255270197564e-01 -2.568342284891393934e-01
6.592952867191075317e-01 -2.004029419395179368e-01
6.008690047486519026e-01 -1.108204210183609401e-01
5.790548128369118475e-01 4.792173602385929598e-17
6.008690047486523467e-01 1.108204210183606486e-01
6.592952867191076427e-01 2.004029419395180478e-01
7.376194255270200895e-01 2.568342284891395599e-01
8.183133193926972471e-01 2.799853157263312853e-01
8.894072245521541520e-01 2.774402320371249786e-01
9.457505189664739964e-01 2.588899966332970370e-01
9.870990188874239069e-01 2.325470454446737223e-01
1.015648726991677409e+00 2.039989973579630078e-01
1.034289029994026610e+00 1.764682863318025041e-01
2.129554369896455412e+00 -3.151465275306602476e-01
1.065372171209130192e+00 -1.890028662317902175e-01
1.050812603253450828e+00 -2.255038048273229623e-01
1.024603442081834848e+00 -2.667296085441387965e-01
9.815155179740510105e-01 -3.098239040938117750e-01
9.158605390988138195e-01 -3.481710909956625133e-01
8.239403207158868536e-01 -3.696458266243604074e-01
7.090233785891087992e-01 -3.565580866914836999e-01
5.876263001784682860e-01 -2.907249285921568172e-01
4.910371170654098671e-01 -1.657616841957892106e-01
4.536800361897752043e-01 -3.369700352084947781e-16
4.910371170654095341e-01 1.657616841957884335e-01
5.876263001784678419e-01 2.907249285921565396e-01
7.090233785891082441e-01 3.565580866914835889e-01
8.239403207158866316e-01 3.696458266243604629e-01
9.158605390988129313e-01 3.481710909956634015e-01
9.815155179740508995e-01 3.098239040938123856e-01
1.024603442081835514e+00 2.667296085441394071e-01
1.050812603253450384e+00 2.255038048273233509e-01
1.065372171209130414e+00 1.890028662317904673e-01
2.189949582752019897e+00 -3.205138985030946963e-01
1.104179696139901967e+00 -1.953402331701225569e-01
1.097939025160217907e+00 -2.410363176117070183e-01
1.079841692823687582e+00 -2.969503079386139333e-01
1.041908120692518702e+00 -3.621932129093090591e-01
9.730050075552238997e-01 -4.310590622395479854e-01
8.608610106599963174e-01 -4.882632084512829040e-01
6.999691576686752903e-01 -5.041370610778690420e-01
5.078099516989115214e-01 -4.377867789868133408e-01
3.394828619968385253e-01 -2.613323997171974611e-01
2.707727952519217163e-01 -4.746637111141538412e-16
3.394828619968371930e-01 2.613323997171963509e-01
5.078099516989100781e-01 4.377867789868132298e-01
6.999691576686745131e-01 5.041370610778695971e-01
8.608610106599968725e-01 4.882632084512838477e-01
9.730050075552235667e-01 4.310590622395486515e-01
1.041908120692519590e+00 3.621932129093093922e-01
1.079841692823688026e+00 2.969503079386141553e-01
1.097939025160218574e+00 2.410363176117074346e-01
1.104179696139902633e+00 1.953402331701228067e-01
2.258302603325534896e+00 -3.110939837227315041e-01
1.149713299373991360e+00 -1.915971166416189087e-01
1.157100439453164542e+00 -2.446148514406674135e-01
1.155638066607932002e+00 -3.145543759476759904e-01
1.135559136554081361e+00 -4.048921166938904137e-01
1.079664054998977551e+00 -5.152430060594717087e-01
9.613847396237408249e-01 -6.327703950410134004e-01
7.513033336401462314e-01 -7.162173811320412531e-01
4.475160952608393528e-01 -6.831362062207769759e-01
1.382396339498600246e-01 -4.327569750097905454e-01
1.154886190812588753e-03 1.374768354711619622e-16
1.382396339498597193e-01 4.327569750097890466e-01
4.475160952608373544e-01 6.831362062207769759e-01
7.513033336401454543e-01 7.162173811320428074e-01
9.613847396237410470e-01 6.327703950410143996e-01
1.079664054998977107e+00 5.152430060594731520e-01
1.135559136554081361e+00 4.048921166938906913e-01
1.155638066607932668e+00 3.145543759476759904e-01
1.157100439453164542e+00 2.446148514406673857e-01
1.149713299373991804e+00 1.915971166416189364e-01
2.330204220617824173e+00 -2.822908347523860884e-01
1.198855930865427855e+00 -1.737598256987397394e-01
1.225097054662328766e+00 -2.290221991162909587e-01
1.250337936824195362e+00 -3.070003718962304173e-01
1.266684253186561637e+00 -4.174143496324156377e-01
1.255407313110258105e+00 -5.710653972785256771e-01
1.175847828563155506e+00 -7.711700846152291788e-01
9.402328371324373268e-01 -1.020043637024926619e+00
-8.837989113516421394e-04 -2.425300029212963671e-04
-1.046871528133797328e-03 6.064483245981928256e-06
-1.053648289612817580e-03 -1.418136441611039800e-16
-1.046871528133514351e-03 -6.064483245908636189e-06
-8.837989113525327031e-04 2.425300029214355786e-04
9.402328371324382150e-01 1.020043637024927952e+00
1.175847828563155506e+00 7.711700846152300670e-01
1.255407313110258993e+00 5.710653972785266763e-01
1.266684253186561637e+00 4.174143496324155822e-01
1.250337936824195362e+00 3.070003718962305839e-01
1.225097054662328766e+00 2.290221991162910975e-01
1.198855930865427633e+00 1.737598256987399337e-01
2.398578535612773344e+00 -2.311279328497118923e-01
1.245977061727387536e+00 -1.390236245912159774e-01
1.293977343418041048e+00 -1.879307306009344036e-01
1.353651588675302664e+00 -2.606221342216235581e-01
1.425201249507646928e+00 -3.712465578603696970e-01
1.501308212905184680e+00 -5.419440180940631180e-01
1.556138659983744121e+00 -8.176201322921942127e-01
-1.015745039162638166e-03 -4.723690633896479585e-05
-1.051932022396883824e-03 2.031928615165226604e-08
-1.052021826792324697e-03 -3.089199972217127055e-10
-1.052021522851852731e-03 -4.336808689942017736e-17
-1.052021826792691158e-03 3.089197829833634223e-10
-1.051932022397319240e-03 -2.031928714348041343e-08
-1.015745039163015902e-03 4.723690633746122428e-05
1.556138659983743677e+00 8.176201322921970993e-01
1.501308212905185568e+00 5.419440180940641172e-01
1.425201249507648260e+00 3.712465578603704741e-01
1.353651588675303774e+00 2.606221342216242243e-01
1.293977343418041048e+00 1.879307306009340706e-01
1.245977061727387980e+00 1.390236245912161994e-01
2.454438952092528492e+00 -1.579415521354370355e-01
1.283534233429833415e+00 -8.754573246499969263e-02
1.351223637044246306e+00 -1.195313686759646998e-01
1.444584445877026946e+00 -1.678908802570979741e-01
1.576427825699041607e+00 -2.429987035511231575e-01
1.762956573079146771e+00 -3.623526566050683795e-01
-6.498853798188226633e-04 -4.211889152367755476e-04
-1.052114928849634187e-03 -8.794945757046798707e-08
-1.052021463532426841e-03 -9.627714424309541386e-12
-1.052021466851805250e-03 -1.226883178384596818e-15
-1.052021466851668424e-03 2.862293735361731706e-17
-1.052021466851912586e-03 1.119764003743028979e-15
-1.052021463532685965e-03 9.627112908944246428e-12
-1.052114928849703793e-03 8.794945663588571438e-08
-6.498853798188105203e-04 4.211889152356228239e-04
1.762956573079148548e+00 3.623526566050683795e-01
1.576427825699042939e+00 2.429987035511229354e-01
1.444584445877027390e+00 1.678908802570976411e-01
1.351223637044245862e+00 1.195313686759649358e-01
1.283534233429833860e+00 8.754573246499945671e-02
2.488842899031352918e+00 -6.756868882881801597e-02
1.304044570318196428e+00 -2.371322509755714389e-02
1.383121425404086002e+00 -2.996138197152399887e-02
1.496622577190926506e+00 -3.668077245570052630e-02
1.666026151133701561e+00 -3.959800318885085130e-02
1.933452695461804538e+00 -2.817383476285337252e-02
-1.078525457633435587e-03 -2.489344451279181664e-06
-1.052020567126320163e-03 -1.323751624808522376e-10
-1.052021466851005326e-03 -1.848347863653287959e-15
-1.052021466851961809e-03 -3.070460552478948557e-16
-1.052021466852164555e-03 -2.038300084272748336e-16
-1.052021466851832572e-03 -1.864827736675067626e-16
-1.052021466851062572e-03 9.783840404509192012e-16
-1.052020567126318428e-03 1.323744356317158033e-10
-1.078525457633283582e-03 2.489344450699350342e-06
1.933452695461806092e+00 2.817383476285316782e-02
1.666026151133702449e+00 3.959800318885001863e-02
1.496622577190926950e+00 3.668077245570035283e-02
1.383121425404087113e+00 2.996138197152382887e-02
1.304044570318196650e+00 2.371322509755701899e-02
1.246337655646129194e+00 3.089391751886347640e-02
1.302869140522053604e+00 4.424034374715588025e-02
1.380730545163020073e+00 6.662730372405809010e-02
1.491262642802799743e+00 1.071211518259436168e-01
1.652361038160621742e+00 1.877231618780487166e-01
1.682442072118937482e+00 5.613226152200455621e-01
-1.043577799613739981e-03 4.274870189779900187e-08
-1.052021342590756317e-03 8.393034531262166809e-13
-1.052021466851959207e-03 -2.857956926671789688e-16
-1.052021466851692493e-03 -3.269953752216281373e-16
-1.052021466851751474e-03 -1.322726650432315409e-16
-1.052021466851820646e-03 -1.457167719820517959e-16
-1.052021466851889167e-03 -1.821459649775647449e-16
-1.052021342590375762e-03 -8.401608402042182178e-13
-1.043577799613267486e-03 -4.274870241821604466e-08
1.986199891069092560e+00 -2.867463689714720987e-01
1.652361038160622186e+00 -1.877231618780496603e-01
1.491262642802799965e+00 -1.071211518259442275e-01
1.380730545163020961e+00 -6.662730372405821500e-02
1.302869140522054048e+00 -4.424034374715656026e-02
1.231461312592319057e+00 7.726074726097384437e-02
1.280257584445568808e+00 1.066384403933269137e-01
1.344686692014181562e+00 1.530073932478819565e-01
1.430337621751503363e+00 2.305220043896148985e-01
1.541628208880602591e+00 3.696476723693978284e-01
1.658903984084806327e+00 6.433663014926066515e-01
-1.078484505993869847e-03 2.222479637570620725e-06
-1.052020572366449674e-03 1.427710462874320907e-10
-1.052021466851479339e-03 9.740472317609771835e-16
-1.052021466852084107e-03 -2.263814136149733258e-16
-1.052021466852081505e-03 -2.558717127065790464e-16
-1.052021466851753859e-03 -1.205632815803880931e-16
-1.052021466851202867e-03 -1.096778917686336285e-15
-1.052020572365947905e-03 -1.427714491769593863e-10
-1.078484505993450911e-03 -2.222479638455763379e-06
1.658903984084805883e+00 -6.433663014926076507e-01
1.541628208880601703e+00 -3.696476723693989386e-01
1.430337621751503363e+00 -2.305220043896146487e-01
1.344686692014182228e+00 -1.530073932478823728e-01
1.280257584445569474e+00 -1.066384403933274272e-01
1.205065158578051410e+00 1.155100547035090991e-01
1.241237289252196563e+00 1.556244866539752136e-01
1.284853398848874395e+00 2.160552403705338631e-01
1.334753408002833819e+00 3.107772588755330356e-01
1.382397207780572401e+00 4.659122560516810174e-01
1.392456124175410315e+00 7.310383261350718032e-01
-6.536877440584953902e-04 4.201551382549116066e-04
-1.052115183262914561e-03 8.653091353519326567e-08
-1.052021463663370491e-03 9.565379738285528788e-12
-1.052021466852378143e-03 9.098624631498353210e-16
-1.052021466852246087e-03 -6.071532165918824830e-17
-1.052021466852110128e-03 -1.076395916843608802e-15
-1.052021463662890840e-03 -9.565515046716654979e-12
-1.052115183262484349e-03 -8.653091352218283960e-08
-6.536877440573049362e-04 -4.201551382547793340e-04
1.392456124175410759e+00 -7.310383261350728024e-01
1.382397207780572179e+00 -4.659122560516818501e-01
1.334753408002833375e+00 -3.107772588755334797e-01
1.284853398848873729e+00 -2.160552403705341962e-01
1.241237289252196119e+00 -1.556244866539756022e-01
1.171512774615576458e+00 1.428101638088214720e-01
1.193426672393951726e+00 1.873745904168649945e-01
1.215127119449970650e+00 2.510628573685702580e-01
1.230986099343058138e+00 3.439590335020961676e-01
1.226713999797748533e+00 4.814948344946344827e-01
1.167128109909886469e+00 6.848306956736542883e-01
9.504956961556099149e-01 1.008395302822628459e+00
-1.016290209348690715e-03 4.715157595208251812e-05
-1.051932703274268896e-03 -1.956207742580956532e-08
-1.052021823906098500e-03 3.038153444101521217e-10
-1.052021522135651328e-03 -6.071532165918824830e-17
-1.052021823905959289e-03 -3.038157000284646969e-10
-1.051932703274178690e-03 1.956207723629102557e-08
-1.016290209348597040e-03 -4.715157595157207573e-05
9.504956961556078054e-01 -1.008395302822630457e+00
1.167128109909886025e+00 -6.848306956736556206e-01
1.226713999797748311e+00 -4.814948344946352043e-01
1.230986099343057472e+00 -3.439590335020964451e-01
1.215127119449971316e+00 -2.510628573685706466e-01
1.193426672393950838e+00 -1.873745904168656051e-01
1.135425624830865843e+00 1.586636953174133668e-01
1.144267088094823359e+00 2.022473287603587244e-01
1.147617375932867168e+00 2.609908811260209793e-01
1.138482974677346160e+00 3.402282119720708153e-01
1.103329799192003025e+00 4.456387023425674720e-01
1.017106021323542331e+00 5.796692855287712831e-01
8.377354790196751555e-01 7.308761075025590470e-01
5.163166496730565713e-01 8.313882730740348448e-01
-8.855657566712114154e-04 2.409895670255624012e-04
-1.046899305575087376e-03 -5.995122340372166514e-06
-1.053633874369236736e-03 -2.949029909160572061e-17
-1.046899305574972017e-03 5.995122339944557177e-06
-8.855657566710787090e-04 -2.409895670255012522e-04
5.163166496730559052e-01 -8.313882730740347338e-01
8.377354790196738232e-01 -7.308761075025602683e-01
1.017106021323542553e+00 -5.796692855287723933e-01
1.103329799192003247e+00 -4.456387023425681382e-01
1.138482974677346160e+00 -3.402282119720710374e-01
1.147617375932867834e+00 -2.609908811260211459e-01
1.144267088094823359e+00 -2.022473287603592795e-01
1.100591710581580340e+00 1.643891900408851470e-01
1.099168148023496494e+00 2.033797855896040951e-01
1.089676802924128385e+00 2.527583874537150943e-01
1.065897083848143412e+00 3.141406929447198015e-01
1.017926707979332379e+00 3.872860451548009175e-01
9.313891549205752796e-01 4.668463908556453879e-01
7.892796720091062035e-01 5.365577736179790724e-01
5.814860519855705734e-01 5.625560746269548940e-01
3.273716890770045351e-01 4.957507942941607459e-01
1.004482834458481355e-01 3.019158480969772462e-01
1.541667956354471347e-03 -3.816391647148975608e-17
1.004482834458478580e-01 -3.019158480969758029e-01
3.273716890770030363e-01 -4.957507942941604684e-01
5.814860519855700183e-01 -5.625560746269551160e-01
7.892796720091053153e-01 -5.365577736179796275e-01
9.313891549205745024e-01 -4.668463908556461095e-01
1.017926707979332601e+00 -3.872860451548010285e-01
1.065897083848143856e+00 -3.141406929447201346e-01
1.089676802924128607e+00 -2.527583874537157604e-01
1.099168148023496050e+00 -2.033797855896046780e-01
1.069474460835379670e+00 1.622626857048932725e-01
1.061021724582769332e+00 1.949229026231676098e-01
1.044009285709727397e+00 2.337015212164881006e-01
1.013837208288625780e+00 2.780241737222411413e-01
9.643886657831660658e-01 3.251240011171110389e-01
8.887706587593988683e-01 3.681680126930437780e-01
7.820443219546944214e-01 3.941248118711002113e-01
6.471496213394969388e-01 3.833334766375947611e-01
5.029359872312154645e-01 3.148416621276231564e-01
3.869861133798285224e-01 1.804236261824839760e-01
3.418621332744932739e-01 4.701100619897147226e-16
3.869861133798285779e-01 -1.804236261824833654e-01
5.029359872312152424e-01 -3.148416621276228233e-01
6.471496213394964947e-01 -3.833334766375947611e-01
7.820443219546941993e-01 -3.941248118711002113e-01
8.887706587593988683e-01 -3.681680126930439445e-01
9.643886657831655107e-01 -3.251240011171112609e-01
1.013837208288626002e+00 -2.780241737222411968e-01
1.044009285709727397e+00 -2.337015212164882394e-01
1.061021724582769554e+00 -1.949229026231675266e-01
1.043251930522338000e+00 1.547476719316717431e-01
1.030658022249939076e+00 1.807601514049085867e-01
1.010242165474890763e+00 2.096631856846747355e-01
9.790217160866085955e-01 2.399250740648667946e-01
9.337290296420958091e-01 2.682608569698333723e-01
8.717674764814674626e-01 2.888385302332692750e-01
7.931531193902923160e-01 2.929126150562562092e-01
7.033560840737352882e-01 2.699518141627050838e-01
6.156484120053443698e-01 2.114749132564001100e-01
5.498873275704216912e-01 1.172576237395030335e-01
5.252634422099502487e-01 4.111294638065032814e-16
5.498873275704214691e-01 -1.172576237395025756e-01
6.156484120053440368e-01 -2.114749132563999989e-01
7.033560840737350661e-01 -2.699518141627053058e-01
7.931531193902912058e-01 -2.929126150562567088e-01
8.717674764814679067e-01 -2.888385302332694970e-01
9.337290296420952540e-01 -2.682608569698337608e-01
9.790217160866082624e-01 -2.399250740648667946e-01
1.010242165474890541e+00 -2.096631856846750408e-01
1.030658022249938854e+00 -1.807601514049090030e-01
1.022137069367490270e+00 1.440122508096649545e-01
1.007615559135675909e+00 1.639103935955151803e-01
9.865410078688922058e-01 1.845378402512030669e-01
9.571931700306834934e-01 2.041557511976424266e-01
9.181171510996479768e-01 2.198507784172682999e-01
8.688631702111601074e-01 2.273302958138582741e-01
8.110959441308751572e-01 2.211708156921891044e-01
7.497699649040537873e-01 1.959536659439867490e-01
6.935470261128646730e-01 1.484928461979923009e-01
6.533450957607722653e-01 8.051087750760549389e-02
6.386719522031172325e-01 4.640385298237958978e-16
6.533450957607728204e-01 -8.051087750760521633e-02
6.935470261128643399e-01 -1.484928461979921621e-01
7.497699649040537873e-01 -1.959536659439868322e-01
8.110959441308743800e-01 -2.211708156921893265e-01
8.688631702111599964e-01 -2.273302958138580798e-01
9.181171510996477547e-01 -2.198507784172687995e-01
9.571931700306824942e-01 -2.041557511976425376e-01
9.865410078688917617e-01 -1.845378402512031779e-01
1.007615559135675465e+00 -1.639103935955155966e-01
1.005753443776619571e+00 1.317294733249003424e-01
9.908198019019941460e-01 1.464330031688423073e-01
9.706944149208313055e-01 1.605665775026897668e-01
9.445163366285984630e-01 1.725480479524534039e-01
9.118576664773148099e-01 1.800938248246466700e-01
8.731986641278653982e-01 1.802658661020612174e-01
8.304885910684860484e-01 1.698356352445342388e-01
7.875561611974780662e-01 1.460990686033607766e-01
7.499698767359118667e-01 1.080795045597284232e-01
7.239864938889308821e-01 5.767639114325050220e-02
7.146715091242591411e-01 -2.428612866367529932e-17
7.239864938889306600e-01 -5.767639114324989158e-02
7.499698767359116447e-01 -1.080795045597281179e-01
7.875561611974780662e-01 -1.460990686033603603e-01
8.304885910684860484e-01 -1.698356352445344886e-01
8.731986641278655092e-01 -1.802658661020613007e-01
9.118576664773149210e-01 -1.800938248246466700e-01
9.445163366285981299e-01 -1.725480479524532651e-01
9.706944149208318606e-01 -1.605665775026906550e-01
9.908198019019942571e-01 -1.464330031688422795e-01
