-1.849626201117192004e+00 -2.018958517113929485e+00
-1.901063568154625960e+00 -1.814057902058173521e+00
-1.902971438320082198e+00 -1.615307135401197192e+00
-1.905416725124809085e+00 -1.416326005901988649e+00
-1.908423425669709017e+00 -1.216906132140426866e+00
-1.911932556592563781e+00 -1.016787910645751358e+00
-1.915757695435045704e+00 -8.156957861791485076e-01
-1.919556354056490388e+00 -6.134099228954768002e-01
-1.922848512347036909e+00 -4.098661463722766962e-01
-1.925107793629607489e+00 -2.052464164973231142e-01
-1.925914629038742110e+00 -4.190875077525468938e-16
-1.925107793629607489e+00 2.052464164973220040e-01
-1.922848512347036909e+00 4.098661463722758080e-01
-1.919556354056490388e+00 6.134099228954762451e-01
-1.915757695435045704e+00 8.156957861791476194e-01
-1.911932556592563781e+00 1.016787910645750248e+00
-1.908423425669709017e+00 1.216906132140425978e+00
-1.905416725124809085e+00 1.416326005901987983e+00
-1.902971438320081976e+00 1.615307135401196081e+00
-1.901063568154625960e+00 1.814057902058172411e+00
-1.647343784820216595e+00 -2.020773622442524786e+00
-1.699471559775350915e+00 -1.815733679764411246e+00
-1.701470222545538924e+00 -1.617567001576011076e+00
-1.704201138253355730e+00 -1.419257087457139521e+00
-1.707770167562615349e+00 -1.220533589642749384e+00
-1.712186809556569766e+00 -1.021014804465075310e+00
-1.717275329503852532e+00 -8.202381794777868773e-01
-1.722588929856300854e+00 -6.177636498958359867e-01
-1.727392297652645015e+00 -4.133586659478878378e-01
-1.730791465580238997e+00 -2.072064483725014894e-01
-1.732025269338031581e+00 -4.347325451015126932e-16
-1.730791465580239219e+00 2.072064483725003792e-01
-1.727392297652645237e+00 4.133586659478869496e-01
-1.722588929856300854e+00 6.177636498958353206e-01
-1.717275329503852532e+00 8.202381794777859891e-01
-1.712186809556569766e+00 1.021014804465074199e+00
-1.707770167562615349e+00 1.220533589642748717e+00
-1.704201138253355730e+00 1.419257087457138855e+00
-1.701470222545538924e+00 1.617567001576010188e+00
-1.699471559775350915e+00 1.815733679764410136e+00
-1.444378499742658084e+00 -2.022402237838382355e+00
-1.497277935842773688e+00 -1.817358486239155857e+00
-1.499217563650416141e+00 -1.619935729336862140e+00
-1.502108961388655128e+00 -1.422557897692162232e+00
-1.506201777413352039e+00 -1.224907825643127390e+00
-1.511665355362362018e+00 -1.026458096914594220e+00
-1.518430682320504044e+00 -8.264610635066377275e-01
-1.525980707736834807e+00 -6.240664494719083688e-01
-1.533205388416958748e+00 -4.186442285644771388e-01
-1.538538638670520875e+00 -2.102602817298233062e-01
-1.540518818291134906e+00 -4.493150643214427278e-16
-1.538538638670520653e+00 2.102602817298221960e-01
-1.533205388416958748e+00 4.186442285644761951e-01
-1.525980707736834807e+00 6.240664494719077027e-01
-1.518430682320504266e+00 8.264610635066368394e-01
-1.511665355362362018e+00 1.026458096914593110e+00
-1.506201777413352039e+00 1.224907825643126724e+00
-1.502108961388655128e+00 1.422557897692161566e+00
-1.499217563650416141e+00 1.619935729336861252e+00
-1.497277935842773688e+00 1.817358486239154747e+00
-1.240659565034144762e+00 -2.023615763747995011e+00
-1.294371761101976936e+00 -1.818741187765758216e+00
-1.295995457504301562e+00 -1.622205735661294668e+00
-1.298769827895906781e+00 -1.426052600549935878e+00
-1.303166485282827969e+00 -1.229979652069777440e+00
-1.309668681322418093e+00 -1.033338537026666781e+00
-1.318536459106326442e+00 -8.349997036888778812e-01
-1.329366664315028590e+00 -6.333866291955366767e-01
-1.340582405148887268e+00 -4.269581169318431013e-01
-1.349374795389655546e+00 -2.152666914043759594e-01
-1.352748237620728267e+00 -4.772007441977698821e-16
-1.349374795389655546e+00 2.152666914043747937e-01
-1.340582405148887268e+00 4.269581169318421576e-01
-1.329366664315028812e+00 6.333866291955360106e-01
-1.318536459106326442e+00 8.349997036888771040e-01
-1.309668681322418093e+00 1.033338537026665893e+00
-1.303166485282827969e+00 1.229979652069776552e+00
-1.298769827895906559e+00 1.426052600549935212e+00
-1.295995457504301562e+00 1.622205735661293780e+00
-1.294371761101976936e+00 1.818741187765757106e+00
-1.036190480128740488e+00 -2.024110771300764888e+00
-1.090694434745840713e+00 -1.819598804731700437e+00
-1.091613745380311862e+00 -1.624015141692049191e+00
-1.093765654177342617e+00 -1.429335972262013366e+00
-1.097904593964582176e+00 -1.235417713035021903e+00
-1.105033699512772305e+00 -1.041647225150811096e+00
-1.116174255736957832e+00 -8.465346952553770565e-01
-1.131617267779680303e+00 -6.473611662183453852e-01
-1.149533039961239567e+00 -4.405820588093463108e-01
-1.164885635382020723e+00 -2.239900899941198453e-01
-1.171077236366325769e+00 -4.875440329232816536e-16
-1.164885635382020723e+00 2.239900899941186518e-01
-1.149533039961239789e+00 4.405820588093454226e-01
-1.131617267779680525e+00 6.473611662183448301e-01
-1.116174255736957832e+00 8.465346952553762794e-01
-1.105033699512772305e+00 1.041647225150809986e+00
-1.097904593964582176e+00 1.235417713035021015e+00
-1.093765654177342617e+00 1.429335972262012699e+00
-1.091613745380311862e+00 1.624015141692048303e+00
-1.090694434745840713e+00 1.819598804731699326e+00
-8.311032069279919998e-01 -2.023530249727111929e+00
-8.863033998912568379e-01 -1.819561715878580399e+00
-8.860092614373937803e-01 -1.624816827884763226e+00
-8.867563883913763823e-01 -1.431657701273976846e+00
-8.895380933203732576e-01 -1.240338877893865543e+00
-8.960167960858098635e-01 -1.050685746351102789e+00
-9.086027329148013143e-01 -8.612917542730614828e-01
-9.296839001631242994e-01 -6.681489264590401156e-01
-9.587431745080832179e-01 -4.637488666095700984e-01
-9.871445777426761659e-01 -2.399840803953871005e-01
-9.998808952554103513e-01 -6.643557232122177364e-16
-9.871445777426761659e-01 2.399840803953858792e-01
-9.587431745080834400e-01 4.637488666095692103e-01
-9.296839001631242994e-01 6.681489264590396715e-01
-9.086027329148013143e-01 8.612917542730607057e-01
-8.960167960858098635e-01 1.050685746351101679e+00
-8.895380933203732576e-01 1.240338877893864655e+00
-8.867563883913762712e-01 1.431657701273976180e+00
-8.860092614373937803e-01 1.624816827884762338e+00
-8.863033998912567268e-01 1.819561715878579289e+00
-6.257104265396873366e-01 -2.021523458337068480e+00
-6.814482455247732329e-01 -1.818224067763409835e+00
-6.793987989765610802e-01 -1.623912907676077877e+00
-6.777496280208190615e-01 -1.431867430963999377e+00
-6.774484811151657571e-01 -1.242992251252674984e+00
-6.805576992346166199e-01 -1.058206622625759818e+00
-6.911988178341317290e-01 -8.775087897379088009e-01
-7.149676119308856492e-01 -6.983825497906491764e-01
-8.000884241649240947e-01 -4.000242144378202691e-01
-8.001046878474512569e-01 -1.999993952899996319e-01
-8.001053644678205456e-01 -4.527845112733963420e-16
-8.001046878474512569e-01 1.999993952899985217e-01
-8.000884241649242057e-01 4.000242144378193809e-01
-7.149676119308855382e-01 6.983825497906487323e-01
-6.911988178341317290e-01 8.775087897379081348e-01
-6.805576992346165088e-01 1.058206622625758708e+00
-6.774484811151656460e-01 1.242992251252674096e+00
-6.777496280208190615e-01 1.431867430963998711e+00
-6.793987989765610802e-01 1.623912907676077211e+00
-6.814482455247732329e-01 1.818224067763408724e+00
-4.205262235219882072e-01 -2.017849704135258992e+00
-4.766239933844884646e-01 -1.815259046376414886e+00
-4.724394538161675872e-01 -1.620621274578672777e+00
-4.674995874274511243e-01 -1.428589831515975295e+00
-4.621241935852662408e-01 -1.240716635330737727e+00
-4.576903681737798379e-01 -1.059437159950739504e+00
-4.589748354018691745e-01 -8.913765420149194485e-01
-6.001015881588337431e-01 -6.000047215752905005e-01
-6.001051932192696947e-01 -3.999999979870707545e-01
-6.001052021826073224e-01 -2.000000000307643466e-01
-6.001052021522674806e-01 -4.480140217144601225e-16
-6.001052021826073224e-01 2.000000000307632086e-01
-6.001051932192696947e-01 3.999999979870698108e-01
-6.001015881588338541e-01 6.000047215752896124e-01
-4.589748354018692300e-01 8.913765420149186713e-01
-4.576903681737797269e-01 1.059437159950738394e+00
-4.621241935852660743e-01 1.240716635330737061e+00
-4.674995874274510688e-01 1.428589831515974629e+00
-4.724394538161674761e-01 1.620621274578671889e+00
-4.766239933844884646e-01 1.815259046376413776e+00
-2.162172851880304059e-01 -2.012505730609832177e+00
-2.725422028688705978e-01 -1.810586625279738682e+00
-2.662686653994992270e-01 -1.614600649899482043e+00
-2.578070574496059697e-01 -1.420816413795802813e+00
-2.462548784379341160e-01 -1.230842715430861656e+00
-2.308422099830164387e-01 -1.047765886963210713e+00
-4.000650837547716776e-01 -8.000420930920350004e-01
-4.001052114993369213e-01 -6.000000087594444809e-01
-4.001052021463568642e-01 -4.000000000009615864e-01
-4.001052021466855457e-01 -2.000000000000005385e-01
-4.001052021466855457e-01 -4.604172945676943524e-16
-4.001052021466855457e-01 1.999999999999994005e-01
-4.001052021463569197e-01 4.000000000009606427e-01
-4.001052114993369768e-01 6.000000087594437037e-01
-4.000650837547716776e-01 8.000420930920340012e-01
-2.308422099830162999e-01 1.047765886963209603e+00
-2.462548784379339772e-01 1.230842715430860768e+00
-2.578070574496059142e-01 1.420816413795802147e+00
-2.662686653994992270e-01 1.614600649899481155e+00
-2.725422028688705423e-01 1.810586625279737572e+00
-1.346376648547781274e-02 -2.005821684656178494e+00
-6.997112339336028497e-02 -1.804521657075221164e+00
-6.226183981867167150e-02 -1.606217329765646795e+00
-5.124221798540168349e-02 -1.408812644488610655e+00
-3.483800302950143535e-02 -1.212903674899532103e+00
-9.542343037266393102e-03 -1.020780866757433847e+00
-2.001078515374000721e-01 -8.000002422564270743e-01
-2.001052020568434009e-01 -6.000000000134984024e-01
-2.001052021466854791e-01 -4.000000000000005218e-01
-2.001052021466855901e-01 -2.000000000000004274e-01
-2.001052021466856179e-01 -4.620652818698722994e-16
-2.001052021466855901e-01 1.999999999999992895e-01
-2.001052021466855346e-01 3.999999999999995781e-01
-2.001052020568433454e-01 6.000000000134976252e-01
-2.001078515374000721e-01 8.000002422564261861e-01
-9.542343037266254324e-03 1.020780866757432737e+00
-3.483800302950132433e-02 1.212903674899531214e+00
-5.124221798540162798e-02 1.408812644488609989e+00
-6.226183981867156048e-02 1.606217329765645907e+00
-6.997112339336020170e-02 1.804521657075220054e+00
1.247786805025812296e-01 -1.998455304124056919e+00
1.305283924833296749e-01 -1.797787982812642182e+00
1.385080862078369446e-01 -1.596668634813797283e+00
1.499953750581572431e-01 -1.394643942408702930e+00
1.672355898132372176e-01 -1.190613841906097869e+00
2.627934214021141468e-01 -9.728979895275956524e-01
-1.043577746867116750e-04 -7.999999978625652597e-01
-1.052021342593895896e-04 -5.999999999999583444e-01
-1.052021466856570698e-04 -4.000000000000004108e-01
-1.052021466856362667e-04 -2.000000000000004274e-01
-1.052021466856275253e-04 -4.604606626545937331e-16
-1.052021466856243540e-04 1.999999999999992895e-01
-1.052021466856296937e-04 3.999999999999994116e-01
-1.052021342593372632e-04 5.999999999999576783e-01
-1.043577746866610021e-04 7.999999978625642605e-01
1.762384007491580029e-01 9.845925837647796497e-01
1.672355898132372731e-01 1.190613841906096759e+00
1.499953750581572709e-01 1.394643942408702264e+00
1.385080862078370556e-01 1.596668634813796395e+00
1.305283924833297582e-01 1.797787982812641072e+00
3.236671541925701390e-01 -1.993693712422213604e+00
3.288395273130080287e-01 -1.791332082159990513e+00
3.358164235118328289e-01 -1.587630369670535613e+00
3.454435342426268596e-01 -1.381495293914694056e+00
3.589420998578433664e-01 -1.170593841641440980e+00
3.767302213938835131e-01 -9.484595099060790790e-01
1.998921505101815543e-01 -7.999997710868141931e-01
1.998947979428942756e-01 -5.999999999859825239e-01
1.998947978533141545e-01 -4.000000000000002442e-01
1.998947978533140712e-01 -2.000000000000004274e-01
1.998947978533140712e-01 -4.709774237277031261e-16
1.998947978533140990e-01 1.999999999999992617e-01
1.998947978533141545e-01 3.999999999999993561e-01
1.998947979428943311e-01 5.999999999859817468e-01
1.998921505101816098e-01 7.999997710868131939e-01
3.767302213938835687e-01 9.484595099060777468e-01
3.589420998578433664e-01 1.170593841641439870e+00
3.454435342426268596e-01 1.381495293914693390e+00
3.358164235118329399e-01 1.587630369670534725e+00
3.288395273130081398e-01 1.791332082159989403e+00
5.213140251362455846e-01 -1.989615844261764188e+00
5.253429499222473931e-01 -1.786009437010812606e+00
5.304128226907319776e-01 -1.580573156515789668e+00
5.367013906566842074e-01 -1.372039267273275742e+00
5.440435906661422738e-01 -1.158011606944110872e+00
5.506327675717966885e-01 -9.337998295602896182e-01
3.999347261270160825e-01 -7.999579585968147333e-01
3.998947884879421877e-01 -5.999999913114834049e-01
3.998947978536364078e-01 -3.999999999990422883e-01
3.998947978533142211e-01 -2.000000000000002887e-01
3.998947978533142766e-01 -4.389284075090316249e-16
3.998947978533142766e-01 1.999999999999991784e-01
3.998947978536364078e-01 3.999999999990413446e-01
3.998947884879422432e-01 5.999999913114827388e-01
3.999347261270161935e-01 7.999579585968138451e-01
5.506327675717965775e-01 9.337998295602883969e-01
5.440435906661422738e-01 1.158011606944109984e+00
5.367013906566842074e-01 1.372039267273275076e+00
5.304128226907319776e-01 1.580573156515788780e+00
5.253429499222473931e-01 1.786009437010811496e+00
7.181204884281519041e-01 -1.986566184316785666e+00
7.207484871488397671e-01 -1.782323405332302713e+00
7.236180349854288707e-01 -1.576222119082945516e+00
7.263671381059366716e-01 -1.367243323520001441e+00
7.279514439292389394e-01 -1.153770950837549325e+00
7.256006266764553070e-01 -9.334185061702814368e-01
7.107430164067242151e-01 -6.990846994585593333e-01
5.998983845826568739e-01 -5.999952826912294812e-01
5.998948067466863820e-01 -4.000000019750695746e-01
5.998947978175369622e-01 -1.999999999694916930e-01
5.998947978477682241e-01 -4.479923376710104321e-16
5.998947978175369622e-01 1.999999999694905550e-01
5.998948067466863820e-01 4.000000019750686309e-01
5.998983845826568739e-01 5.999952826912289261e-01
7.107430164067239931e-01 6.990846994585582230e-01
7.256006266764553070e-01 9.334185061702802155e-01
7.279514439292389394e-01 1.153770950837548437e+00
7.263671381059365606e-01 1.367243323520000775e+00
7.236180349854289817e-01 1.576222119082944628e+00
7.207484871488396561e-01 1.782323405332301602e+00
9.145506436709643916e-01 -1.984657898634679896e+00
9.158223123366961982e-01 -1.780351557083509340e+00
9.167272170869654735e-01 -1.574488658223435644e+00
9.166576238718381342e-01 -1.366471177032208884e+00
9.143837961851061236e-01 -1.155596531111817926e+00
9.075272361760473583e-01 -9.413631829617283842e-01
8.918955646886940203e-01 -7.245059091177250554e-01
8.638365786961451631e-01 -5.110502184068959064e-01
7.999114874928094920e-01 -3.999758625839752724e-01
7.998953107636762594e-01 -2.000006012419558998e-01
7.998946362529412157e-01 -4.497270611469872392e-16
7.998953107636762594e-01 2.000006012419547341e-01
7.999114874928094920e-01 3.999758625839743842e-01
8.638365786961450521e-01 5.110502184068952403e-01
8.918955646886939093e-01 7.245059091177241672e-01
9.075272361760473583e-01 9.413631829617271629e-01
9.143837961851061236e-01 1.155596531111816816e+00
9.166576238718381342e-01 1.366471177032208217e+00
9.167272170869655845e-01 1.574488658223434756e+00
9.158223123366963092e-01 1.780351557083508229e+00
1.111011248434809584e+00 -1.983804989956980513e+00
1.111169342541217908e+00 -1.779849150674020386e+00
1.110619556736153868e+00 -1.574775995314584565e+00
1.108756562470633700e+00 -1.368362982876171197e+00
1.104580285250888583e+00 -1.160541425683089267e+00
1.096569458910269468e+00 -9.517340844090889096e-01
1.082792013704466427e+00 -7.435188767980906999e-01
1.061825235754146224e+00 -5.395341388662147075e-01
1.035249605182724242e+00 -3.456204039867613043e-01
1.010965854732122526e+00 -1.665579759502542334e-01
1.000138443832865764e+00 -3.945628546109247539e-16
1.010965854732122526e+00 1.665579759502532897e-01
1.035249605182724242e+00 3.456204039867604716e-01
1.061825235754146224e+00 5.395341388662139304e-01
1.082792013704466427e+00 7.435188767980897007e-01
1.096569458910269468e+00 9.517340844090876883e-01
1.104580285250888583e+00 1.160541425683088379e+00
1.108756562470633700e+00 1.368362982876170530e+00
1.110619556736153868e+00 1.574775995314583676e+00
1.111169342541217908e+00 1.779849150674019276e+00
1.307785763775427101e+00 -1.983801789339145083e+00
1.307147666676302000e+00 -1.780422061795647437e+00
1.305689767647163269e+00 -1.576351598127711862e+00
1.302934121595903827e+00 -1.371610334448805535e+00
1.298219433289949709e+00 -1.166435747554588342e+00
1.290754583047435844e+00 -9.614973273265144948e-01
1.279884909827776474e+00 -7.581722245736325361e-01
1.265741755403860136e+00 -5.586790130036688451e-01
1.250223261815375020e+00 -3.655651970336138423e-01
1.237489527187128235e+00 -1.800553486826165783e-01
1.232477230534802182e+00 -3.992466079960621626e-16
1.237489527187128235e+00 1.800553486826155236e-01
1.250223261815374798e+00 3.655651970336130097e-01
1.265741755403860136e+00 5.586790130036681790e-01
1.279884909827776474e+00 7.581722245736316479e-01
1.290754583047435844e+00 9.614973273265133846e-01
1.298219433289949709e+00 1.166435747554587454e+00
1.302934121595903827e+00 1.371610334448804869e+00
1.305689767647163047e+00 1.576351598127710973e+00
1.307147666676302000e+00 1.780422061795646327e+00
1.505025312997149145e+00 -1.984404179031954207e+00
1.503892531450063075e+00 -1.781670947975585895e+00
1.501976020606770046e+00 -1.578586295295838049e+00
1.498951085804331562e+00 -1.375287626174028111e+00
1.494444190300573849e+00 -1.172098500286421929e+00
1.488126665546714245e+00 -9.696280910114531970e-01
1.479924180827393521e+00 -7.688369568895278006e-01
1.470349970959202279e+00 -5.709436844309028203e-01
1.460818700442456208e+00 -3.770043838349453891e-01
1.453567715135594574e+00 -1.871585116184391329e-01
1.450830932680280183e+00 -4.181550938842093698e-16
1.453567715135594574e+00 1.871585116184380504e-01
1.460818700442456208e+00 3.770043838349445564e-01
1.470349970959202279e+00 5.709436844309021541e-01
1.479924180827393299e+00 7.688369568895269124e-01
1.488126665546714245e+00 9.696280910114520868e-01
1.494444190300573849e+00 1.172098500286421041e+00
1.498951085804331562e+00 1.375287626174027444e+00
1.501976020606770046e+00 1.578586295295836939e+00
1.503892531450063075e+00 1.781670947975584784e+00
1.702774851378582976e+00 -1.985386063414142699e+00
1.701388390614308133e+00 -1.783269408397658573e+00
1.699327050393443894e+00 -1.581037328518476004e+00
1.696395746168507301e+00 -1.378861667020189419e+00
1.692416554193306055e+00 -1.177044135267674374e+00
1.687307441920587570e+00 -9.760473998965696341e-01
1.681208448916404086e+00 -7.764796614950698617e-01
1.674626819232016173e+00 -5.789775786553498227e-01
1.668507198552728443e+00 -3.839512762225998910e-01
1.664085165880084594e+00 -1.912551954457152315e-01
1.662462038677174681e+00 -4.030629996432111185e-16
1.664085165880084594e+00 1.912551954457141767e-01
1.668507198552728443e+00 3.839512762225990028e-01
1.674626819232016173e+00 5.789775786553491566e-01
1.681208448916404086e+00 7.764796614950689735e-01
1.687307441920587570e+00 9.760473998965685238e-01
1.692416554193305833e+00 1.177044135267673264e+00
1.696395746168507079e+00 1.378861667020188753e+00
1.699327050393443894e+00 1.581037328518475116e+00
1.701388390614308133e+00 1.783269408397657463e+00
1.901010403963455886e+00 -1.986566593732035590e+00
1.899540990095098580e+00 -1.784985882112993805e+00
1.897527108088515435e+00 -1.583436599202300066e+00
1.894866186493862292e+00 -1.382081553148208908e+00
1.891496302876700453e+00 -1.181163515685573540e+00
1.887448998066348471e+00 -9.810048466483982654e-01
1.882915471621465331e+00 -7.819721417592973012e-01
1.878300654530747682e+00 -5.843871814229836259e-01
1.874217408377111704e+00 -3.883866861155612082e-01
1.871372676603682006e+00 -1.937801846223818070e-01
1.870348639999134699e+00 -4.410968118540026338e-16
1.871372676603682006e+00 1.937801846223807523e-01
1.874217408377111704e+00 3.883866861155603201e-01
1.878300654530747682e+00 5.843871814229830708e-01
1.882915471621465553e+00 7.819721417592964130e-01
1.887448998066348471e+00 9.810048466483972662e-01
1.891496302876700453e+00 1.181163515685572651e+00
1.894866186493862292e+00 1.382081553148208242e+00
1.897527108088515435e+00 1.583436599202298956e+00
1.899540990095098802e+00 1.784985882112992694e+00
