-1.698103717062272144e+00 -2.034568385728318329e+00
-1.801318238853868658e+00 -1.830466583169310546e+00
-1.805361587779670263e+00 -1.633370557109709020e+00
-1.810623523434759852e+00 -1.435824277605393107e+00
-1.817190572433139639e+00 -1.237359604317080475e+00
-1.824969652231846151e+00 -1.037374257051103976e+00
-1.833575472598664380e+00 -8.352021177862209989e-01
-1.842241884297167065e+00 -6.302770689160069884e-01
-1.849838609592404648e+00 -4.223836426606732419e-01
-1.855082775653700278e+00 -2.119124390267894675e-01
-1.856936010443005269e+00 6.334446425492971510e-05
-1.855006161306973267e+00 2.120151636363945546e-01
-1.849713876197154105e+00 4.224249680965319609e-01
-1.842111425119591805e+00 6.302460834018633884e-01
-1.833473990849722846e+00 8.351140410679797066e-01
-1.824913274484805781e+00 1.037255202877262583e+00
-1.817179522402778025e+00 1.237233776122062867e+00
-1.810649464931751051e+00 1.435708457429374141e+00
-1.805413049933902947e+00 1.633273886893642501e+00
-1.801384202904808607e+00 1.830391978910435036e+00
-1.493679512908800300e+00 -2.037674351203062617e+00
-1.597618467721650726e+00 -1.833940407982910692e+00
-1.601764578837699293e+00 -1.638140209024404159e+00
-1.607544034508929798e+00 -1.442115538521214102e+00
-1.615239908140802427e+00 -1.245274499565327986e+00
-1.624941206862254628e+00 -1.046751212167281286e+00
-1.636332773375820615e+00 -8.454496418897249344e-01
-1.648457924660612361e+00 -6.402536618464967910e-01
-1.659600737163910988e+00 -4.304778827540848285e-01
-1.667556860681974618e+00 -2.164644590697004933e-01
-1.670412239344245764e+00 1.158918174356874363e-04
-1.667419734664079556e+00 2.166508104832560178e-01
-1.659383649726518639e+00 4.305474812058981415e-01
-1.648247191644850007e+00 6.401941665263443104e-01
-1.636187055975771187e+00 8.453041434822176070e-01
-1.624874590079448788e+00 1.046572133313497188e+00
-1.615241966562557696e+00 1.245098964013769960e+00
-1.607595839622656397e+00 1.441965225170168008e+00
-1.601845884845132684e+00 1.638024104098069422e+00
-1.597712411437840485e+00 1.833858277731919673e+00
-1.288000057405878085e+00 -2.040323160197872188e+00
-1.392585060686127196e+00 -1.837193750185444507e+00
-1.396460020639920696e+00 -1.643008479598977223e+00
-1.402409535467603163e+00 -1.449052817365431789e+00
-1.411044910920237649e+00 -1.254659238629481477e+00
-1.422843365429520057e+00 -1.058670988665471269e+00
-1.437808606183105464e+00 -8.593779799555226750e-01
-1.454963672300421562e+00 -6.546822721087541819e-01
-1.471798760168631315e+00 -4.427846086959417171e-01
-1.484390411901761020e+00 -2.236027006241134985e-01
-1.489011939795005013e+00 2.083582004866372877e-04
-1.484139371136212082e+00 2.239362642292392902e-01
-1.471406953907275161e+00 4.428834095394804660e-01
-1.454628604669819358e+00 6.545402395572506027e-01
-1.437620542784861843e+00 8.591240398010373536e-01
-1.422785010263984962e+00 1.058399528920532129e+00
-1.411083577353327900e+00 1.254415925541733534e+00
-1.402510357813225195e+00 1.448862191875617933e+00
-1.396589323474900279e+00 1.642875857734304779e+00
-1.392718695647808147e+00 1.837111071467093515e+00
-1.080976477041982742e+00 -2.042066659056355871e+00
-1.186009632860793417e+00 -1.839770999577849064e+00
-1.189000430970905242e+00 -1.647450235593602041e+00
-1.194414931541005309e+00 -1.456132805867616620e+00
-1.203345760174959533e+00 -1.265226484257726769e+00
-1.216974060496266663e+00 -1.073366818894607277e+00
-1.236100010730893706e+00 -8.781108977980682795e-01
-1.260328866533882319e+00 -6.758295220264396441e-01
-1.286546104903643961e+00 -4.621720142212456528e-01
-1.307449753795855374e+00 -2.353213060960605008e-01
-1.315371445307590204e+00 3.389404893726618911e-04
-1.306998309962733806e+00 2.359176403611606965e-01
-1.285787701981740083e+00 4.622622520242498090e-01
-1.259847554363554334e+00 6.754488673104969143e-01
-1.235923694698948472e+00 8.776819986650973293e-01
-1.216962950153931189e+00 1.072970492258245034e+00
-1.203463732518907037e+00 1.264896455791266749e+00
-1.194603725636878666e+00 1.455903304560443479e+00
-1.189203262241987913e+00 1.647314546921313294e+00
-1.186195787590016870e+00 1.839703378884635754e+00
-8.726809251322129590e-01 -2.042333142337996232e+00
-9.778278274441486451e-01 -1.841022696371916512e+00
-9.790459272960950754e-01 -1.650594492007127601e+00
-9.827113006560216357e-01 -1.462307357702482546e+00
-9.904930382725141147e-01 -1.275971769462298733e+00
-1.004705816610792946e+00 -1.090344996445627768e+00
-1.027679401967551254e+00 -9.022656379504331303e-01
-1.060701732099877059e+00 -7.064599897304503218e-01
-1.102395936974709834e+00 -4.940786800026783498e-01
-1.139097581812547277e+00 -2.549941308405296314e-01
-1.153611632314502033e+00 4.022751788950695547e-04
-1.138674627342603607e+00 2.567057008125672724e-01
-1.100737918534935744e+00 4.938201460944717791e-01
-1.060451700538858733e+00 7.054692945080663913e-01
-1.027601031603525117e+00 9.017608503452966273e-01
-1.004763235042744451e+00 1.089773087526421103e+00
-9.907776828980200401e-01 1.275529890637550956e+00
-9.830543992288000021e-01 1.462064410883743060e+00
-9.793524755638486345e-01 1.650492157172721353e+00
-9.780746967264373204e-01 1.840999218361402567e+00
-6.634438771868174101e-01 -2.040485862430569952e+00
-7.682650843406989560e-01 -1.840139694962459105e+00
-7.666087185804919546e-01 -1.651184586268328758e+00
-7.667383886646932378e-01 -1.465741115074579604e+00
-7.706921796415125980e-01 -1.284550594178688332e+00
-7.822509199475091712e-01 -1.107481680722010475e+00
-8.074681489899089293e-01 -9.307815808339308106e-01
-8.517989059152467624e-01 -7.443517413468273558e-01
-9.248533222048490599e-01 -5.058207057474777280e-01
-9.811892167067333137e-01 -2.533826362177470926e-01
-1.002883197303202856e+00 1.140450961288775895e-03
-9.902080214517740009e-01 2.434381019028929449e-01
-9.221736813325578375e-01 5.088105248642331713e-01
-8.532574790210625260e-01 7.436480266262923688e-01
-8.064915455455955451e-01 9.300949190844040038e-01
-7.825883699189325471e-01 1.106362398339449493e+00
-7.714014701672051721e-01 1.284032780796724671e+00
-7.673278805267316205e-01 1.465595232528135394e+00
-7.670322146153811804e-01 1.651192986346482483e+00
-7.685628149124948960e-01 1.840203786103405736e+00
-4.539322595766588364e-01 -2.035955043125769581e+00
-5.579903338612093311e-01 -1.836298919118058537e+00
-5.524030518598015416e-01 -1.647729402524762188e+00
-5.469464337387046626e-01 -1.463786520263922419e+00
-5.431649733496125565e-01 -1.286411879038669825e+00
-5.448789522646306782e-01 -1.118114146405202458e+00
-5.756377623196432536e-01 -9.487329437088775075e-01
-6.917873499153146533e-01 -7.038212436707362851e-01
-8.011689546464294542e-01 -4.004087743177385250e-01
-8.019906673560035504e-01 -1.996660412457282596e-01
-8.021649688162786340e-01 -2.028451476493546297e-04
-8.013952870428887598e-01 1.996665829810269077e-01
-8.005732843843909041e-01 4.008813212178561347e-01
-6.826069906394008902e-01 7.210694770274977961e-01
-5.695087672868068829e-01 9.495295575947542144e-01
-5.475469685020154520e-01 1.116805380075516219e+00
-5.446380974393504326e-01 1.286463992821495594e+00
-5.477531846431114015e-01 1.464012255256286865e+00
-5.528823425009135040e-01 1.647956889435369110e+00
-5.582924043987532725e-01 1.836493345157313550e+00
-2.451493613812861794e-01 -2.028438485788745638e+00
-3.481856035856863985e-01 -1.828947772982840725e+00
-3.381230447251447058e-01 -1.638980318192336361e+00
-3.256457667736839534e-01 -1.453755033623417514e+00
-3.109291602933856868e-01 -1.275923368157038773e+00
-2.990471949532570450e-01 -1.109192933282534099e+00
-4.186476587877311362e-01 -9.120388482897191507e-01
-6.002029213453112799e-01 -5.997874642915278498e-01
-6.014463890008565627e-01 -3.997431481348479032e-01
-6.018181481732656213e-01 -1.998076020383810769e-01
-6.018679257676695649e-01 2.347921085132606035e-05
-6.016096541793904962e-01 1.999781697167135053e-01
-6.012265569509330776e-01 4.001449430237239424e-01
-6.000284650309865020e-01 6.005875082288956168e-01
-4.111081795579077380e-01 9.028794968964919399e-01
-2.990755643555917942e-01 1.112567209447663963e+00
-3.119962506953406489e-01 1.277238185455147335e+00
-3.262909942243828465e-01 1.454521447714004490e+00
-3.384910209397831715e-01 1.639469678484478665e+00
-3.484095662501494051e-01 1.829277513303739111e+00
-3.829785739926297450e-02 -2.018113900883743650e+00
-1.404014336522218520e-01 -1.818152520377218195e+00
-1.263318054076945918e-01 -1.624651118307727682e+00
-1.070961469996541959e-01 -1.434335322998979478e+00
-8.075419201227126975e-02 -1.248901300787433000e+00
-9.121612203970136390e-02 -1.051975147688122725e+00
-3.994405071619783198e-01 -8.030808522156471785e-01
-4.008492567004919294e-01 -6.003676064495088172e-01
-4.015025805537235648e-01 -3.999702976156511158e-01
-4.017627255101087203e-01 -1.998975010876036240e-01
-4.018028840004456703e-01 1.063660032970732309e-04
-4.016780892923913493e-01 2.001436862090940627e-01
-4.014222031771063071e-01 4.002718500160445392e-01
-4.009479267251938039e-01 6.005777386383013283e-01
-3.989340323620575446e-01 8.011051662861475853e-01
-8.745535228404910377e-02 1.056202119338934153e+00
-8.120122443530003453e-02 1.250891693289427398e+00
-1.072063409293542158e-01 1.435436559336976670e+00
-1.264116439205892062e-01 1.625292281615043910e+00
-1.404694960016192873e-01 1.818557228196190145e+00
1.655031976141595473e-01 -2.005755413273670573e+00
6.384656568759597417e-02 -1.804832726255574782e+00
8.022316594769379750e-02 -1.606045172153546696e+00
1.034451232728887393e-01 -1.407257831934607184e+00
1.364809523878471043e-01 -1.207096319743205637e+00
6.448588302767119251e-02 -1.014395355318870928e+00
-2.004873199129749706e-01 -8.007649288829657985e-01
-2.014541269913165955e-01 -6.004296158772246539e-01
-2.017071170135915081e-01 -4.001190536001359987e-01
-2.018381795708774629e-01 -1.999561051520419575e-01
-2.018569202205914848e-01 1.450451188709776004e-04
-2.017779073825207437e-01 2.002488284864406831e-01
-2.016080505582012461e-01 4.003964471777574641e-01
-2.013084659571325041e-01 6.006300358869467448e-01
-2.003906768230956370e-01 8.012579173918540354e-01
5.331561315615765406e-02 1.008903446649563884e+00
1.389611104535732056e-01 1.208729000317983804e+00
1.041316025426637926e-01 1.408138170765102615e+00
8.048419486907543163e-02 1.606599877020711942e+00
6.395214027709980598e-02 1.805205363649694306e+00
2.518306593096630297e-01 -1.993457733185836078e+00
2.636250186517390404e-01 -1.790668070827702740e+00
2.797803722678670613e-01 -1.586024552069554838e+00
3.024622569285222995e-01 -1.377748393400350491e+00
3.340439993175440270e-01 -1.162144715525281979e+00
2.958878019243289526e-01 -9.605637075096722377e-01
-1.255974180006145602e-03 -8.007262227714080360e-01
-1.780456277580709208e-03 -6.003827156783493324e-01
-1.924169448804816107e-03 -4.001473592394632073e-01
-1.980412345652679193e-03 -1.999672399075000939e-01
-1.975778324869500741e-03 1.769966373487255379e-04
-1.914470374536976017e-03 2.003183592553914316e-01
-1.786213949529593878e-03 4.004824187314167672e-01
-1.539093931725914579e-03 6.006583980129160949e-01
-8.224279326855346312e-04 8.007005030248022237e-01
2.310223133860527245e-01 9.739314188501807523e-01
3.341357024429569833e-01 1.161996617085489403e+00
3.032995682563041639e-01 1.377866850825585132e+00
2.802072313459746389e-01 1.586296836146937617e+00
2.638393357367316838e-01 1.790920910225732410e+00
4.487477754910754180e-01 -1.983739984474041096e+00
4.589729752664327145e-01 -1.777621634726943123e+00
4.724465961100084987e-01 -1.568023578635397319e+00
4.902964788660800211e-01 -1.352128515601068059e+00
5.125469935416117062e-01 -1.124343217220612701e+00
4.475011702871015684e-01 -9.434806980825596323e-01
1.987404383640715699e-01 -8.002911386667808102e-01
1.980234343042405476e-01 -6.002861031329307373e-01
1.978801133739509222e-01 -4.001202589276280364e-01
1.978556037524388800e-01 -1.999400587593538059e-01
1.978805960131254371e-01 2.116389405293921295e-04
1.979265270223136974e-01 2.003604869059939508e-01
1.980233654079258943e-01 4.005467886214431061e-01
1.983003489946515985e-01 6.007611646289099383e-01
1.993643740920064966e-01 8.008192991763720681e-01
4.302506343762559360e-01 9.351572397309764195e-01
5.139248212500081570e-01 1.121916920500264592e+00
4.908893837933466231e-01 1.351820886703772873e+00
4.728152135430427894e-01 1.568045201704967750e+00
4.591991618877351855e-01 1.777743515583468659e+00
6.432515437176555828e-01 -1.975690573643157366e+00
6.508853581553044609e-01 -1.767308853689861792e+00
6.601250377657511548e-01 -1.554720664465820024e+00
6.708093373052471664e-01 -1.335063175550826209e+00
6.813546199438766937e-01 -1.103002133053064604e+00
6.754978987017870029e-01 -8.657321263645979537e-01
3.992453849256829002e-01 -7.996028441624477567e-01
3.979643179861098168e-01 -6.002148379381607723e-01
3.976811552318727516e-01 -4.000689734984551604e-01
3.976910296623054619e-01 -1.998663828372716778e-01
3.977556815310397953e-01 2.520941504188592419e-04
3.977748525526965673e-01 2.003521130962361008e-01
3.977898959546504187e-01 4.005387756495035756e-01
3.980404449643159537e-01 6.008329782053163370e-01
3.997254292604837667e-01 8.008860272313607087e-01
6.706870019419717277e-01 8.641018409803618017e-01
6.804343176752494227e-01 1.102135595630665987e+00
6.709159949692331537e-01 1.334665794705455877e+00
6.603322387850285580e-01 1.554638851174250380e+00
6.510611912009103275e-01 1.767349763813826691e+00
8.362321495457176734e-01 -1.969911801509331983e+00
8.409020291386939405e-01 -1.760555577701821806e+00
8.455916933222429321e-01 -1.547184461573437364e+00
8.491975496385706368e-01 -1.327638018099501105e+00
8.488245027092118367e-01 -1.098444443430875106e+00
8.364731427861533675e-01 -8.557621813277851430e-01
7.192238425660341106e-01 -6.858284130209546525e-01
5.980086190184223938e-01 -6.001901846951225306e-01
5.973664006174383978e-01 -3.998985764098514362e-01
5.975625215440669713e-01 -1.996543686210834334e-01
5.977368225733189488e-01 3.136875063640953416e-04
5.977223043214662246e-01 2.002269637165153549e-01
5.975386100702536618e-01 4.002783341549777663e-01
5.978294882962207346e-01 6.005266065759358174e-01
7.182040400921814172e-01 6.836013772515733278e-01
8.347205197931555354e-01 8.572500557100143359e-01
8.481932275119775655e-01 1.098552089830773237e+00
8.490998766575841294e-01 1.327521587791463009e+00
8.456766223109860592e-01 1.547137301199428050e+00
8.410216038626830981e-01 1.760574834175835601e+00
1.028648353298003526e+00 -1.966527274433260031e+00
1.030568285621824787e+00 -1.757337339304917867e+00
1.031374902180674180e+00 -1.544926533061179219e+00
1.029613209062138823e+00 -1.328108057914773932e+00
1.022367320160586290e+00 -1.105510600554660661e+00
1.003694096959847570e+00 -8.763146442965528138e-01
9.612955788552656200e-01 -6.465578370830245003e-01
8.721866846165441389e-01 -4.926989525805629544e-01
7.970865975027131567e-01 -3.985233302226718344e-01
7.977275013794832281e-01 -1.990457325830894131e-01
7.979989433017586897e-01 3.772587681335639155e-04
7.980581059367094499e-01 1.998904152809214962e-01
7.974391384013255202e-01 3.988527481498408966e-01
8.760511749745326648e-01 4.878844599726455122e-01
9.633771364632029988e-01 6.461900231261803462e-01
1.004101680360640625e+00 8.775846919789433986e-01
1.022233931310853050e+00 1.105877982983711538e+00
1.029578756245637772e+00 1.328177823829769011e+00
1.031430592955071335e+00 1.544944016358071881e+00
1.030658003106533993e+00 1.757364730317622969e+00
1.221301030942264498e+00 -1.965280386647892730e+00
1.221040659410595364e+00 -1.757033431864117423e+00
1.219094266321974374e+00 -1.546563085778275726e+00
1.214133258843153262e+00 -1.333492372362216294e+00
1.203987221516300998e+00 -1.117826703533145283e+00
1.185399702654726495e+00 -9.007640835344061792e-01
1.154713724959421040e+00 -6.862411294759420688e-01
1.108979329346840625e+00 -4.818160920239618061e-01
1.056635444535938495e+00 -3.039703053003640632e-01
1.014178889617996848e+00 -1.511343218959544654e-01
9.992770450493763112e-01 -9.861569881335695113e-04
1.016495651601279526e+00 1.465741466299265439e-01
1.055462205947228727e+00 3.021744001871620178e-01
1.109951366121327609e+00 4.807983669814915872e-01
1.155621347094244467e+00 6.862405447244928069e-01
1.185845121678886116e+00 9.011289475013752881e-01
1.204115978330593473e+00 1.118063733537434379e+00
1.214198584884462973e+00 1.333594370332537471e+00
1.219168048862357079e+00 1.546610166299865474e+00
1.221124551200776231e+00 1.757069013905134813e+00
1.414720718520985354e+00 -1.965701743028838600e+00
1.412957710900625052e+00 -1.758781301743213232e+00
1.409386445866919191e+00 -1.550546323378181102e+00
1.403016428466050458e+00 -1.341107608701482157e+00
1.392512639586580558e+00 -1.131055939436853119e+00
1.376364799534455674e+00 -9.219035150977455961e-01
1.353551063454680570e+00 -7.165616621393834373e-01
1.324899828324374473e+00 -5.193818713149597199e-01
1.295116424133542665e+00 -3.346149532572156859e-01
1.271597185249304873e+00 -1.627775145026892634e-01
1.262547480364460961e+00 -2.466036308182413084e-04
1.271778560839468941e+00 1.626174111891688367e-01
1.295081092663729949e+00 3.341840461889639680e-01
1.325263970157689819e+00 5.189789148692713905e-01
1.354004027638838092e+00 7.164633509922799792e-01
1.376686923126537065e+00 9.219838582872754706e-01
1.392696651180491019e+00 1.131157971097556780e+00
1.403132899396897448e+00 1.341176935776254409e+00
1.409480782453996106e+00 1.550590085639281801e+00
1.413044761910453362e+00 1.758815152045950736e+00
1.609166803174340021e+00 -1.967273424611895027e+00
1.606514642055576481e+00 -1.761757143041633666e+00
1.602203112512073702e+00 -1.555618048363192507e+00
1.595589879967919122e+00 -1.349180821064461133e+00
1.585967881071013830e+00 -1.143154126986466901e+00
1.572782018683257954e+00 -9.388094065085135220e-01
1.556072112142782515e+00 -7.380512731346461353e-01
1.537101699722858816e+00 -5.431262684749407210e-01
1.518794808156597176e+00 -3.556995986119274589e-01
1.505231552909315429e+00 -1.755980147556961135e-01
1.500205821476856771e+00 -1.514791821266715636e-04
1.505297997050193404e+00 1.753138735116621105e-01
1.518920786667316447e+00 3.554178338047643271e-01
1.537327411930671461e+00 5.428981483682138176e-01
1.556338286038676522e+00 7.379397606013323729e-01
1.573012288023988514e+00 9.387927514101870319e-01
1.586139475345961003e+00 1.143178311783593193e+00
1.595717448293051177e+00 1.349211339973628077e+00
1.602305904687453930e+00 1.555645105552196705e+00
1.606603889440411326e+00 1.761781944615520734e+00
1.804691170588864857e+00 -1.969535108640859455e+00
1.801622971664671224e+00 -1.765314682814501435e+00
1.797162736242320147e+00 -1.560935150389917592e+00
1.790941041918251653e+00 -1.356767909328543853e+00
1.782645849525298365e+00 -1.153439667420717685e+00
1.772186863093755838e+00 -9.518762730967696983e-01
1.759939806178104416e+00 -7.532409575641241251e-01
1.746992251761158910e+00 -5.586710376919126197e-01
1.735198857508767789e+00 -3.687884563263115756e-01
1.726825191963304862e+00 -1.831673659677824084e-01
1.723797340808432832e+00 -1.192119675055399792e-04
1.726879084114593566e+00 1.829359983532991563e-01
1.735305864570508172e+00 3.685777728970556222e-01
1.747147386449117157e+00 5.585031437360323814e-01
1.760117816157489301e+00 7.531341166441378743e-01
1.772356548380051633e+00 9.518252408705610845e-01
1.782790863075512267e+00 1.153424382397094217e+00
1.791060890101114467e+00 1.356769979176446039e+00
1.797263556834944875e+00 1.560944632284173350e+00
1.801710511220052213e+00 1.765328076009079927e+00
2.051496596328621358e+00 -1.971187363303839257e+00
1.998057783843000923e+00 -1.769011899214634420e+00
1.993795309139270833e+00 -1.566013043342492361e+00
1.988245438072979931e+00 -1.363471369388172150e+00
1.981317720324107468e+00 -1.161876395719606769e+00
1.973119192166968849e+00 -9.618570000470265668e-01
1.964074253458997665e+00 -7.640995059221442620e-01
1.955007382420269169e+00 -5.691679169008658778e-01
1.947100456445538974e+00 -3.772476361718136162e-01
1.941659330926850835e+00 -1.879166256014992153e-01
1.939726207713983630e+00 -9.497315746261292225e-05
1.941700872878359574e+00 1.877325645281257560e-01
1.947180621016483926e+00 3.770814927880503098e-01
1.955118406949448051e+00 5.690317201586647666e-01
1.964202054000064868e+00 7.640008968678376755e-01
1.973248042839233163e+00 9.617946673044880379e-01
1.981436969684548854e+00 1.161842042760789173e+00
1.988351362692547308e+00 1.363455497129206995e+00
1.993888487644351670e+00 1.566008617734977681e+00
1.998140266197214965e+00 1.769014741633608390e+00
