2.016745714879564666e+00 -1.628738589961508665e-01
1.001927851883972043e+00 -1.654528544662327016e-01
9.809203552405036941e-01 -1.830041119000171690e-01
9.528327900431886599e-01 -1.985991906837445142e-01
9.168589662435080445e-01 -2.095668154321394250e-01
8.731451692304077472e-01 -2.122851273130287597e-01
8.235560353253364996e-01 -2.024893475188004888e-01
7.724184524127122309e-01 -1.762314067311218646e-01
7.266806447228321142e-01 -1.315439391406333647e-01
6.946764031608249068e-01 -7.041847769508645383e-02
6.833627382474216638e-01 4.238614749935063191e-04
6.953743161785246318e-01 7.102193755470827263e-02
7.277776940255139548e-01 1.315247025401263814e-01
7.734685946718036220e-01 1.754970752975648085e-01
8.242054273048950996e-01 2.012359127074992149e-01
8.732568030582587015e-01 2.108193393290108408e-01
9.164787947804297064e-01 2.081567184922566982e-01
9.520919375877237023e-01 1.974099748994057046e-01
9.799689725980166299e-01 1.821070365903602606e-01
1.000896299335873652e+00 1.648494628534647455e-01
2.039244828486007410e+00 -1.761703839436166708e-01
1.024309541196521955e+00 -1.827597642872353934e-01
1.003659063114770378e+00 -2.075679930122915073e-01
9.737870310430255527e-01 -2.319895189567380001e-01
9.326497253485283023e-01 -2.528027040043234197e-01
8.790805417702480806e-01 -2.649961758638867959e-01
8.140882198333084796e-01 -2.617680380655894590e-01
7.426422994575906378e-01 -2.355047959519345480e-01
6.750890091383116021e-01 -1.806582938597937615e-01
6.259109438331448283e-01 -9.834537852214174369e-02
6.082239570106033888e-01 9.208268864492327255e-04
6.272067058884023272e-01 9.972118815216374221e-02
6.770891978003586997e-01 1.808288351834259344e-01
7.444260539696503365e-01 2.343580256940605289e-01
8.150417546236965460e-01 2.598235189818464130e-01
8.791153461401198799e-01 2.628729513648596638e-01
9.319616691351860771e-01 2.509033056624351832e-01
9.726405328959962793e-01 2.305117532859720098e-01
1.002302590337845078e+00 2.065604711533144122e-01
1.022931579867144780e+00 1.821741189527891491e-01
2.067694728925385750e+00 -1.865629061245526188e-01
1.054157984762984501e+00 -1.978262425838231142e-01
1.036345190713562348e+00 -2.313266647500456796e-01
1.007302581983136047e+00 -2.673121086191873608e-01
9.630824491628293682e-01 -3.024255873633705516e-01
9.000263411700296645e-01 -3.303751324547588575e-01
8.165475637912614770e-01 -3.411234067377495460e-01
7.164154919203188365e-01 -3.209018528168189333e-01
6.139123690826822077e-01 -2.557829366628027734e-01
5.350342146076976224e-01 -1.426594434035221015e-01
5.058776204552729583e-01 1.814229373452322987e-03
5.374435048072053744e-01 1.454480395114238211e-01
6.176370924156202591e-01 2.561351634623437734e-01
7.193330227855584402e-01 3.187146422789808864e-01
8.176641541763816079e-01 3.379130781389271809e-01
8.996716722609804373e-01 3.272789898107492657e-01
9.617606063385731874e-01 2.999047137189025936e-01
1.005465413581911438e+00 2.655490756999077662e-01
1.034380337140349493e+00 2.302976293953081510e-01
1.052317252835081485e+00 1.973770861227145124e-01
2.102246783383616702e+00 -1.917539627862804852e-01
1.092276363256528438e+00 -2.078174486132088605e-01
1.081115855450888175e+00 -2.507406699440734021e-01
1.057680701879303520e+00 -3.006651754841490054e-01
1.015498947608321600e+00 -3.550742917065861093e-01
9.469384264752206404e-01 -4.071939758496766482e-01
8.452230594550182996e-01 -4.440567229475149702e-01
7.078373202369970807e-01 -4.439401748316884055e-01
5.484448143286236865e-01 -3.742581866801948931e-01
4.158645249004186417e-01 -2.161712387934681678e-01
3.647856623727231407e-01 2.853979732847668812e-03
4.201052839416098417e-01 2.213536396650191140e-01
5.557641179041590274e-01 3.744367910952197120e-01
7.119593328790000397e-01 4.389207449992591492e-01
8.456349421495773511e-01 4.388512199586621088e-01
9.455904315031568030e-01 4.028985014004323184e-01
1.012991619233646112e+00 3.518569095437449334e-01
1.054700283486440071e+00 2.987458283974647744e-01
1.078276190142830160e+00 2.499231895965093042e-01
1.089864753018443322e+00 2.077310766853575075e-01
2.142136215944025590e+00 -1.889571428073194281e-01
1.138406527841028693e+00 -2.089251770963850285e-01
1.139067765716367475e+00 -2.603398179737725360e-01
1.128832878870343448e+00 -3.248090633301911612e-01
1.098645114464499750e+00 -4.025238882933778739e-01
1.034968307447999836e+00 -4.880567358528449251e-01
9.237369833717971046e-01 -5.660349243887461412e-01
7.509228463413749610e-01 -6.131257174599332727e-01
5.044613957406188787e-01 -5.720724208490233220e-01
2.670797691713053257e-01 -3.369219608253892217e-01
1.705195543458084828e-01 3.351660646681118606e-03
2.689713606458091766e-01 3.587707676803994494e-01
5.199329924427462668e-01 5.695500437706045860e-01
7.515620585801126019e-01 6.006943870174309419e-01
9.220152133923886772e-01 5.603240116214860400e-01
1.032266861269290459e+00 4.823192309603337447e-01
1.093892763257855005e+00 3.985577182684703623e-01
1.123974989955019987e+00 3.232019459804097439e-01
1.135077353480065332e+00 2.602583242404974406e-01
1.135405778933967991e+00 2.095847858750150838e-01
2.185243422910360334e+00 -1.752971357712572731e-01
1.190391092830620501e+00 -1.967732806337437745e-01
1.208694503370238094e+00 -2.527950739840764682e-01
1.221953983281996781e+00 -3.280474115897307197e-01
1.220782465910222658e+00 -4.281702415221020352e-01
1.184644966393280097e+00 -5.555141341524694187e-01
1.075236676538599223e+00 -6.891886797900727002e-01
8.571184637820604690e-01 -7.955930813498510723e-01
3.872375561594734172e-01 -4.466428569695098383e-01
6.910940804129946102e-02 -1.701412493173187213e-01
-3.819122661366452370e-02 3.426128399194237895e-02
-9.644741954836101583e-02 -7.242937428518385345e-03
4.108445369237631040e-01 4.769384139750504903e-01
8.376203897129820275e-01 7.682318740687330560e-01
1.082654755979649996e+00 6.817847271605091963e-01
1.177531569601754757e+00 5.442601663345959517e-01
1.210658602003767736e+00 4.243717447833443290e-01
1.214286831660781329e+00 3.283298907840491165e-01
1.203572604512824995e+00 2.544615844712850850e-01
1.187045965511755119e+00 1.987041119115673937e-01
2.227846333001350487e+00 -1.485659680702067498e-01
1.243491267856420501e+00 -1.675237725885111439e-01
1.283918191936613384e+00 -2.204610948000305104e-01
1.330510587896152286e+00 -2.951072908612756285e-01
1.380435674702443327e+00 -4.013912606308983055e-01
1.424579962232240371e+00 -5.577716313994836028e-01
1.213472149266405342e+00 -7.047400547596165410e-01
2.144675508061724689e-01 1.073621013168419291e-01
-1.307696456567127756e-03 1.732184556717775159e-02
-1.181486181027730994e-02 1.340715171574139754e-02
-1.548306861194216101e-02 -1.124190121443585828e-03
-5.757766392945288386e-03 -1.217051545341076707e-02
5.684281664721620858e-03 -1.514388662181785639e-02
3.797498678651046733e-01 1.740803411811828461e-01
1.290481142997511155e+00 6.994770827940272051e-01
1.386093330818535918e+00 5.503461099610551521e-01
1.361533020558811646e+00 4.067635946464772112e-01
1.320962056456081779e+00 3.008471100590899838e-01
1.278732724718229186e+00 2.251628615558461943e-01
1.240534015750323960e+00 1.711633914527367628e-01
2.264862615659408274e+00 -1.082165913266674578e-01
1.290446452009242018e+00 -1.196783439246348613e-01
1.353335662009540696e+00 -1.589139805400503758e-01
1.436206379654325627e+00 -2.148175330478364620e-01
1.544751667447593180e+00 -2.953809295882481867e-01
1.666493690209505552e+00 -4.132291402095155108e-01
3.970814550675640375e-01 -1.386987874716554270e-01
1.454914131093530509e-02 1.326605650249749850e-02
2.597230188711928747e-03 9.943119292024748396e-03
-4.320295825950205837e-03 6.436196719427579940e-03
-6.104245062002416553e-03 1.035577515047136649e-03
-1.678245604501387182e-03 -2.992959963084028223e-03
7.003231029996612352e-03 -3.692942425458511577e-03
2.309591455235829316e-02 -1.636385490124734167e-03
4.485058328513290560e-01 -6.209352583321490517e-03
1.669719384620650837e+00 4.553296831046215187e-01
1.534179398657837590e+00 3.174171710010029179e-01
1.430472293283431950e+00 2.275645113044637291e-01
1.350504678713482010e+00 1.668174964949095673e-01
1.289020834315906416e+00 1.248653987499729473e-01
2.290777193294996295e+00 -5.621236286599556181e-02
1.322978639816517976e+00 -5.573199991592839991e-02
1.402630084663957444e+00 -7.073548981742734665e-02
1.513790416979028608e+00 -8.828336765773669992e-02
1.671921969406467534e+00 -1.025519510470232210e-01
1.372263992791786125e+00 6.976029845176898170e-02
1.596245669076357468e-02 -2.251399544918787632e-02
1.129209245148189711e-02 -1.587662849859505787e-03
3.069115572486685525e-03 2.047142508361922061e-03
-1.955160452930068508e-03 2.480311111870596788e-03
-3.418863773615141415e-03 1.944209790842658849e-03
-1.254227950935062801e-03 2.233418188847410835e-03
3.973898916209173647e-03 5.085494619705823414e-03
1.119095374907071345e-02 1.253461240829768265e-02
1.418450060922155954e-02 1.593177787930549066e-02
1.404545748055627374e+00 1.261776135087669826e-03
1.674992689333393958e+00 1.318811119682980482e-01
1.516793877711213101e+00 1.038045424203632716e-01
1.404347105842789212e+00 7.980102505444471028e-02
1.324011074900275364e+00 6.140380318395502468e-02
2.301120148342701288e+00 2.792448355439227856e-03
1.334363370273857763e+00 1.738235197053003209e-02
1.419393574425712901e+00 3.282714600802450616e-02
1.538803868130997898e+00 6.555600109743041359e-02
1.708350442354032328e+00 1.415585553071254665e-01
6.356290504067343416e-01 8.808995769369951101e-02
1.261234509372315300e-02 -1.024005346469917914e-02
5.240980884425680379e-03 -7.779341704939695540e-03
3.566370913965994705e-04 -3.382996730086433677e-03
-3.165942046565911432e-03 -3.938169697410522823e-04
-4.542892891612956840e-03 1.979965975597716525e-03
-3.831315217920344164e-03 4.890001414843264498e-03
-1.562511224582361106e-03 9.572413570980063680e-03
1.055033368186469736e-03 1.735346311155894217e-02
2.770918682794947137e-03 3.197195478166182242e-02
5.568339661321127787e-01 -1.924243746765055552e-01
1.744937330211601578e+00 -1.296858857462923897e-01
1.552017062756732457e+00 -5.532274190052090951e-02
1.425793160089453115e+00 -2.601517594510691089e-02
1.337839876609494105e+00 -1.279833448209404846e-02
1.264367152933753236e+00 6.294896641370982537e-02
1.322045286238252348e+00 8.980610240104849873e-02
1.398984895961125519e+00 1.344400860764482231e-01
1.502240210873767134e+00 2.137908783809454594e-01
1.637462300439059604e+00 3.620450292287285543e-01
1.180000341604442449e-01 -2.591321922474691328e-02
4.474186299196585698e-03 -1.861029545721933076e-02
5.800019577426236174e-05 -1.256576901320918989e-02
-3.989177806569318280e-03 -7.201995885503754621e-03
-6.616130834443366415e-03 -2.583647039362613976e-03
-7.866216270479949729e-03 1.489363209074131980e-03
-8.032537058750087444e-03 5.757077777028426178e-03
-7.620583942113488135e-03 1.103146332859545470e-02
-7.539977803875135519e-03 1.769087848358435675e-02
-9.661704388364293974e-03 2.393597631566862435e-02
4.556858094456183728e-01 -1.415254736708703720e-01
1.653625311506880413e+00 -3.620817046834309827e-01
1.517347945106311657e+00 -2.144334593259707156e-01
1.407374573984787380e+00 -1.323356471084136399e-01
1.326837965816340059e+00 -8.747639947391262771e-02
1.242113541826886491e+00 1.101185343065315264e-01
1.288700379674550645e+00 1.518342068693055436e-01
1.346957016083955461e+00 2.173891955070273996e-01
1.417195169446640479e+00 3.260400120296655935e-01
1.488207594020661384e+00 5.125443248216331460e-01
7.358633632044530026e-01 -6.613922043814030038e-02
2.106527516208021389e-04 -2.319200597547996581e-02
-6.171576531969384140e-03 -1.706437895863283441e-02
-9.782973250609013072e-03 -1.012342247074439483e-02
-1.149729553429577715e-02 -4.117983141682738865e-03
-1.229378515416872965e-02 8.320381660712823819e-04
-1.288133311540134128e-02 5.541287421753243216e-03
-1.352742357946513582e-02 1.088577302753173520e-02
-1.419659826148396593e-02 1.721104195979467066e-02
-1.287840576399261645e-02 2.320674937885135181e-02
5.072925877776728321e-01 -8.068364806691750990e-02
1.509636649430988298e+00 -5.565667369133883158e-01
1.428112438354730340e+00 -3.341852595869879150e-01
1.354005948765873546e+00 -2.194954122863969070e-01
1.293279793101866026e+00 -1.518157864063884865e-01
1.209277888666426826e+00 1.467834413444888964e-01
1.241073881649402910e+00 1.968987644676609416e-01
1.275909025388434870e+00 2.718126897821619425e-01
1.308490198736945054e+00 3.881493420581931808e-01
1.324036271665778308e+00 5.784781884145019371e-01
1.291025679374922852e+00 8.241209805884543993e-01
-9.247968695330177624e-03 -3.590012676949240478e-02
-1.496728997525242390e-02 -2.185470442230071433e-02
-1.746947691886874612e-02 -1.180787197754999684e-02
-1.721080266612702581e-02 -4.470381193448089846e-03
-1.687531536293808074e-02 4.243655942677544788e-04
-1.761332594038824903e-02 4.624655604099136251e-03
-1.928628444861182553e-02 9.594690791227657514e-03
-2.145410581590810259e-02 1.593941638838888494e-02
-2.660145706676051575e-02 2.849303780336695166e-02
1.187929321067629163e+00 -7.957218591133359276e-01
1.310835073402792927e+00 -5.972997141572972124e-01
1.311105548030524703e+00 -3.980255277307824802e-01
1.279865738719486945e+00 -2.758053047966930182e-01
1.244412698376206716e+00 -1.983261161496112368e-01
1.170770001852059483e+00 1.709463091242746924e-01
1.187351487169410635e+00 2.228590260274460610e-01
1.199785536794299112e+00 2.963575733922714228e-01
1.199511569202673211e+00 4.028471234128510603e-01
1.166186014025575535e+00 5.618583939657840753e-01
1.054414880619985118e+00 8.018451452781080180e-01
-6.066079248968481510e-03 9.219364384181299998e-02
-3.031643097893548661e-02 -2.652417837623863642e-02
-2.799814394269062659e-02 -1.008509821027797626e-02
-2.263466516215432989e-02 -2.135480060224511940e-03
-2.020566943392041598e-02 5.946566407283686295e-04
-2.132142377272275291e-02 2.816359772288680972e-03
-2.480754763572549926e-02 6.694249105497413095e-03
-2.812580637505650294e-02 1.435492023920767989e-02
-2.975349101389176271e-02 -1.674990600364187621e-01
1.025510531610154930e+00 -7.869355977556646842e-01
1.155875487913153865e+00 -5.659846496946066008e-01
1.197811940349883475e+00 -4.085998820656179253e-01
1.201100064576838822e+00 -2.999026845071313674e-01
1.189298605296846612e+00 -2.246702554025990506e-01
1.131293049254809224e+00 1.829704386492667645e-01
1.134763748325508192e+00 2.314540923178199372e-01
1.129620147485154824e+00 2.960924004060940806e-01
1.106944917731282674e+00 3.824778680369957384e-01
1.049194093659223670e+00 4.971329985145150898e-01
9.199297218174327107e-01 6.445301351103975840e-01
6.347464540937101107e-01 7.789567406005438732e-01
3.319973709565027242e-02 5.670724645458301294e-02
-4.037345389317905514e-02 4.404628654752044091e-03
-2.370122791706467946e-02 5.690005790135968522e-03
-1.962546087757018401e-02 1.744436103983159139e-04
-2.250846075008959210e-02 -1.777375760802560149e-03
-3.124485005753687566e-02 1.024328914005307768e-03
9.711288934615006085e-02 -1.453865457572882935e-01
6.494865599397374734e-01 -7.698238966015972240e-01
9.167901123753464665e-01 -6.318282791142693089e-01
1.044057061002423348e+00 -4.964502015709222338e-01
1.104966002710295658e+00 -3.848861902013452907e-01
1.129722080821256469e+00 -2.983941406469305391e-01
1.135740054302993851e+00 -2.330029665502280911e-01
1.094442131048138256e+00 1.847849467582920180e-01
1.088165561706340823e+00 2.267076363555174667e-01
1.071609148454523375e+00 2.790721828313095232e-01
1.037531353272823420e+00 3.431632052294242285e-01
9.743085087104175201e-01 4.180275880300314828e-01
8.646663053110043018e-01 4.960093602964023018e-01
6.909574223231483847e-01 5.533370532147651177e-01
4.432489978125938590e-01 5.528098601967705861e-01
1.925246731433319092e-01 3.920143848921054941e-01
2.711690982515601103e-02 1.270422858581954639e-01
-7.101773738459408666e-03 -2.051043909126534694e-03
3.785479008785025412e-02 -1.640122834610681091e-01
1.682114459161283271e-01 -4.156088263708911379e-01
4.513776850497402404e-01 -5.610201718226750511e-01
6.965628339178212558e-01 -5.502290850888840179e-01
8.646594021357940640e-01 -4.918993779878784167e-01
9.724268413057032268e-01 -4.171058407310169747e-01
1.036357828677809900e+00 -3.440709936902094923e-01
1.071446851039214998e+00 -2.803977908897339333e-01
1.088651965576716396e+00 -2.278346751323164499e-01
1.062362926950027875e+00 1.790716475333125335e-01
1.049840057126303794e+00 2.132478303682346366e-01
1.027356174886627338e+00 2.531252699002853879e-01
9.899521392036784162e-01 2.976658243350286948e-01
9.311871211878962606e-01 3.432934241626360294e-01
8.443049903829510372e-01 3.817340677438565977e-01
7.263264142473836449e-01 3.980824419099321942e-01
5.854303840984065310e-01 3.727103699322931729e-01
4.488954784595981518e-01 2.914003342719921896e-01
3.474827567156669739e-01 1.626302368545247123e-01
3.088808113584847193e-01 8.722280090630325083e-04
3.465726924124389874e-01 -1.598382351067602902e-01
4.464002465241759809e-01 -2.933083274148944319e-01
5.869301924506936663e-01 -3.744474416596169086e-01
7.281056800287555308e-01 -3.973942717951516879e-01
8.445873636122417372e-01 -3.805075738373936423e-01
9.306122017261995172e-01 -3.429004786268445293e-01
9.894462108089688845e-01 -2.980943351781639716e-01
1.027268969089251582e+00 -2.539062688088961073e-01
1.050135726981250128e+00 -2.140308329473057103e-01
1.035899114327671233e+00 1.684895862550006840e-01
1.020062446733586148e+00 1.950998499362069094e-01
9.956135995488163415e-01 2.240418717109063929e-01
9.595651439689190099e-01 2.534236988192557494e-01
9.088540590205942404e-01 2.794792447775912847e-01
8.415544248307932351e-01 2.958626798772280297e-01
7.591475374178250357e-01 2.937230304496022959e-01
6.692122614082539611e-01 2.638177008998657258e-01
5.861211430575343773e-01 2.011753138636786231e-01
5.268489689573995216e-01 1.093514286941876801e-01
5.051307803606773783e-01 5.287466430027175542e-05
5.265413010171517971e-01 -1.094886047458017292e-01
5.860128329735305730e-01 -2.018615996991960093e-01
6.697761376427664448e-01 -2.643739141259726089e-01
7.598018896017033619e-01 -2.936866458131661139e-01
8.417856215007576415e-01 -2.956082448266163509e-01
9.087465720341445508e-01 -2.794589609078164671e-01
9.594283342126996850e-01 -2.537393746512622839e-01
9.956447780640488299e-01 -2.245611091839696816e-01
1.020300905502294908e+00 -1.956590411909435168e-01
1.014978755077986294e+00 1.552508760630453288e-01
9.979558225863335297e-01 1.752109659472464165e-01
9.739898497783898712e-01 1.953750680082135815e-01
9.414881276881909011e-01 2.137916847618919203e-01
8.992894516444442932e-01 2.273455260107977993e-01
8.474830385727375459e-01 2.316767220128021221e-01
7.885017349729634972e-01 2.216762848851432655e-01
7.279685477549627803e-01 1.929052955797928015e-01
6.744221886375114661e-01 1.437068834708745413e-01
6.372838842628171241e-01 7.691073507944991283e-02
6.239455797356535660e-01 -1.462596410888494704e-04
6.372725342604123044e-01 -7.726452198683678163e-02
6.745312699764910436e-01 -1.441417077833430094e-01
7.282545128090029962e-01 -1.932630707093101752e-01
7.888129911752868040e-01 -2.218519181754587954e-01
8.476647577752500773e-01 -2.317700443506256480e-01
8.993469033141162639e-01 -2.275085148323603423e-01
9.415257966992902627e-01 -2.140881938289154185e-01
9.741025302069670211e-01 -1.957717266564713010e-01
9.981806958367008820e-01 -1.756367849618870880e-01
2.004597488356683943e+00 1.598335229593295659e-01
9.821824034566885020e-01 1.554679451315824357e-01
9.600047066639576521e-01 1.689599761236618147e-01
9.317581909451698730e-01 1.797736953428460960e-01
8.972568382508012697e-01 1.855712916825242031e-01
8.573178801759392398e-01 1.835020607284456040e-01
8.142346724704899730e-01 1.706554135136397199e-01
7.720006079043654212e-01 1.449047944996379456e-01
7.359143846307129033e-01 1.059447306141840378e-01
7.114586012424151118e-01 5.601184910015789137e-02
7.027968501461446804e-01 -1.815035048293521091e-04
7.115007667822282889e-01 -5.638311174190890201e-02
7.360242393039214681e-01 -1.063149481322235718e-01
7.721760686397334261e-01 -1.452297774977149569e-01
8.144243714761504327e-01 -1.709119158141096939e-01
8.574707758878156172e-01 -1.837232595133724000e-01
8.973709678646935028e-01 -1.858134112383751368e-01
9.318725424919167555e-01 -1.800660298687993544e-01
9.601600032396135909e-01 -1.692934967586806894e-01
9.824009316744833908e-01 -1.558141506364952578e-01
