-2.511817837729093394e-01 -2.159745082372881431e+00
-8.417848878396761991e-01 -1.998137029950922905e+00
-8.574690923597567682e-01 -1.828970931729915650e+00
-8.831099125997262655e-01 -1.661842505683707172e+00
-9.225064163922498395e-01 -1.493933321063787290e+00
-9.796391228384505601e-01 -1.319704271565029119e+00
-1.057031906952845768e+00 -1.129865822632277972e+00
-1.152517168841938000e+00 -9.106675142162101722e-01
-1.252646146041512143e+00 -6.474742600074928633e-01
-1.332241721213625496e+00 -3.347690339158134742e-01
-1.361181085477753516e+00 1.229532974775989114e-02
-1.326084922533577570e+00 3.582018462421685534e-01
-1.241736599253738138e+00 6.677556846433816418e-01
-1.139264612957847422e+00 9.264998258839409750e-01
-1.043376413899173905e+00 1.142573033841039143e+00
-9.660165168083576503e-01 1.329817370275341970e+00
-9.095748714052163120e-01 1.502069382398844244e+00
-8.709901152442712791e-01 1.668644661462777679e+00
-8.460990001664945304e-01 1.834798206785006824e+00
-7.830653051833720291e-01 2.001266919792705767e+00
-2.025041201781846434e-02 -2.151522380814510527e+00
-5.557188336155783892e-01 -2.002292625062836784e+00
-6.119180932174459464e-01 -1.841011675380638257e+00
-6.306127879936724856e-01 -1.683603841530380674e+00
-6.648406086885537691e-01 -1.529672695716589148e+00
-7.221471949983857552e-01 -1.374198775300422337e+00
-8.102181706581765841e-01 -1.205763398783573415e+00
-9.324493790237543545e-01 -1.005687256234029103e+00
-1.079081344284964938e+00 -7.426526334474284896e-01
-1.207462711110911968e+00 -3.971357930990283558e-01
-1.257431116008839611e+00 1.460683010565021200e-02
-1.198036353508478147e+00 4.243339354834816946e-01
-1.062272042344036160e+00 7.642513876676527707e-01
-9.161400014015835813e-01 1.021002440738429273e+00
-7.924605288131688630e-01 1.217250659023730197e+00
-7.060456036131872448e-01 1.382118019656202401e+00
-6.504040934060109080e-01 1.536117141801694785e+00
-6.172876875912161054e-01 1.689099278505410862e+00
-5.995505527453975914e-01 1.845734306462182950e+00
-5.443883893192891232e-01 2.006188309755426946e+00
2.107792759164752450e-01 -2.135391455636419966e+00
-3.116179822881968153e-01 -1.998686655711944038e+00
-3.566430987789042661e-01 -1.841178401531269104e+00
-3.629637872877119475e-01 -1.691201857753198867e+00
-3.839093187541449681e-01 -1.549504136057006098e+00
-4.295793386247992451e-01 -1.414204940566395896e+00
-5.175811868258057835e-01 -1.277559460840611560e+00
-6.645873211940503955e-01 -1.109715670658188991e+00
-8.704467168862057846e-01 -8.726477105708558835e-01
-1.081418724722629676e+00 -4.941644126727535724e-01
-1.173756574648064488e+00 1.717771201337736989e-02
-1.067451071172548227e+00 5.253397302968729754e-01
-8.505960962622224342e-01 8.893723121582719493e-01
-6.377233421445622774e-01 1.123606185744316255e+00
-4.980620773856500039e-01 1.282559119573953632e+00
-4.133843022393517419e-01 1.419759399874727546e+00
-3.683229397659117388e-01 1.554368864255741167e+00
-3.484467204490635517e-01 1.695128818755084810e+00
-3.433618625186232731e-01 1.844485107313895034e+00
-2.997041516073151723e-01 2.001468416624339497e+00
4.395527620820315895e-01 -2.110964399297744709e+00
-1.106287512993269218e-01 -1.982437409379216753e+00
-9.477908146899904906e-02 -1.824372792744202165e+00
-8.390767648658903344e-02 -1.676588586552461679e+00
-8.460043126151295390e-02 -1.540564569943841056e+00
-1.078999784125119765e-01 -1.416608236445522584e+00
-1.710497120647485603e-01 -1.302058039590494154e+00
-3.084763598577395793e-01 -1.195617920251851762e+00
-5.871578779681152493e-01 -1.008671505011401459e+00
-9.285907928578998050e-01 -6.281292766704842379e-01
-1.111037830604829413e+00 1.833849590833550730e-02
-8.951716564353326966e-01 6.735610099225229908e-01
-5.429317402187305852e-01 1.030841943003489636e+00
-2.948792657570909470e-01 1.199479787547854448e+00
-1.515135344491383429e-01 1.310859235581827154e+00
-8.722033235943726925e-02 1.420445862438195705e+00
-6.622600381602194997e-02 1.542331961455600364e+00
-6.809510791081546666e-02 1.677894739208755981e+00
-8.085750397150001656e-02 1.825745791220572345e+00
-9.804068256824166605e-02 1.983927921391080318e+00
6.634941083284133789e-01 -2.078748845636567921e+00
1.366894145405394279e-01 -1.950262780286597719e+00
1.681874859166116731e-01 -1.786359062606700743e+00
1.997622159911977557e-01 -1.632456976940335203e+00
2.251577608736045621e-01 -1.491607265634050661e+00
2.322086979536288065e-01 -1.367693150775306954e+00
2.007915361048844827e-01 -1.265666723396413174e+00
8.435066208641817109e-02 -1.187901630329512681e+00
-1.964080644331914205e-01 -1.093913831805203740e+00
-7.883907394636849864e-01 -7.584112942250715861e-01
-1.066568636421846739e+00 1.458579248284240515e-02
-7.372375883737080082e-01 7.624638506717910102e-01
-1.675932364230985905e-01 1.120232355776842548e+00
1.095126080032409466e-01 1.185942860536213450e+00
2.281435235442013376e-01 1.255824222649295274e+00
2.551053556498609209e-01 1.359179617328396983e+00
2.431015592424672911e-01 1.486659019227928979e+00
2.148601020998742728e-01 1.630198307467388918e+00
1.817526256412502483e-01 1.785608236488502198e+00
1.492116432779055368e-01 1.950288364516391093e+00
8.802015758103900467e-01 -2.040269993591527609e+00
3.777142219568564996e-01 -1.902371268441719998e+00
4.241239541969680227e-01 -1.724890378740034036e+00
4.764310597113315948e-01 -1.552498922257635305e+00
5.297012190180334645e-01 -1.387643834575805535e+00
5.693549673114239873e-01 -1.239961465297358290e+00
5.576025284887750066e-01 -1.132482634935005672e+00
4.148911291592728423e-01 -1.058582039493451976e+00
-7.118504956243226767e-01 -7.290423436101743926e-01
-9.546295247736912293e-01 -4.284927599799043252e-01
-1.014515007260772261e+00 3.671863048975832627e-02
-8.523420038588991332e-01 6.221401372173738231e-01
-3.184362037909128640e-01 9.960128843547195743e-01
4.160459453544503861e-01 1.077258182573445078e+00
5.980117870048076156e-01 1.113446383935589923e+00
5.879231145787041646e-01 1.230976404973046279e+00
5.418564474728388980e-01 1.383881492204296793e+00
4.885466228460251248e-01 1.549916477284685623e+00
4.364687118174628289e-01 1.723174704725178419e+00
3.898068690208128517e-01 1.901339267316781712e+00
1.039169155687168278e+00 -1.995654408268126456e+00
6.062829788985797386e-01 -1.841014304062522200e+00
6.629084298617187176e-01 -1.642441036595914783e+00
7.286492296456650308e-01 -1.438356300712893887e+00
7.986781339985349337e-01 -1.224101712343711901e+00
8.561974348967152926e-01 -9.880375336337956504e-01
7.769300898106864528e-01 -9.263171950453158443e-01
-5.177090244125085450e-01 -8.553639796171298437e-01
-7.995329294068734827e-01 -4.081802197298266544e-01
-8.131783220634489773e-01 -2.028554126379348566e-01
-8.166155418044122039e-01 7.808818800214933735e-04
-8.122797353337374293e-01 2.053929021425827117e-01
-8.129077969630218448e-01 4.160791269224116129e-01
-5.685220663101446803e-01 8.126487704530147571e-01
7.772720941097168712e-01 8.737493341248524503e-01
8.478639879533557133e-01 1.008356591166360117e+00
8.068506643148545265e-01 1.223267568426680496e+00
7.402681063677527540e-01 1.436959082341559668e+00
6.748757514982119954e-01 1.640641658505390676e+00
6.181482529320477814e-01 1.839305816612291755e+00
1.141425686197949929e+00 -1.948862222727387739e+00
8.173889637764735205e-01 -1.771673069178608229e+00
8.761593021742790643e-01 -1.547639380007738152e+00
9.413146986795690729e-01 -1.304245232744017713e+00
9.941325325588150630e-01 -1.026535646227913157e+00
9.725325169319499752e-01 -7.418581454880963655e-01
-2.442318565228688843e-01 -9.506814214838086308e-01
-6.087824068848695092e-01 -6.114462096689887716e-01
-6.138463969627502292e-01 -4.047563267215712468e-01
-6.163367551533448507e-01 -2.012205673542936113e-01
-6.173792225130163569e-01 5.336377907056019058e-04
-6.174484458428445288e-01 2.025025405547186408e-01
-6.168960056096922662e-01 4.050320344197371192e-01
-6.105296091704786043e-01 6.132282918012613715e-01
-2.357390423815990677e-01 9.748826630068818666e-01
1.002528578925391489e+00 7.199256232030507574e-01
1.009185618784856908e+00 1.032297245213142922e+00
9.528990760179976149e-01 1.301971138787625826e+00
8.884700788951609418e-01 1.544852183487376962e+00
8.293774956494824879e-01 1.769087858184114292e+00
1.193058478059673799e+00 -1.905121549503075551e+00
1.008898972896870916e+00 -1.701975769163515784e+00
1.060637043596331486e+00 -1.452855519401072382e+00
1.108982016991517439e+00 -1.171779936131861710e+00
1.120736354698020465e+00 -8.451595947068955006e-01
6.820283657540411326e-01 -9.493292956612202627e-01
-4.008705488200866585e-01 -8.209248093699115234e-01
-4.150256400291872927e-01 -6.069374075253866074e-01
-4.174089670586192957e-01 -4.034505739883034736e-01
-4.182664117446204255e-01 -2.013756842625240850e-01
-4.188064865000995507e-01 6.376075662019396045e-05
-4.191759623644417121e-01 2.013195975991675657e-01
-4.192816686750316379e-01 4.027504266882773742e-01
-4.174764878216660757e-01 6.051812024422960068e-01
-3.924403862910259555e-01 8.172562696051579589e-01
3.510180607824069932e-01 9.890736948380065563e-01
1.139432642755949798e+00 8.352765830021464666e-01
1.123194504108625980e+00 1.168673486575233733e+00
1.073321500330515876e+00 1.448643210983925123e+00
1.021015890417616312e+00 1.698142661031563305e+00
1.284457573960098076e+00 -1.866883212154532679e+00
1.182229845051506967e+00 -1.639860984941751809e+00
1.219574203690836134e+00 -1.371240575146433605e+00
1.242251092877173280e+00 -1.063777719187661397e+00
1.209959061971110694e+00 -6.986964889971782888e-01
2.444159311932420087e-01 -9.871891167157554881e-01
-2.085198858455558912e-01 -8.048591554107586976e-01
-2.182868994511429628e-01 -6.042307356540758123e-01
-2.193846172126557859e-01 -4.025744086182961312e-01
-2.196707350605261178e-01 -2.012552582724085048e-01
-2.198573491556926884e-01 -2.680060911842074237e-04
-2.200987529513492302e-01 2.004256287599908148e-01
-2.204524507845883052e-01 4.009475818381276202e-01
-2.205101111727238716e-01 6.020214449128751255e-01
-2.143354710066901758e-01 8.073206368894119134e-01
2.464606369722280310e-01 9.944990844837716670e-01
1.208659878279831235e+00 6.760208582022106949e-01
1.257114059553380736e+00 1.053888734035640429e+00
1.232628285460356299e+00 1.364680171854358415e+00
1.194272147778672410e+00 1.634514579818917790e+00
1.316382263821812337e+00 -1.845187833512854425e+00
1.341895333849222105e+00 -1.591551966528060635e+00
1.361456202899532952e+00 -1.312111312137322683e+00
1.357163820158843848e+00 -9.922902637639170464e-01
1.283217517665724117e+00 -6.112748211667844433e-01
3.516856548551521300e-01 -9.216767091499687981e-01
-1.347651931862240207e-02 -8.062258605084400287e-01
-1.982006552352228584e-02 -6.025857596017637485e-01
-2.052193021842577125e-02 -4.016525574816055544e-01
-2.058097788045781112e-02 -2.008992338144378054e-01
-2.047903937496755797e-02 -3.077143432808380564e-04
-2.030360965457637945e-02 1.998659595770501951e-01
-2.023661152496694302e-02 3.993028063658898841e-01
-2.051359881710314997e-02 5.976399473394043982e-01
-1.922511560639299927e-02 7.942077265296915156e-01
3.213029784698189228e-01 9.415977724774600155e-01
1.267327011940096781e+00 5.854287321844989789e-01
1.368097825741014795e+00 9.760948199930612468e-01
1.373707520598913545e+00 1.302637772805563587e+00
1.353427294643532841e+00 1.584602976955254539e+00
1.481106746973155364e+00 -1.817175594698217322e+00
1.493977555338426466e+00 -1.560192525075547509e+00
1.496183654060351476e+00 -1.279092068447745145e+00
1.469615110547533465e+00 -9.617153828031281826e-01
1.365324999260656202e+00 -5.848197831507395694e-01
5.964178700267298572e-01 -7.917999420949556333e-01
1.853721311386132831e-01 -7.954625062266877933e-01
1.801416036381436048e-01 -6.001124060712093033e-01
1.790781427299655282e-01 -4.007114042435391821e-01
1.788439289936592791e-01 -2.004071211424794663e-01
1.791786252220477493e-01 6.041169843478501117e-05
1.800631037672303647e-01 2.000341341408635731e-01
1.815165163602557030e-01 3.987528879031694284e-01
1.839270961268026361e-01 5.949494534579555793e-01
1.937259697970850625e-01 7.862682794529775032e-01
8.629079470218325998e-01 8.142143954977457687e-01
1.348450352218251380e+00 5.551233035881171229e-01
1.476308343186127026e+00 9.436673051164901072e-01
1.506582963693221755e+00 1.267767590019663437e+00
1.504499003122300671e+00 1.551990047746061752e+00
1.643151161200496757e+00 -1.800950865279324464e+00
1.644451191548111701e+00 -1.545737196327805263e+00
1.632375178342398980e+00 -1.270515967551147485e+00
1.590842694714516004e+00 -9.665830242985468113e-01
1.475112723374178536e+00 -6.141167156114925030e-01
9.641949614010073555e-01 -4.798998748579302309e-01
4.082813860550093543e-01 -7.965787693720861595e-01
3.821938335598981662e-01 -5.986157735227983778e-01
3.793902063443887474e-01 -4.001770529210816330e-01
3.782666822187328304e-01 -1.999857693999654851e-01
3.786697313735281067e-01 9.063003258267927041e-04
3.804884915367189868e-01 2.012790562319888843e-01
3.838987632324709631e-01 4.001923154279526940e-01
3.908626656504277652e-01 5.960716154254044330e-01
4.054371763373625925e-01 7.764969097076633853e-01
9.058116284767546711e-01 4.840265174207324383e-01
1.469179742418956991e+00 5.990915560151016672e-01
1.595393925669100765e+00 9.506059839033680348e-01
1.640882669862421261e+00 1.258957885210073346e+00
1.653736540655009746e+00 1.536935727963655518e+00
1.806003271073626237e+00 -1.795466085927703181e+00
1.798040389761952351e+00 -1.545736122677728197e+00
1.775945011670317930e+00 -1.281237395855696182e+00
1.726901851100869578e+00 -9.971989879945095669e-01
1.620578435347885593e+00 -6.852936452031817005e-01
1.342346129579171432e+00 -3.424497864793260571e-01
7.736156136284270124e-01 -6.042323755157533727e-01
5.908375825698884976e-01 -5.917949857562969651e-01
5.805582839717330357e-01 -4.008659366198280005e-01
5.768849551980513857e-01 -1.997799272578505703e-01
5.774081164423078283e-01 2.286879243867491647e-03
5.803801067228101518e-01 2.035596904923997752e-01
5.860578881306890420e-01 4.029335129482587985e-01
5.941167974724186340e-01 5.978687119521319815e-01
7.833037906575207598e-01 5.973714539344640029e-01
1.366950178749547939e+00 3.399663754164242158e-01
1.621992071722182072e+00 6.746978983279621200e-01
1.731526328352865240e+00 9.844469252566110384e-01
1.783179294029575424e+00 1.270470515767924358e+00
1.806193004279427861e+00 1.536916949961069534e+00
1.972180655034398100e+00 -1.798658529376554682e+00
1.957745987187504477e+00 -1.556483292064149149e+00
1.929967331710738199e+00 -1.304742506508733468e+00
1.879753772679686463e+00 -1.042103199448999540e+00
1.790033067424339874e+00 -7.680245644184806597e-01
1.622506118041386225e+00 -4.859966223529074703e-01
1.283333777397328124e+00 -2.310119248210772969e-01
8.382475480005928681e-01 -4.859745254641457124e-01
7.834781859003443483e-01 -3.987449902615965436e-01
7.728975131072322036e-01 -1.967350172357021088e-01
7.755287018394132481e-01 3.436252066340159377e-03
7.809080068970845057e-01 2.067809633273797743e-01
7.842054975483032653e-01 4.015492926459107714e-01
8.833599421789656292e-01 4.586795688303453300e-01
1.329730212037200543e+00 2.142310752595905365e-01
1.634009012065935851e+00 4.808021982638817082e-01
1.794259989570012870e+00 7.581890125078927234e-01
1.884909572802592859e+00 1.031332810187717053e+00
1.936495014222546551e+00 1.294910489548145582e+00
1.965007690440457644e+00 1.547940132570790217e+00
2.243468909887367246e+00 -1.811545926326874056e+00
2.225816230595973000e+00 -1.577969670897998222e+00
2.196806115975497242e+00 -1.339171105621500768e+00
2.099351802865135230e+00 -1.093099024245807627e+00
1.974576332150604019e+00 -8.456770096292006711e-01
1.862722912003764719e+00 -6.051810947044493627e-01
1.696754767280612031e+00 -3.841726571282323976e-01
1.458957213430484012e+00 -2.047591359832650060e-01
1.203181949954916785e+00 -9.841556887178212754e-02
1.013670988375922732e+00 -1.703634650723818700e-01
9.814167762325690658e-01 -3.870406172725451843e-03
9.918197444999643508e-01 1.184296662830703201e-01
1.135974858562996737e+00 8.366355651460927190e-02
1.466704013110504023e+00 1.836378012499405021e-01
1.708052749309446616e+00 3.731716096291637363e-01
1.869349090748468001e+00 5.958404474401779449e-01
1.979580701035426049e+00 8.358394066463589178e-01
2.104796941859018666e+00 1.083312509173312899e+00
2.203018341115887235e+00 1.330088779083614892e+00
2.232502033334347491e+00 1.569826745701035975e+00
2.519395183869414190e+00 -1.828269016373622380e+00
2.500614494341921734e+00 -1.602962004897886539e+00
2.422453514412043152e+00 -1.372819650582389750e+00
2.381725116158691424e+00 -1.144563299697572090e+00
2.324667725416467601e+00 -9.190782747465956470e-01
2.194617486277768315e+00 -6.989611998749266641e-01
1.988261258248092744e+00 -4.953882741248345489e-01
1.870260899121621412e+00 -3.240134065050955248e-01
1.752029401002733078e+00 -1.884894736251465086e-01
1.658465904850890293e+00 -8.698520568978754253e-02
1.621838793822828251e+00 -8.186451580221187907e-03
1.659514558027485931e+00 7.108137878777076590e-02
1.753941682857506068e+00 1.726819602087050209e-01
1.875356825961997043e+00 3.102891408292544062e-01
1.993913354250058889e+00 4.839853899011481442e-01
2.199926480627464542e+00 6.886242118325568429e-01
2.329785892523446478e+00 9.093951837672960004e-01
2.387071573153949355e+00 1.135397286979474174e+00
2.428179317227023404e+00 1.364307364050616256e+00
2.506554092796386968e+00 1.595247588163520192e+00
2.800065615099481153e+00 -1.847874065929916654e+00
2.781835157829970484e+00 -1.629933412530129688e+00
2.706517984166348256e+00 -1.407859285602453658e+00
2.672338980494226135e+00 -1.190915491048931685e+00
2.628112378355214940e+00 -9.783656625622613179e-01
2.520374217009715423e+00 -7.703768267222323995e-01
2.455403276240532229e+00 -5.798052177433008492e-01
2.332070504656662546e+00 -4.055947067845996346e-01
2.213380815601401430e+00 -2.543470853127144382e-01
2.112674683122505837e+00 -1.240929987902489318e-01
2.095923692878170819e+00 -6.926452425132743722e-03
2.113880560749168858e+00 1.104293856990059691e-01
2.215855125969988126e+00 2.411200813879215143e-01
2.335684413986176544e+00 3.934184914992840953e-01
2.459563755450523637e+00 5.689131987247794120e-01
2.524784177333772472e+00 7.604033435629014015e-01
2.632762518532767437e+00 9.690511724131396498e-01
2.677260982044558979e+00 1.182209534634770076e+00
2.711733751273457393e+00 1.399768191945729434e+00
2.787164018792435805e+00 1.622494474801495778e+00
3.085492234925655275e+00 -1.867892930577241373e+00
3.019205377224516429e+00 -1.652522718661324053e+00
2.997177191548669573e+00 -1.441050026459018030e+00
2.969502463202042808e+00 -1.232037920827732558e+00
2.935885390975399467e+00 -1.027502181599391218e+00
2.896871692364830331e+00 -8.299964627585741939e-01
2.799924135471903330e+00 -6.382083326189557093e-01
2.756334155740800984e+00 -4.630856280839549255e-01
2.718489069250153989e+00 -3.010587419561367439e-01
2.634992363273858107e+00 -1.490470716748883706e-01
2.625780313994540371e+00 -6.018968643844447783e-03
2.635990591432411989e+00 1.371379993771249806e-01
2.720323954837363001e+00 2.897927369017705979e-01
2.758962782940864944e+00 4.523691799389311652e-01
2.803159658718211045e+00 6.281474023361719450e-01
2.900527341077946186e+00 8.206130106566290605e-01
2.939894627457303677e+00 1.018704821287899742e+00
2.973824549543585327e+00 1.223789344504920384e+00
3.001780251869401450e+00 1.433339464567815913e+00
3.024044339777232082e+00 1.645348829197101459e+00
3.375027156369247550e+00 -1.885705894702186303e+00
3.310800696497946838e+00 -1.676197440438376818e+00
3.292372301740901008e+00 -1.469835733551808410e+00
3.270397808363949554e+00 -1.266052098427713268e+00
3.245067665007409730e+00 -1.066195471023178687e+00
3.217157206582894169e+00 -8.717850977102633570e-01
3.188235010052422158e+00 -6.842595823332092708e-01
3.160738656698701465e+00 -5.045614700968334976e-01
3.137763917276467751e+00 -3.326398640956277908e-01
3.122487347121283729e+00 -1.670780726550363249e-01
3.117334197716103539e+00 -5.093665217290673994e-03
3.123210479795685224e+00 1.569623818461553522e-01
3.139183337667451390e+00 3.227350392230936560e-01
3.162794859394388425e+00 4.949895858139926608e-01
3.190839905475636229e+00 6.751051922794684135e-01
3.220217761045940819e+00 8.630866280486606534e-01
3.248507950069353889e+00 1.057959874227435870e+00
3.274161330545174220e+00 1.258276187115611844e+00
3.296411777325847225e+00 1.462516798806689611e+00
3.315069584854734241e+00 1.669332839295534221e+00
