2.164678547175969303e+00 -6.851617006834989643e-02
1.148357361034515023e+00 -1.782291746516184161e-01
1.153887142646981889e+00 -2.186273175226001730e-01
1.150864038488476293e+00 -2.685768962183603392e-01
1.131561555975529210e+00 -3.282257957682757077e-01
1.084470352213191324e+00 -3.941009840001895026e-01
9.938634593171422615e-01 -4.557029454167856874e-01
8.426356520587398036e-01 -4.824563668289554852e-01
6.489190844402691338e-01 -4.222212327680595623e-01
4.723249166261581644e-01 -2.399764585041792297e-01
4.079287094811442360e-01 3.819025115870143539e-02
5.014286614241519890e-01 3.084819642686227881e-01
6.943733852331137602e-01 4.710575015552269096e-01
8.869829721293286395e-01 5.103250663082697924e-01
1.032112977722439373e+00 4.790170038280950893e-01
1.122578649761841518e+00 4.132680413948390807e-01
1.167413486525948896e+00 3.428364189537698170e-01
1.183870938037496101e+00 2.803765552101039615e-01
1.184405641091780037e+00 2.285930776872368009e-01
2.137455924816218822e+00 1.481263932922251836e-01
2.180277789475185468e+00 -3.349552114655756502e-02
2.147648947874183811e+00 -1.264473560326158375e-01
1.217977667424045229e+00 -1.916961925378782017e-01
1.235913593718155346e+00 -2.420831130063597625e-01
1.242705344379013033e+00 -3.085449470040634301e-01
1.222429900481629028e+00 -3.931532478068248682e-01
1.152166323811262050e+00 -4.883191865147847310e-01
1.000369085859779350e+00 -5.805297038405460297e-01
7.213068941705169657e-01 -5.704077258059269129e-01
4.296722177648111263e-01 -3.606371293210046125e-01
3.090304420471761127e-01 4.572052088401613867e-02
4.761596106020520858e-01 4.365767872936504035e-01
7.911632058758676367e-01 6.084719474977257070e-01
1.039506843476568854e+00 6.044396991726074253e-01
1.203562561897628225e+00 5.099728734283774934e-01
1.267727826717378381e+00 4.037433516004944600e-01
1.281679778115358381e+00 3.167109278659172578e-01
1.271311793387227551e+00 2.492513303018029924e-01
1.250553279242753613e+00 1.979732467234538162e-01
2.174522026253606910e+00 1.276344193143753858e-01
2.186077550618478860e+00 5.910449571569469616e-03
2.182230602930279151e+00 -9.541498654120801615e-02
1.278740092073787249e+00 -1.386118329027747897e-01
1.320229972695493803e+00 -1.763262946847148349e-01
1.361876262837826923e+00 -2.301820060998926720e-01
1.393109548371362028e+00 -3.122781531183594361e-01
1.374721726168495417e+00 -4.429821318684074583e-01
1.237201115507754023e+00 -5.820964529611233340e-01
9.434014597892832477e-01 -7.327432456823327334e-01
4.552458373654116874e-01 -5.475808579379100038e-01
2.079706700663522534e-01 5.315608214728247127e-02
5.224178615919068402e-01 6.197538166959699613e-01
9.748094051082037970e-01 7.343501199664590473e-01
1.332597939694990075e+00 6.004342533688838968e-01
1.422843074235750516e+00 4.367993579088404466e-01
1.433351230060729620e+00 3.158056015337233902e-01
1.402020872306627863e+00 2.331507123884225818e-01
1.357674702089501917e+00 1.783883927321353036e-01
1.312994444031605257e+00 1.404758395599425558e-01
2.208419998718619492e+00 9.447826122002782323e-02
2.180964649874571393e+00 4.597263344386200157e-02
1.274183411119031328e+00 -5.197534406299400556e-02
1.323883606235479071e+00 -6.024252894206046094e-02
1.382393061368087928e+00 -7.137086829881011951e-02
1.448413158388907940e+00 -9.012467426138080773e-02
1.516775547182595441e+00 -1.272526100091374845e-01
1.577631079668939895e+00 -1.981153517998738844e-01
1.635134209491527768e+00 -3.724037090429258567e-01
1.245021830401649376e+00 -6.681535856237308391e-01
5.835504136309604961e-01 -7.152721553809080479e-01
1.143668811601746410e-01 5.592141371466217981e-02
8.052384148146483067e-01 7.863336052470837334e-01
1.455834237017847199e+00 6.573926673084661276e-01
1.634815833357443404e+00 4.217631089515077591e-01
1.646122736722163138e+00 2.034041294241227260e-01
1.571766878221122710e+00 1.143270492816317735e-01
1.493281871018289797e+00 8.015495604106234739e-02
1.421465658846644553e+00 6.520172083419767395e-02
1.358959246319721315e+00 5.647366491912408915e-02
1.306117712509401896e+00 4.966693315008079840e-02
2.165488959505481148e+00 8.270720441666053191e-02
1.289424042048394670e+00 1.863666857854115108e-02
1.342817323376823246e+00 3.623139011763526485e-02
1.405657824998111760e+00 6.234895357504004892e-02
1.478287041904640331e+00 9.604876632155075200e-02
1.563022002602531657e+00 1.278205557823091643e-01
1.666529522666774454e+00 1.227653780860422095e-01
1.766568310146101384e+00 -3.253679197955895719e-02
1.668292665138804809e+00 -1.796508856135746457e-01
6.556484929467908396e-01 -8.942321410393131442e-01
4.860349753042435272e-02 4.577458351952543719e-02
6.774723184812012633e-01 7.209836949717558507e-01
1.867706103027922948e+00 4.029530551170442676e-01
1.779447045705059072e+00 -8.467632421701001832e-02
1.669694292544918302e+00 -1.711576380354590809e-01
1.589472091100344819e+00 -1.533034790963191396e-01
1.513071264032168406e+00 -1.142018275292590868e-01
1.441178525296798352e+00 -7.521953272273033952e-02
1.376603321258368595e+00 -4.533320034075523364e-02
1.320872038405599191e+00 -2.516678893836929790e-02
2.141819786354577815e+00 1.127401558643880003e-01
1.282996759871835035e+00 9.300725681800262046e-02
1.328808382443706471e+00 1.387377832922294107e-01
1.376213877265449748e+00 2.066155067261193634e-01
1.418299441682588702e+00 3.003437190023514614e-01
1.452337204330975018e+00 4.066751242951356926e-01
1.502643077197443722e+00 4.826672671483810406e-01
1.561317028589422229e+00 3.563813104725302439e-01
-4.109929753652161177e-02 -3.661152102200046499e-01
5.396217200835242561e-02 -4.252753743358943517e-01
-2.043482649125117050e-03 5.856416571054687270e-02
6.388071708567327756e-01 6.657201351385744204e-01
8.562777390984522841e-01 2.872850756792609261e-01
1.674998119934861585e+00 -1.651351661387192304e-01
1.599773390313105725e+00 -6.273762176202171137e-01
1.525245149334530925e+00 -4.567361894273465617e-01
1.465407955558368336e+00 -3.188762600622852550e-01
1.412204058493250258e+00 -2.214887920169994751e-01
1.361225659630177720e+00 -1.515010620632654126e-01
1.313319569893436567e+00 -1.032215777209496976e-01
1.138625512063823120e+00 1.799616352980861200e-01
1.255287322723991350e+00 1.617572738842162072e-01
1.282853433653124098e+00 2.315501799239264857e-01
1.298032176225577761e+00 3.339733231590841234e-01
1.287339921252034891e+00 4.845423952449340876e-01
1.185047371054719578e+00 7.776363071186483955e-01
1.377610091697377914e+00 9.645941447230277355e-01
4.328952493860163675e-01 -2.362331547524732789e-01
-4.054878746398597744e-02 1.642371594338968774e-02
-1.629930034309367767e-02 -1.121584403237432456e-02
-2.270855831602043573e-02 -4.158917786598246430e-03
-1.648217200909777094e-02 -8.046041022223658981e-03
-1.805190610433059228e-02 3.299756433121280204e-03
-5.900112489806629695e-02 1.113733877895043550e-01
1.169570394793319590e+00 -6.495242084732185672e-01
1.204572742746095715e+00 -6.959655128757434861e-01
1.302383145069165193e+00 -5.266406292687019208e-01
1.329885258069870790e+00 -3.609877487065935586e-01
1.313577903175625838e+00 -2.497058196570417776e-01
1.284097099196751302e+00 -1.756555130371073858e-01
1.119060656744036653e+00 1.929542388816990195e-01
1.211152315079809361e+00 2.167212782376189140e-01
1.213950639179268487e+00 3.023368665970229685e-01
1.183763001405878423e+00 4.293046694614697234e-01
1.052713123306455500e+00 6.218814048588565679e-01
7.260854453176562862e-01 7.141627641695614814e-01
-3.495820495299623576e-01 4.611645515329412248e-01
-4.144612908944118879e-02 -1.308658426593792799e-02
-2.216596136648983639e-02 -5.498043748823242330e-03
-2.237221880129618146e-02 -5.774685089461998461e-03
-2.126105650964697086e-02 -4.915832513369923149e-03
-1.916972531612546812e-02 -4.409614204608548922e-03
-1.501727469441733152e-02 -3.743028023372959191e-03
8.355950778604594870e-03 1.021457918930446414e-02
-3.081126648484996608e-02 1.014909975111367157e-01
6.780205996529240497e-01 -9.112732338922510111e-01
1.089520587129110707e+00 -6.255749334558207142e-01
1.202277854164168991e+00 -4.563188488339011695e-01
1.239286974008110942e+00 -3.254266159213942688e-01
1.237355641538666839e+00 -2.341861487478586190e-01
1.108510331124330728e+00 2.025477615473907922e-01
1.158080706122091907e+00 2.529898387900039736e-01
1.134390488699436039e+00 3.436315284596533348e-01
1.053151937877187194e+00 4.710594292729443633e-01
8.466058471976846134e-01 6.020708512328827311e-01
1.458932907812885205e+00 4.939365334537308416e-01
6.900253943810842269e-03 -4.173327325355068868e-02
-2.056303371481261327e-02 -4.187265066522718668e-03
-2.339085660819748697e-02 -5.445545319505785964e-03
-2.297483692252658138e-02 -4.794479974706861158e-03
-2.213408499293218271e-02 -3.791276676822999230e-03
-2.087055224921413252e-02 -2.137338991906038120e-03
-1.897213856442939162e-02 1.433426684903605849e-03
-1.997891711264047909e-02 9.663367583944586225e-03
-2.375296326744956096e-02 -6.527544970709300842e-03
4.167953383482307372e-01 8.183563798322543437e-02
8.463260803314642811e-01 -6.648015027831152279e-01
1.071485754778282784e+00 -4.945962116127716746e-01
1.154530624210051926e+00 -3.675247888796358553e-01
1.180947026233718500e+00 -2.727375365091412873e-01
1.088683843769344239e+00 2.091163873518957494e-01
1.104225125935664575e+00 2.693861054512405317e-01
1.059299726219600224e+00 3.537455123491393683e-01
9.478072666445550576e-01 4.599715994169041311e-01
7.312731664466093351e-01 5.758085745103074249e-01
-2.964644966738669285e-01 -1.296849741920700488e-02
-3.307957815915207184e-02 -8.570124575118385352e-03
-2.479161503249437820e-02 -8.025320176364401231e-03
-2.438036756551328205e-02 -5.441164816098065064e-03
-2.394156710395112936e-02 -4.244692511435953913e-03
-2.344355040685877287e-02 -3.085627808052414552e-03
-2.319217072504677415e-02 -1.404993548153225715e-03
-2.366704373704066680e-02 1.544744258395015042e-03
-2.536790106955705976e-02 6.556322348772332907e-03
-2.310437726132144598e-02 1.745519246997568816e-02
2.661332592556366894e-01 -1.062796170584644484e-01
6.727131276045661412e-01 -6.059621521989229098e-01
9.599497445531959272e-01 -4.901171442116687427e-01
1.076365376906101456e+00 -3.779254338476351061e-01
1.124134873048046712e+00 -2.901352513124617616e-01
1.081329980176933825e+00 2.124602471056809549e-01
1.056328391567021630e+00 2.685159252790376705e-01
1.000098216899440340e+00 3.398304788569445067e-01
8.815029136735028636e-01 4.233326285761446206e-01
6.300575760909424838e-01 5.354184658490589444e-01
8.173820018824849709e-02 8.521558079629792948e-02
-2.646026955986335860e-02 -1.136940291719218572e-02
-2.753576421228188034e-02 -6.191497005861747518e-03
-2.576173729839873611e-02 -4.648450062039222869e-03
-2.493794314396988177e-02 -3.706672337447448722e-03
-2.458132934699781835e-02 -2.845599801207599269e-03
-2.485427852170061375e-02 -1.893060970447574308e-03
-2.656316838541374764e-02 -5.836360308689144197e-04
-3.149365436134964058e-02 1.992666399872490730e-03
-4.583968386155985036e-02 1.462990749542603108e-02
1.451487012721993097e-01 4.814924801958038458e-02
6.019081519249596113e-01 -5.426425633472008458e-01
8.860370633446470467e-01 -4.544704971494929469e-01
1.014590479457755157e+00 -3.646037076674157329e-01
1.073931547716955759e+00 -2.896435190175302155e-01
1.048265411892453480e+00 2.081680641607739635e-01
1.017922649265146084e+00 2.552699571463159511e-01
9.595519279691601122e-01 3.118022738386867498e-01
8.485647239276498111e-01 3.748555172565047888e-01
6.058305638788369363e-01 4.516766078028213727e-01
1.920968604089977050e-01 -5.000105338042219738e-02
-4.084166067041906933e-02 3.557631264437814862e-04
-2.823430396221151759e-02 -2.511478838175816228e-03
-2.628958805191535311e-02 -3.451318552801033342e-03
-2.559974282942277177e-02 -3.136684341514272851e-03
-2.515892083283073621e-02 -2.684780249103993835e-03
-2.521432766842682943e-02 -2.670509171573137372e-03
-2.661124930201006974e-02 -3.561687531324173907e-03
-3.052929282831962424e-02 -6.201810336619784439e-03
-3.166935966725074186e-02 -2.076320531188361948e-02
1.230864944676842487e+00 -7.099934910462519788e-01
5.919053817709759580e-01 -4.699237541837232857e-01
8.521643615290476204e-01 -4.035884764905350308e-01
9.722091430517496580e-01 -3.363188074220019863e-01
1.033727474508008948e+00 -2.763477634344847500e-01
1.021166613167859394e+00 1.970674903630671992e-01
9.894559403270964948e-01 2.346850746772442542e-01
9.349394972200146814e-01 2.773465360363808752e-01
8.401454456603301146e-01 3.224080719004181472e-01
6.494253988044041970e-01 3.703394903036804631e-01
2.475465562717556883e-02 -2.377229963477679453e-01
-4.858827636332112461e-03 6.356607436917035767e-03
-2.388627513155853685e-02 -3.100408726640315436e-03
-2.626367034978996720e-02 -3.106746604281461748e-03
-2.607801093534264231e-02 -2.691089678248300646e-03
-2.541183730214043035e-02 -2.067581577881108176e-03
-2.421121355466334529e-02 -2.515472323789412316e-03
-2.379073730220145066e-02 -5.286968123777554575e-03
-2.571339843474119979e-02 -1.044190910375682180e-02
-3.689168627907014192e-02 -1.644246496760292178e-02
-1.460156863142521300e-01 2.258960028022927724e-01
6.513954162712162210e-01 -3.937757884198793135e-01
8.461989365312452271e-01 -3.489034703895418366e-01
9.467304071389239795e-01 -3.008913835767228484e-01
1.003873316286845840e+00 -2.553341927509579778e-01
1.000073482581678164e+00 1.819405326796623146e-01
9.696231850489823723e-01 2.107685991450417018e-01
9.218955767751192409e-01 2.415775905725807693e-01
8.461702940925222016e-01 2.719521781286353690e-01
7.149497633406353136e-01 2.995246357182204666e-01
3.650824086890693820e-01 3.296002047011862279e-01
1.826165393760516634e-03 2.424288748726167661e-02
-3.653675664736748957e-02 -6.163585904655894537e-03
-2.609638450647158714e-02 -1.954442048211968951e-03
-2.715568287040468973e-02 -2.956862167919151879e-03
-2.646019829911683968e-02 -3.327671493054966574e-04
-2.243332553047598654e-02 2.812008585155135673e-04
-1.784790033672383619e-02 -4.783259286655738851e-03
-1.809899454549272410e-02 -1.074294855452425507e-02
-7.445570635670227533e-02 -1.894874802509087172e-02
4.213405983504958652e-01 -3.563578642833764576e-01
7.216122399378157581e-01 -3.239743352380695662e-01
8.544250998009903508e-01 -2.964837868166964041e-01
9.332823996998570459e-01 -2.639118951303421889e-01
9.829435433437418990e-01 -2.307575636378838557e-01
9.843252106714820426e-01 1.649737953574628158e-01
9.565484752751468589e-01 1.862864884452845315e-01
9.163301907726724149e-01 2.075989708370593045e-01
8.579954942476744062e-01 2.267555706596760812e-01
7.703676483216526094e-01 2.409865528002933521e-01
6.191737687469598406e-01 2.486239489660141133e-01
2.429167142181875849e-01 2.391691656792899190e-01
7.044566069491066396e-02 1.061911819249758276e-01
-1.612637770801905908e-03 -8.269871322735674810e-03
-3.490748622922983102e-02 -5.780915606267941417e-03
-3.021949312879940175e-02 3.123753211994696050e-03
-2.146762061014483719e-02 9.498953194351766535e-03
2.234378808256679873e-04 1.237629313273709564e-02
3.512075789863384340e-02 -3.661378621680290435e-02
3.032154997521088746e-01 -2.682124943454112787e-01
6.342795993622812878e-01 -2.713720524014992530e-01
7.782158059497173985e-01 -2.649406604508235397e-01
8.671138000291218617e-01 -2.496981412472463746e-01
9.273075070195216929e-01 -2.287611891118252194e-01
9.689249457898144735e-01 -2.055275773023897690e-01
1.977919406881070152e+00 1.122045613700771161e-01
1.959371478931770216e+00 1.232703317476543659e-01
1.934517410200333076e+00 1.332499324790929474e-01
1.901022936305765798e+00 1.487656854950533125e-01
8.109611072287089550e-01 1.939287335716870231e-01
7.288580085549034582e-01 1.918734101158297845e-01
6.079767806730336233e-01 1.792733616262830731e-01
4.032753502920213284e-01 1.519095559661216288e-01
1.069092650918524040e-01 1.144405171950963612e-01
-3.556221265311201862e-02 -1.364672216467268384e-01
-3.098642055443816962e-02 3.566686889810411019e-03
-9.618295377399814494e-02 8.987476376957534430e-02
1.259177764692145061e-02 -1.347679285061945398e-01
4.146312608435844815e-01 -1.803307719903106954e-01
6.196597155041082550e-01 -2.034805036269158318e-01
7.369371873021557384e-01 -2.155228986428326110e-01
8.189197466951715354e-01 -2.168181929853935652e-01
1.911983286438152962e+00 -1.700748230112353876e-01
1.946019329413191334e+00 -1.525022529541586458e-01
1.971552722963507032e+00 -1.408088172895672896e-01
1.969132426881578191e+00 9.316540329119295250e-02
1.953869533055732743e+00 9.916559165445401614e-02
1.934902726413434415e+00 1.083467219843610857e-01
1.910566131972092574e+00 1.110236793037687186e-01
1.881180470420613426e+00 1.099127969497757790e-01
1.841043397097229306e+00 1.110639777831197994e-01
7.284786233621232121e-01 1.359504193476588352e-01
6.588686499921631023e-01 1.113817405767697083e-01
5.856580687030845667e-01 7.643900149696941648e-02
5.229997152843121055e-01 3.263199055087429717e-02
4.973403183811060946e-01 -1.532541382228496361e-02
5.252847385615125875e-01 -6.253695492056202121e-02
5.894804002740845483e-01 -1.039174144072831513e-01
6.645486150457734498e-01 -1.366337273414110487e-01
7.347448481433652701e-01 -1.598107892168573740e-01
1.849434093508371957e+00 -1.343100477876929821e-01
1.889951305397448600e+00 -1.311903757951552729e-01
1.920123887189904677e+00 -1.307630226454664091e-01
1.945191613555232957e+00 -1.266087070554809402e-01
1.964480790708121427e+00 -1.158736306096837115e-01
1.964878214429572223e+00 7.675415034862351216e-02
1.952675157288967567e+00 7.958858956779829574e-02
1.937797207211511052e+00 8.443331829786786258e-02
1.920530821999395732e+00 8.394599111993902851e-02
1.901153767039656772e+00 8.056615197560934583e-02
1.876209075550280270e+00 7.824830591162121318e-02
1.852870582699619018e+00 6.720179441390258801e-02
1.822610852222505295e+00 5.587735179019224369e-02
1.791535153454919094e+00 3.867002062044420929e-02
1.763818921282994001e+00 1.497645968384551420e-02
1.758280073897447782e+00 -1.432598694642217910e-02
1.765986846157689971e+00 -4.313666222916083537e-02
1.795306407323387976e+00 -6.482816651106690364e-02
1.827554060379176226e+00 -8.005180464457883893e-02
1.858704986950623583e+00 -8.959363449986354477e-02
1.883025549332311810e+00 -9.933147241043216447e-02
1.908610094866033613e+00 -1.000968970597189422e-01
1.928772864559353151e+00 -1.022750048805735335e-01
1.946718763590778112e+00 -1.015869862322783673e-01
1.961929677573978292e+00 -9.546475426043343759e-02
1.963418660848606612e+00 6.305924465609681617e-02
1.953525139437459979e+00 6.640908594161971934e-02
1.942226105115333779e+00 6.622186864303386544e-02
1.929810204392188977e+00 6.427377457226292334e-02
1.916591195770622980e+00 6.020399128802730870e-02
1.903071711609999772e+00 5.373459480263054894e-02
1.886025616772857516e+00 4.746846782679886578e-02
1.873341765135857928e+00 3.555971225061235752e-02
1.863195447708049901e+00 2.137075327209101219e-02
1.850228271945539404e+00 6.330072939761074470e-03
1.848225454117285560e+00 -1.130213697861232568e-02
1.851582529578401193e+00 -2.876307944567239178e-02
1.865736058110921469e+00 -4.290855313733522858e-02
1.877045979976988965e+00 -5.642859626353949332e-02
1.890788669398125954e+00 -6.752431557223449732e-02
1.908613060852825560e+00 -7.260806785680223863e-02
1.922968505265278072e+00 -7.817663195968778400e-02
1.936924327505902932e+00 -8.132221242661312466e-02
1.949976520866859575e+00 -8.234047652541573448e-02
1.961810427977401572e+00 -8.160623802333394350e-02
1.963587213305333590e+00 5.181797586848649328e-02
1.955614304153987737e+00 5.351312062073010356e-02
1.947025467712263813e+00 5.233172519452755633e-02
1.937937635363662148e+00 4.979430567592715157e-02
1.928629257891354642e+00 4.571320981230335423e-02
1.919479251135252085e+00 3.996955931797643163e-02
1.910960114899309614e+00 3.254770384083169321e-02
1.903611884479637029e+00 2.356240041820136313e-02
1.897991043971169356e+00 1.326980267224767140e-02
1.894593800292357910e+00 2.056081930744516149e-03
1.893765514394191385e+00 -9.596442022766707089e-03
1.895623758491783661e+00 -2.115895719664463714e-02
1.900028234336321953e+00 -3.211141697899980163e-02
1.906613101714833780e+00 -4.199469128006901725e-02
1.914865762204091437e+00 -5.045283763187353998e-02
1.924218425877760819e+00 -5.725986393079567777e-02
1.934124211968618612e+00 -6.232727424998697058e-02
1.944106751570698899e+00 -6.569221633213329081e-02
1.953785272293075082e+00 -6.749091841124690849e-02
1.962881337335546261e+00 -6.792516990965359602e-02
