-8.118477384149364040e-02 -2.165212250053584420e+00
-6.778278700347739605e-01 -2.013900090336715021e+00
-7.408947882398517759e-01 -1.849470815075228591e+00
-7.662987417516110566e-01 -1.687277196253043510e+00
-8.069467695398454543e-01 -1.525448864419148842e+00
-8.680521230223670059e-01 -1.358262057401026013e+00
-9.539389656094884318e-01 -1.175549725355078179e+00
-1.064774088430120003e+00 -9.605952107462698564e-01
-1.186082189938131526e+00 -6.927124851818233786e-01
-1.286241297407754614e+00 -3.609870142850783448e-01
-1.322747175880708781e+00 1.691858883970795771e-02
-1.276645387327510539e+00 3.927885422435523077e-01
-1.169927776801318542e+00 7.191160025665522815e-01
-1.046234249215302059e+00 9.802746182817861920e-01
-9.354617216068072949e-01 1.191515290319455467e+00
-8.495531109970392292e-01 1.371024395239753169e+00
-7.893998014594976187e-01 1.535661239932319511e+00
-7.498923927134610867e-01 1.695798067435419609e+00
-7.255320178269961673e-01 1.856772220061153389e+00
-6.146766929479181574e-01 2.017853850234801349e+00
1.509074542049950174e-01 -2.152583851700360817e+00
-3.866653824851724597e-01 -2.014843190882756208e+00
-4.892044688493126792e-01 -1.858115686993102589e+00
-5.055354590599809850e-01 -1.705351492982853268e+00
-5.382434488684642027e-01 -1.557732564276786080e+00
-5.964175049281663643e-01 -1.410704173882004753e+00
-6.902731732327528347e-01 -1.252509288046109948e+00
-8.266080764668076730e-01 -1.063218935462652448e+00
-1.002499000902437931e+00 -8.024221747561784968e-01
-1.164521082250327133e+00 -4.365920737035517973e-01
-1.228864067087050760e+00 2.006423367431784191e-02
-1.149600795741805515e+00 4.729778986191330858e-01
-9.776459169770774782e-01 8.289667329240524296e-01
-8.052018165014336315e-01 1.082199327995997606e+00
-6.659413251793724342e-01 1.266629575033042299e+00
-5.745853803752576372e-01 1.420137587690367909e+00
-5.187694125377549925e-01 1.565442319964391649e+00
-4.875846516566408329e-01 1.711975701680593875e+00
-4.725507251816224996e-01 1.863841467494865123e+00
-3.716533733805876816e-01 2.019577672498800158e+00
3.818447694066407494e-01 -2.131789877564380209e+00
-1.390381655513499015e-01 -2.006818808043566271e+00
-2.285094723151021856e-01 -1.852336509441198542e+00
-2.303308257001272785e-01 -1.705355283525905374e+00
-2.465084935113419085e-01 -1.568074808959796229e+00
-2.879593678589725814e-01 -1.439894619409233023e+00
-3.756677587346842762e-01 -1.315693762925187027e+00
-5.342909367566796019e-01 -1.164132507978079323e+00
-7.666024818226904181e-01 -9.444206462687581016e-01
-1.032871670339431835e+00 -5.532993057191821773e-01
-1.154894478589667761e+00 2.340007055740283767e-02
-1.011543794895202186e+00 5.921466030025460681e-01
-7.439385360865915509e-01 9.641315092364182160e-01
-4.965740151376717981e-01 1.178600521939938472e+00
-3.502769900319848695e-01 1.320665865549863982e+00
-2.664220715959350061e-01 1.446175021323812038e+00
-2.256745534790214891e-01 1.573515325669402776e+00
-2.109048092345007230e-01 1.709756735490345347e+00
-2.106995192289214947e-01 1.856087468330918533e+00
-1.233067909788951588e-01 2.010102213849867869e+00
6.092639883982589044e-01 -2.102914407740770208e+00
1.614797133314962996e-02 -1.985328750583775115e+00
3.685686177954811127e-02 -1.827372454960734194e+00
5.343506866854358384e-02 -1.679728639438639259e+00
5.920727236209030742e-02 -1.544286020908381962e+00
4.276128954198793464e-02 -1.422398229667822811e+00
-1.395517115596187074e-02 -1.313038613816993605e+00
-1.441743814752961539e-01 -1.219960522676374781e+00
-4.537661414920696745e-01 -1.072008344813660141e+00
-8.653944911163976572e-01 -7.006647282392952647e-01
-1.100675993168069189e+00 2.467230741235322197e-02
-8.101517005049911901e-01 7.514413520117537715e-01
-3.924205371644500229e-01 1.087318091523766572e+00
-1.264350788004672821e-01 1.229841504156814036e+00
1.381362108519540444e-02 1.321355332882395039e+00
7.001257330759880215e-02 1.424858114275563636e+00
8.327682749619846891e-02 1.545173614061905454e+00
7.438156591527972372e-02 1.680554610426473028e+00
5.546132155091712534e-02 1.828501444847492552e+00
3.303132725827886973e-02 1.986716327172205254e+00
8.307807387855420389e-01 -2.066895617008094543e+00
2.642166899439749583e-01 -1.946201549863863844e+00
3.005642965838302150e-01 -1.779904020420738808e+00
3.376865639655672879e-01 -1.622582926261477931e+00
3.692839913683310105e-01 -1.477336537385356197e+00
3.833502911999742135e-01 -1.348814880076649292e+00
3.604722396720256294e-01 -1.244684677647444282e+00
2.537625362242974525e-01 -1.177776982405153827e+00
-4.211817532455597313e-02 -1.101098434053830788e+00
-7.045429953754871466e-01 -8.419343458091592680e-01
-1.061878318396111798e+00 1.953262356689799972e-02
-6.664539365947840244e-01 8.322806352468158364e-01
1.455923054569541186e-02 1.133086480265200313e+00
2.797084971975022372e-01 1.169771317466868465e+00
3.909071412627695974e-01 1.232755135649715061e+00
4.110211870213002494e-01 1.338396433221060722e+00
3.923451700548341026e-01 1.470676214859642839e+00
3.577502907216114636e-01 1.619019676564636301e+00
3.187815296228296846e-01 1.778217511764710101e+00
2.810461670812418045e-01 1.945565649994835500e+00
1.044334608770394413e+00 -2.025557882298454793e+00
5.039125973157924099e-01 -1.891299564936718136e+00
5.541227822334966469e-01 -1.708902943618455073e+00
6.100401948466767088e-01 -1.529453137658308925e+00
6.660172612154634519e-01 -1.355176978004548394e+00
7.073833306105058449e-01 -1.197050075630418986e+00
6.986716810752735540e-01 -1.082332203140215388e+00
5.590722137222758903e-01 -1.017706599553882985e+00
-6.866439885979929159e-01 -7.697563565122057527e-01
-9.461182353687014324e-01 -4.741418523036299848e-01
-1.014092869314980883e+00 4.161043767965405538e-02
-7.874133065767848771e-01 6.759689164959378216e-01
-2.290484598563506946e-01 1.041846958597416828e+00
5.828357618766641934e-01 1.041442904768172584e+00
7.448000994594128343e-01 1.043864199573048657e+00
7.336522319618742349e-01 1.180554371783809176e+00
6.844221028034587206e-01 1.348404568644206325e+00
6.272624397970575361e-01 1.524853850686523460e+00
5.710462425893523264e-01 1.705619803651168720e+00
5.202359458406814463e-01 1.889063012281700482e+00
1.151132245186069269e+00 -1.977720076144367178e+00
7.292550165504334547e-01 -1.823716956437543280e+00
7.877536616533625802e-01 -1.618202966018157385e+00
8.538224663544088378e-01 -1.404194023936740976e+00
9.210739850345333046e-01 -1.175543768434374359e+00
9.633359160278585076e-01 -9.117087662930372094e-01
8.784456316036741708e-01 -8.283974434783943908e-01
-4.916448343776697594e-01 -8.707458484676603439e-01
-8.047152101176221484e-01 -4.090174244038296547e-01
-8.149653493453921094e-01 -2.036081151787047794e-01
-8.189994824029034337e-01 9.515634241332211621e-04
-8.141178553887491454e-01 2.053588842522796332e-01
-8.132788870079653565e-01 4.183801309179082106e-01
-5.552669993481595956e-01 8.289672848225930757e-01
8.830736815596462730e-01 8.086653614185157490e-01
9.612501322715684138e-01 9.390789534036705355e-01
9.318138868167953337e-01 1.169567697767680103e+00
8.698312252651156928e-01 1.399233358302655716e+00
8.040428205690079988e-01 1.614024035565956527e+00
7.451739524678203663e-01 1.820248727604577343e+00
1.251465325868513112e+00 -1.929845114028401198e+00
9.357782561664778065e-01 -1.749601024533060434e+00
9.940103181873243265e-01 -1.517393266558625831e+00
1.055101247883887927e+00 -1.262156088282499367e+00
1.093452197539545034e+00 -9.670158253747902499e-01
1.041354901997271432e+00 -6.791873858049707335e-01
-2.285427665604030101e-01 -9.519091660459614301e-01
-6.116320655660121286e-01 -6.121707716942788036e-01
-6.165205392072695689e-01 -4.043957136098839666e-01
-6.188982378927135874e-01 -2.011632656427805865e-01
-6.197685202695245588e-01 6.465253544925258361e-04
-6.196411132495192042e-01 2.026755401982147098e-01
-6.188612915081712629e-01 4.053696411901303587e-01
-6.096893606569513402e-01 6.137040292476568792e-01
-2.270098715753628982e-01 9.845983289876545363e-01
1.061186728601536400e+00 6.363087149546500232e-01
1.113158890313617144e+00 9.710914738035155702e-01
1.069610383829593392e+00 1.256240327513379329e+00
1.009966804128280327e+00 1.511582816834210696e+00
9.514841381493160943e-01 1.744752137569648642e+00
1.302042546522957700e+00 -1.885272144829248209e+00
1.122069407230217974e+00 -1.676939205805622946e+00
1.170813607224098662e+00 -1.419395318409810480e+00
1.210421315014189148e+00 -1.126779902168619341e+00
1.201456099240084896e+00 -7.890721014623121032e-01
8.113054239158152825e-01 -8.897099281646911884e-01
-3.967130133742275966e-01 -8.216803029841026618e-01
-4.168419323252961495e-01 -6.059144957461263248e-01
-4.198218191899851237e-01 -4.029300048261705847e-01
-4.207211074326056011e-01 -2.010716441003334298e-01
-4.211915089034934945e-01 2.851445667137811335e-04
-4.214625882817004676e-01 2.015544567260834918e-01
-4.213791189111146251e-01 4.031304640602288436e-01
-4.191888181696545868e-01 6.062315686518233715e-01
-3.938223827194201054e-01 8.186819768058827274e-01
4.224939055379646202e-01 9.778294803197314922e-01
1.220724620240621672e+00 7.721456635737636853e-01
1.227369517844699276e+00 1.120332136294319936e+00
1.186511005262673280e+00 1.411996878295257440e+00
1.137482227672625967e+00 1.670517684956698279e+00
1.391546355534883483e+00 -1.846552945089675823e+00
1.290287226312096136e+00 -1.613698498302969186e+00
1.322759345731407965e+00 -1.337390165087184446e+00
1.334098390429930392e+00 -1.020527940160673497e+00
1.279777245582120360e+00 -6.457174949273758457e-01
2.447561415734726131e-01 -9.873613556513302081e-01
-2.094003022635091138e-01 -8.050525485613625465e-01
-2.200873153590104381e-01 -6.037654531609067954e-01
-2.215987303963733168e-01 -4.020983857474882961e-01
-2.219957221049444485e-01 -2.009026392949484485e-01
-2.221925847921348840e-01 -8.036008510281132319e-06
-2.224307955647978341e-01 2.006569913262237215e-01
-2.227904264151690517e-01 4.012710399314438070e-01
-2.227596967664926264e-01 6.026408403065135477e-01
-2.147897612329121575e-01 8.083600861409152571e-01
2.798164573369065766e-01 9.771913396175609945e-01
1.274352799172610462e+00 6.190417887163964794e-01
1.351029137042705663e+00 1.006713773835749448e+00
1.338423117841967880e+00 1.327581955819062021e+00
1.305246568226360537e+00 1.605604474708946183e+00
1.422761555335335437e+00 -1.824591407681601885e+00
1.445525491432965381e+00 -1.565810793660793010e+00
1.459295418221933094e+00 -1.279969011126939726e+00
1.443208094188384472e+00 -9.529015001309901756e-01
1.344129999707324608e+00 -5.627690960657067976e-01
3.696829956173410259e-01 -9.086606953796807495e-01
-1.469667567433844031e-02 -8.059278160134238922e-01
-2.178088203788808644e-02 -6.021304994536234023e-01
-2.266174283771836551e-02 -4.012165499069920704e-01
-2.280137880471065637e-02 -2.005516023388253799e-01
-2.272996172722484970e-02 -6.529277975461046028e-05
-2.259982975743059230e-02 2.000010824511406493e-01
-2.268000857188723351e-02 3.993699995433376282e-01
-2.326632187026936305e-02 5.978801609691014596e-01
-2.188505976773503711e-02 7.961162825155656542e-01
3.367429288818451494e-01 9.415539289693483083e-01
1.326887949919074661e+00 5.346020765391094054e-01
1.455481053643990386e+00 9.326534111102130487e-01
1.473834099963063693e+00 1.267179182156476624e+00
1.459670165283090570e+00 1.556043689386078732e+00
1.584436038457772256e+00 -1.797203008730368090e+00
1.594142720768120247e+00 -1.535947975052651460e+00
1.590490859471118013e+00 -1.249837781188238406e+00
1.553039098268155005e+00 -9.270832769464493195e-01
1.425100084142907342e+00 -5.441307153726410162e-01
6.047133123089087903e-01 -7.925686559681195398e-01
1.839332476855481402e-01 -7.943805677549055089e-01
1.782793586711290679e-01 -5.994996805279095842e-01
1.770242621825646179e-01 -4.002655815301092712e-01
1.767230241767077104e-01 -2.000557037359454726e-01
1.770604303585682771e-01 2.907987368965890941e-04
1.779542059721653802e-01 2.000546901213127449e-01
1.792929485561658154e-01 3.984104240866619406e-01
1.812393665295615741e-01 5.940445588917289133e-01
1.903955252606517046e-01 7.839049028410695064e-01
9.662900261397434631e-01 7.280223116922364124e-01
1.407814769430397073e+00 5.110794664675618604e-01
1.560932551850545247e+00 9.051591197194199800e-01
1.602940306483183086e+00 1.235213409119327199e+00
1.607031560752702148e+00 1.524915835059396763e+00
1.744026844678812083e+00 -1.782191514772131669e+00
1.742113181690359669e+00 -1.523601152344477461e+00
1.724653413508043798e+00 -1.244642692632940584e+00
1.673925807673612765e+00 -9.369239040460037860e-01
1.539856912471764039e+00 -5.807730337637225793e-01
9.738881644548360583e-01 -4.935326614112115484e-01
4.102750860583010417e-01 -7.959449527165606275e-01
3.806393370832533152e-01 -5.981544596712152773e-01
3.774215203235050664e-01 -3.997205936509765634e-01
3.762303671991077403e-01 -1.995997510270362263e-01
3.767030052074552549e-01 1.211827006819967290e-03
3.787355643945359285e-01 2.013375405758057457e-01
3.823884925750590247e-01 3.996077742275208622e-01
3.894754776916886652e-01 5.941803450446644375e-01
4.039030251983713460e-01 7.721132250024697052e-01
9.061787536676315646e-01 4.960512446844452250e-01
1.534881060667097952e+00 5.619730533693153562e-01
1.679830785056178444e+00 9.172772852347522710e-01
1.735065181107055210e+00 1.229879010530456229e+00
1.753565910772382441e+00 1.512006382977594265e+00
1.905003991526280638e+00 -1.778253805924091990e+00
1.894010914282485913e+00 -1.525961179141198887e+00
1.867255671034404152e+00 -1.258794548058109974e+00
1.810925786573434060e+00 -9.722425140316912628e-01
1.692087934083593037e+00 -6.582732606533243658e-01
1.379818607941032615e+00 -3.135329161422660826e-01
7.838508440521917420e-01 -6.006128088789670638e-01
5.884184630482128808e-01 -5.905475105287331106e-01
5.788025187927885451e-01 -4.002449140836029096e-01
5.748552279354262051e-01 -1.993668881772324153e-01
5.754870548194616076e-01 2.824655547927283541e-03
5.790220778131921486e-01 2.040306854318035823e-01
5.857014097246068252e-01 4.026477022549079798e-01
5.949707902641786506e-01 5.959994323870922983e-01
7.879781455257590661e-01 5.948498765058130022e-01
1.410758398006517478e+00 3.065666244907307991e-01
1.694808465444311851e+00 6.439584670446772963e-01
1.817034910121020141e+00 9.560426836783683102e-01
1.876290124427934636e+00 1.244953813503764994e+00
1.904161219872337885e+00 1.514417378490351185e+00
2.120089295832855214e+00 -1.784116745491730383e+00
2.103119397645801580e+00 -1.540148970698721476e+00
2.071710627753913680e+00 -1.286658047325864196e+00
1.965182102655145480e+00 -1.021327589837103256e+00
1.867152938700432419e+00 -7.462464248824796087e-01
1.685300353932397854e+00 -4.639546005925552219e-01
1.309071124536133057e+00 -2.107729581868244551e-01
8.490691862413042301e-01 -4.745325186031434384e-01
7.836737045186609185e-01 -3.984138035007686596e-01
7.703193607688565425e-01 -1.963090327953376790e-01
7.734117569923434354e-01 4.315577346636405472e-03
7.796584747995769504e-01 2.082008986478210144e-01
7.859381540019713119e-01 4.031686201093465649e-01
8.859898207405894066e-01 4.645195906604598357e-01
1.362282421661160425e+00 1.888055561988428999e-01
1.698784879593179920e+00 4.550403940164982064e-01
1.872718119984495333e+00 7.328806878770656175e-01
1.971832824397256045e+00 1.007316380159398506e+00
2.080222864255516946e+00 1.273851611994014643e+00
2.112469538536300817e+00 1.528977381852071549e+00
2.389996767626420215e+00 -1.799428375402461366e+00
2.370228085931310957e+00 -1.564842462942246160e+00
2.338450572432222874e+00 -1.325208591560734783e+00
2.237241912091988638e+00 -1.077786858153749305e+00
2.107035374779496983e+00 -8.291348046955422380e-01
1.936216711757953401e+00 -5.880861638647857381e-01
1.758855640155812639e+00 -3.685272834702523204e-01
1.501323823474023378e+00 -1.919842487587705149e-01
1.216230412503045200e+00 -8.996025809472675550e-02
1.015404932979990349e+00 -1.790710889202631328e-01
9.801941995768740368e-01 -3.469162292703618748e-03
9.857849165921748202e-01 1.151655607050425523e-01
1.138944245701608793e+00 7.098234173326348206e-02
1.510600362407930053e+00 1.662053114577905777e-01
1.771673846568600608e+00 3.536720252078757176e-01
1.944078995950586641e+00 5.751827785787692049e-01
2.113612146656643098e+00 8.157949762253166037e-01
2.244331658673752727e+00 1.064883600347622528e+00
2.346376761089505880e+00 1.313347797703323439e+00
2.378718697591625908e+00 1.554189735054864352e+00
2.665205759240416139e+00 -1.818290852768999155e+00
2.644726015547845588e+00 -1.592470485539971836e+00
2.564440731951243446e+00 -1.361503906056875435e+00
2.521094284955406106e+00 -1.133151513371068120e+00
2.460926776567855079e+00 -9.079859600989926838e-01
2.326597338062417641e+00 -6.879895607103191368e-01
2.113585625056053185e+00 -4.842183549192480285e-01
1.937480018676073001e+00 -3.145088570827659358e-01
1.812378804921824571e+00 -1.823198316126002083e-01
1.712896050200773068e+00 -8.491633651063214272e-02
1.673863254820146862e+00 -1.053147579467539861e-02
1.714269121570087373e+00 6.445522668867384453e-02
1.814849656686933210e+00 1.623194321023356257e-01
1.943389963048396396e+00 2.969518331345085693e-01
2.120407863133839665e+00 4.689271415477163085e-01
2.333093320574604057e+00 6.742191783640186786e-01
2.467326936196842180e+00 8.951922159276013424e-01
2.527852492423633191e+00 1.121123317813260911e+00
2.571687781095026715e+00 1.350363718041704741e+00
2.652230049827677849e+00 1.582368306937562696e+00
2.945588348843931836e+00 -1.839702659107252503e+00
2.926019388796841092e+00 -1.621551642197438303e+00
2.849062158221982166e+00 -1.399068867416694228e+00
2.813042536234938051e+00 -1.182295755360235567e+00
2.766778143592850459e+00 -9.702232388912510608e-01
2.656399545296030507e+00 -7.626144179308179671e-01
2.589022113559452443e+00 -5.732984775399140309e-01
2.462525665929634400e+00 -4.003668486575795438e-01
2.340582787168627554e+00 -2.509611974209859930e-01
2.236954020666737097e+00 -1.231595002751188217e-01
2.219643131253995261e+00 -8.961100949775698682e-03
2.238428606868523740e+00 1.054819585130884058e-01
2.343546425855489890e+00 2.339654854799933237e-01
2.466811356542061517e+00 3.846833595400604988e-01
2.594004924159770020e+00 5.591533155511106967e-01
2.661791565964736872e+00 7.495800488375488069e-01
2.772516627027120872e+00 9.580856366239581812e-01
2.819174197689084949e+00 1.170951286294604543e+00
2.855589338252625620e+00 1.388519818196328526e+00
2.932707091909705799e+00 1.611849615642931166e+00
3.230983089680229625e+00 -1.861211566395921446e+00
3.163600490533576615e+00 -1.645550771658538247e+00
3.140358546950842378e+00 -1.434174650244861571e+00
3.111366610137835664e+00 -1.225448505282608069e+00
3.076363302822479717e+00 -1.021420669632792544e+00
3.035946608564435767e+00 -8.246674991468486704e-01
2.937213689706305253e+00 -6.336136769416074177e-01
2.892330212120287847e+00 -4.597829555895591724e-01
2.853459105454517974e+00 -2.992639163715877793e-01
2.768618443674877305e+00 -1.488429092042305169e-01
2.759224200836923657e+00 -7.643231147540801955e-03
2.769805451215118897e+00 1.337081736785196984e-01
2.855652808001476028e+00 2.848990054325464261e-01
2.895486916478157369e+00 4.460609736118724689e-01
2.941134836580680645e+00 6.206636437876199563e-01
3.040406802904239925e+00 8.125700514560222354e-01
3.081302973292320502e+00 1.010043588430979744e+00
3.116729436834944522e+00 1.214759202647118341e+00
3.146096556847259418e+00 1.424163669961565848e+00
3.169652533472170575e+00 1.636215457411633656e+00
3.520628922628008528e+00 -1.880239410403512723e+00
3.455526388379760228e+00 -1.670600273104204891e+00
3.436179310568393763e+00 -1.464419459747450691e+00
3.413243083184483773e+00 -1.260960879755020914e+00
3.386937864370112905e+00 -1.061590016504840861e+00
3.358078180127516355e+00 -8.678351402075887844e-01
3.328280485620582763e+00 -6.811332919137426112e-01
3.300036417504810693e+00 -5.024126848031659209e-01
3.276497136805857746e+00 -3.315947730579939523e-01
3.260888538517192625e+00 -1.672234093077848704e-01
3.255670236185251198e+00 -6.468311191708125095e-03
3.261759858852744109e+00 1.543712016535515041e-01
3.278210281964363926e+00 3.189906890779720672e-01
3.302526622653533472e+00 4.902004122193430180e-01
3.331451972550253604e+00 6.694151246820057022e-01
3.361828192867657883e+00 8.566631639771099538e-01
3.391179237800829860e+00 1.050981039550495266e+00
3.417907092319840245e+00 1.250918241477644965e+00
3.441205929225727100e+00 1.454944160332052761e+00
3.460856273734180366e+00 1.661691041649303147e+00
