2.185277749958330684e+00 -4.571476151902329615e-02
2.133164914347549956e+00 -1.433569680016379688e-01
1.179084605424013610e+00 -1.985197177547027847e-01
1.185476356193015945e+00 -2.479110601268119385e-01
1.177844539014604175e+00 -3.099700598160962106e-01
1.143428520888900790e+00 -3.838742605395821239e-01
1.062782958802280353e+00 -4.625014473613298649e-01
9.071590477309804390e-01 -5.168049290724935352e-01
6.825549020340160311e-01 -4.800267407737714986e-01
4.539266631782253869e-01 -2.837961047414965243e-01
3.695865742662849396e-01 4.767027372094299192e-02
4.915927890557164059e-01 3.681676435206112097e-01
7.356996489100091630e-01 5.408684226300424225e-01
9.606773236242858172e-01 5.546788734452812175e-01
1.111958099938728184e+00 4.956747576989962156e-01
1.194098278910237898e+00 4.102132007756199017e-01
1.225512835600364170e+00 3.300239117781796350e-01
1.229374317371757730e+00 2.643694685459849758e-01
1.219737285635974722e+00 2.126633578228481758e-01
2.174625918659721879e+00 1.503400436466730827e-01
2.194346311018448681e+00 -4.924222033610315720e-03
2.179238609508269864e+00 -1.115138566230786527e-01
1.239649661093628508e+00 -1.589585529456041535e-01
1.267901127651107629e+00 -2.030762579885128094e-01
1.289519093203416622e+00 -2.644720036733045343e-01
1.289118250065292903e+00 -3.494318093348578458e-01
1.240240983754941961e+00 -4.565706643614566573e-01
1.109251402778197670e+00 -5.772872541115500189e-01
8.052357627675253982e-01 -6.232873775411873485e-01
4.336098770356192067e-01 -4.273629370702903829e-01
2.723861002294930000e-01 5.668473311302640177e-02
4.939009377956058433e-01 5.176585838762828296e-01
8.897212839014969621e-01 6.714412596423479096e-01
1.160410370518756729e+00 6.176661533915606128e-01
1.311441657012836215e+00 4.809332293798734281e-01
1.348811663602188515e+00 3.616230321283860905e-01
1.341074548920903498e+00 2.750890123733612525e-01
1.314950641218682215e+00 2.129723307870803051e-01
1.283116513050399421e+00 1.680087976939532435e-01
2.213164619354300200e+00 1.193932977991502276e-01
2.191970210043438616e+00 3.759402166703795789e-02
2.209958808798648811e+00 -6.933808401942836985e-02
1.290257971873990828e+00 -9.383540510151491820e-02
1.338850201269590645e+00 -1.184198216883404625e-01
1.392305401099967366e+00 -1.560472490519280164e-01
1.444286731259127654e+00 -2.205270033341633074e-01
1.463850780647908190e+00 -3.436512607758164806e-01
1.359906441993933068e+00 -5.230359205571626369e-01
1.123401899589741015e+00 -7.220904076004248662e-01
5.242230609895005555e-01 -6.458743905528042673e-01
1.780228088636437445e-01 6.500291217675981115e-02
5.905447805999641808e-01 7.121462745074469414e-01
1.136669073258102847e+00 7.652120159116445608e-01
1.478669604928126713e+00 5.110653053271216884e-01
1.520437618598292184e+00 3.386397174648045350e-01
1.497513079871250818e+00 2.252371320976367108e-01
1.445023544962969586e+00 1.596629430480608347e-01
1.388301198049884277e+00 1.215164178492681574e-01
1.335929157355736585e+00 9.705135764249639418e-02
2.244704857609924442e+00 7.502707989267505539e-02
2.178349014331042000e+00 7.767174527858074218e-02
1.269944597815098719e+00 -1.272463993508307634e-02
1.318779157575193040e+00 -8.357562383526048397e-03
1.376175247014238101e+00 -2.288930487704716674e-03
1.441811539365033923e+00 1.858557070715863551e-03
1.513888035064932414e+00 -6.472780662796710771e-03
1.587852365675630928e+00 -4.516494504176920416e-02
1.687312665976526960e+00 -1.554364520441713637e-01
1.416804010276176973e+00 -6.312467440849321987e-01
6.919537897629411960e-01 -7.679248112193272080e-01
9.559315348459078432e-02 6.651480750438690248e-02
9.410951957247444266e-01 8.022121730695797037e-01
1.587447913901576246e+00 5.059023739159960176e-01
1.740122498000416851e+00 2.232325065085000171e-01
1.671759402769767977e+00 3.182413311620923418e-02
1.579122193130343188e+00 -1.185541448897922852e-02
1.498638103771156471e+00 -1.343357332531158223e-02
1.427629212193235464e+00 -4.478517921225429708e-03
1.365803423999341071e+00 4.465211318812403740e-03
1.313110975960821936e+00 1.061668407690146386e-02
2.155349058016631680e+00 1.116144605890545538e-01
1.272142512405767256e+00 5.732497917969942014e-02
1.318155293077717616e+00 8.659993639012249222e-02
1.369660313281551467e+00 1.277783138293781540e-01
1.425975947257405618e+00 1.807808569653095720e-01
1.489229470109587616e+00 2.391976032522845907e-01
1.570732993820011414e+00 2.812897129258660200e-01
1.709962656155135985e+00 2.093037482420483375e-01
1.614961459556655266e+00 3.783227605014233275e-03
9.909173920926562795e-01 -9.181935498803721618e-01
4.356515235396456881e-02 5.079800230770090824e-02
7.458239005868886329e-01 7.676478681665597215e-01
1.919269584573592313e+00 -1.802287272009418101e-02
1.686908967752189348e+00 -2.553072550651218076e-01
1.604489664924663384e+00 -2.892864504403871440e-01
1.538143735758410013e+00 -2.582296754667952055e-01
1.476859065545323313e+00 -2.003248424927375759e-01
1.419057469884749789e+00 -1.430746698892451096e-01
1.364586526190439519e+00 -9.765648453858812028e-02
1.315227295534491470e+00 -6.518026856909804601e-02
2.126057870223238222e+00 1.368917166280163578e-01
1.253839773674396252e+00 1.256866602182701853e-01
1.287148242683173960e+00 1.785941586335995090e-01
1.316335076226465173e+00 2.531505897103916713e-01
1.334821433456459427e+00 3.510969602107723020e-01
1.345521851880656206e+00 4.604765821147582261e-01
1.380578857338377263e+00 5.408292273359011082e-01
1.532586151155644449e+00 4.816869685444030713e-01
3.263688360068248695e-01 -4.972156764084458835e-01
7.841478900592023515e-02 -5.778320797633469397e-01
-2.292738504738081032e-04 5.333802323168083948e-02
7.769859812826649392e-01 5.436578882620030084e-01
9.513713614352167225e-01 6.184907401659217596e-01
1.761021470305187853e+00 -5.230078304752138196e-01
1.378106384043608967e+00 -7.638713755596714394e-01
1.406372645447789616e+00 -5.495343867502940904e-01
1.393970968759739470e+00 -3.874099195630722470e-01
1.366264788015421949e+00 -2.763359880676226066e-01
1.332366733492098776e+00 -1.961626484468721454e-01
1.295869407229373493e+00 -1.390586959246242205e-01
1.110635535289263842e+00 1.824139892110533123e-01
1.217900429311698840e+00 1.845116304619233427e-01
1.230877743872241137e+00 2.554511188271363920e-01
1.226068458249676807e+00 3.555075698831122177e-01
1.186004727122008440e+00 5.006406423874227851e-01
9.955459404355582187e-01 7.808931911251313362e-01
8.546855358396528990e-01 1.072971566706455882e+00
2.623015525903709677e-01 -1.608868074957712502e-01
-7.278880398445991551e-02 5.117625210769647173e-03
-2.067052427233532358e-02 -3.571932793151174398e-03
-2.583073982025462650e-02 4.364884542396023359e-03
-2.162668962494102010e-02 -3.725105713765263296e-04
-1.778673720212993817e-02 1.977055681158687225e-02
9.103257886181682912e-02 1.022178285437956718e-01
1.077401773258267914e+00 -7.142044295577973934e-01
1.090875573792450703e+00 -7.101884728378243805e-01
1.208821939345071206e+00 -5.507522083848785943e-01
1.267346919148726547e+00 -3.929423508124765818e-01
1.272877684515707264e+00 -2.808877669315551495e-01
1.257830568164202578e+00 -2.033450638329574178e-01
1.091366428065746907e+00 1.919678286066273665e-01
1.170182587157200249e+00 2.280712909652483356e-01
1.158984700778419974e+00 3.091458878637142749e-01
1.110066074869399122e+00 4.248446362382513608e-01
9.540981275959858898e-01 5.914642219327782557e-01
6.809673521499288729e-01 6.044736988760668339e-01
2.989326101307870562e-02 4.837392136647000046e-02
-3.209574112806684587e-02 7.048236335426939303e-04
-2.997213412233940694e-02 9.730559433992792828e-03
-2.718988564599202767e-02 3.763581630235536286e-03
-2.505724082842147871e-02 3.566869968159257914e-03
-2.420263327762773448e-02 3.552149764851440100e-03
-2.654293516994996396e-02 2.819745629012135150e-03
-6.287932038514389144e-03 -1.437587762929352572e-02
-3.788599382744716609e-02 1.284862861249438659e-01
5.138026069721369771e-01 -8.179682242520152080e-01
9.992669931673506811e-01 -6.122199734478352973e-01
1.138088067971155359e+00 -4.621304800000206048e-01
1.194162862721073415e+00 -3.403853357840307958e-01
1.206565768269111327e+00 -2.516765088141629803e-01
1.080670495517386920e+00 1.995909083587654453e-01
1.117827893624756319e+00 2.536137983660284867e-01
1.083017391586177158e+00 3.353689985749790936e-01
9.899988048927809148e-01 4.454408112336057934e-01
7.811107852710351684e-01 5.506629756115147822e-01
1.308505405514518216e+00 7.635042564587012359e-01
1.645225603995551997e-02 6.889305669921584434e-03
-2.391805838344869886e-02 1.456675648968727872e-02
-2.547764603620303672e-02 8.849409004640812829e-03
-2.515039369537588193e-02 5.845909489573331355e-03
-2.444834518778390975e-02 4.373256879833857524e-03
-2.411758899313767857e-02 3.761086860262509522e-03
-2.346218608300311773e-02 3.454465117083420963e-03
-2.070405821506830779e-02 7.263363959933820911e-03
-5.007090615781349674e-02 8.149909151388756018e-03
7.768754464617997346e-01 -1.818680902816387224e-01
7.798528682348003782e-01 -6.178047993855865228e-01
1.015574298589280833e+00 -4.798242886498726434e-01
1.112075912861121063e+00 -3.679837300894802654e-01
1.150002219330455544e+00 -2.802112701581967458e-01
1.062063354415591743e+00 2.033093938632417330e-01
1.067880937057279711e+00 2.615054870121727992e-01
1.015816629065035004e+00 3.350151270907464340e-01
8.994719725141300248e-01 4.236093993414754566e-01
6.725728506911147209e-01 5.178133865994215546e-01
-1.104747961476292561e-01 -5.505632169709846757e-02
-2.871659414618090225e-02 9.669471673531828196e-03
-2.126519339404232475e-02 1.005467257498178155e-02
-2.254256069922442804e-02 8.132033550686491516e-03
-2.316330492311588496e-02 5.978213367305004571e-03
-2.339286585882449990e-02 4.502107701678059390e-03
-2.373739838534866253e-02 3.694689711426331173e-03
-2.434036248369442212e-02 3.891506142427725301e-03
-2.507387767368972689e-02 6.066105342814912330e-03
-1.748008463982671234e-02 8.538689870292288236e-03
2.121996633510897234e-01 -1.923695409677979307e-01
6.332304173920172419e-01 -5.557800600258281376e-01
9.182881048097718546e-01 -4.625932018635940390e-01
1.040839292603304989e+00 -3.680209004327016364e-01
1.096316314328886099e+00 -2.895199128423266988e-01
1.055054005762073643e+00 2.055688823825270461e-01
1.025534455655165100e+00 2.549611848251294166e-01
9.656780992548118503e-01 3.155440178853331501e-01
8.462258509802711437e-01 3.831092128520204310e-01
5.887805158483024881e-01 4.669233270221729293e-01
1.167001178889622154e-01 1.177558539705021445e-01
-1.625971551523967482e-02 1.589699810680601788e-02
-1.899210283272175989e-02 9.530294699424849553e-03
-2.044128609919391992e-02 7.022930440218862376e-03
-2.153949072393489955e-02 5.371235540081478917e-03
-2.221249111387830349e-02 4.046814526665936697e-03
-2.300602122544489689e-02 2.826429175472308652e-03
-2.495905106412610666e-02 2.009656756843038617e-03
-2.948127440198513097e-02 3.723964624440562372e-03
-3.525631246934494284e-02 1.911870910743969712e-02
1.261450531816469822e-01 1.294814897897985512e-02
5.757601997776030656e-01 -4.925965391997176868e-01
8.585999154119491328e-01 -4.231983107827756996e-01
9.875842493352595675e-01 -3.489667125079516374e-01
1.050984189966814863e+00 -2.835351312491108389e-01
1.025890267929672639e+00 1.979657630415100622e-01
9.930114609703030171e-01 2.386427071004458278e-01
9.335101092933899558e-01 2.856681560712477919e-01
8.243238954136361540e-01 3.351764343966212034e-01
5.867318690077176768e-01 3.891747576860417057e-01
9.444878205491474832e-02 -3.776477446637117180e-02
-1.279414467191761218e-02 9.577312009389833680e-03
-1.588165205658730039e-02 6.904789783272081462e-03
-1.889710240280319253e-02 5.250510372057004896e-03
-2.042810671409681783e-02 4.451212741162781719e-03
-2.095683802785397107e-02 3.551554381186088072e-03
-2.121767223969331026e-02 1.798872115189831819e-03
-2.284270627382058161e-02 -1.574047884492334919e-03
-2.959324241934468275e-02 -6.870996045783350076e-03
-5.013772249333523640e-02 -1.909667921227384962e-02
9.705990993324355998e-01 -1.018382949177782271e+00
5.805390926896782933e-01 -4.241868242490685614e-01
8.356257785543480532e-01 -3.738383459759856420e-01
9.532323601996482987e-01 -3.188076760169847312e-01
1.016085720361621147e+00 -2.672163400355078711e-01
1.002746536534751653e+00 1.850176142740300456e-01
9.699759714234035268e-01 2.169566582233984076e-01
9.159129607386962135e-01 2.517832496224507999e-01
8.244449558946040924e-01 2.862547774934005584e-01
6.423089266288334320e-01 3.184291636797278446e-01
1.126852800108802538e-01 -1.628106311239559956e-01
9.700682356595116684e-03 -6.317414523613868772e-03
-1.484088498489187155e-02 7.130663694415772039e-04
-1.886202543613343940e-02 2.976227190939915914e-03
-2.026784477650712610e-02 3.576023956389083602e-03
-2.015473097611306455e-02 3.905621752623636769e-03
-1.826092012108389284e-02 2.511197563207907997e-03
-1.598159181396189774e-02 -3.134993573380914778e-03
-1.633580189237126071e-02 -1.593532902201547433e-02
-2.625222666856870737e-02 -3.871709284750150110e-02
-7.428925636736033455e-02 2.129985195884843141e-01
6.501027217705547256e-01 -3.568806606755255961e-01
8.373000796807978929e-01 -3.230131545742616073e-01
9.343224622788981470e-01 -2.839538864682818464e-01
9.911363951250546922e-01 -2.450894515995444833e-01
9.852900199557540484e-01 1.691528167748868605e-01
9.547741502287501181e-01 1.932531769118349119e-01
9.083743513829555249e-01 2.179453368466768848e-01
8.363908753484184944e-01 2.406150067142210081e-01
7.131171022209096266e-01 2.582838132008732912e-01
3.692745894831828690e-01 2.783705162749621209e-01
9.176139943010179489e-02 -1.271407327385242446e-02
-2.973966103138971431e-02 2.737628338590395068e-03
-1.895749767958396226e-02 2.034913175504652651e-03
-2.184301863201884575e-02 2.404212393549516949e-03
-2.133546504554215476e-02 5.882503421249430167e-03
-1.592756624008583727e-02 7.583579549735275545e-03
-5.453770713091252859e-03 2.569034754201252220e-03
4.505236049962241078e-03 -1.147956443874225026e-02
7.879209159063550738e-02 7.729636319144327951e-03
4.316641968723119449e-01 -3.197125895873132451e-01
7.250154140194610131e-01 -2.957351934403740779e-01
8.505961464910049008e-01 -2.751706945042020624e-01
9.258462347449984975e-01 -2.487850432545624935e-01
9.743147346248699492e-01 -2.206477423078381794e-01
1.978289295487092980e+00 1.324819410505850281e-01
1.954931592081557090e+00 1.483685815238878769e-01
1.921673478006235891e+00 1.636900716642477605e-01
8.521315161468712152e-01 2.002978305477308707e-01
7.708037332645043538e-01 2.085299290004613837e-01
6.299644095661894871e-01 2.098431918417919817e-01
2.478053985911484458e-01 1.967647143846560365e-01
1.378886995141851701e-01 1.398718027274922504e-01
-2.036262009776068898e-03 -5.230990644463130897e-03
-3.067746338899320774e-02 -4.605744834463307638e-04
-2.621876445026044902e-02 9.083822119160239045e-03
-1.888721842623528047e-02 1.920491383411126324e-02
1.034624110601504825e-02 3.264417499124221134e-02
-6.594583768372160038e-02 2.032169022076069365e-01
3.186102998415976106e-01 -2.432208498258296714e-01
6.481736648699255587e-01 -2.466611589526955806e-01
7.833696698822897320e-01 -2.438778411966374404e-01
8.665283895813141735e-01 -2.327544516063475288e-01
1.943957188479068066e+00 -1.939262704520488267e-01
1.977881481473283687e+00 -1.746550667368970688e-01
1.966055037334344391e+00 1.101825652257073240e-01
1.946609573881672883e+00 1.190414051841384158e-01
1.921280605545031106e+00 1.262150284758398744e-01
1.886956069042990736e+00 1.379250934978591414e-01
1.837510885213347489e+00 1.483137230583718991e-01
7.373526866797720514e-01 1.630750833264755784e-01
6.255252925239975781e-01 1.487799433392475446e-01
4.259769618341175956e-01 1.225455483843464893e-01
1.137319152537910466e-01 8.179331640732037667e-02
1.403898183097997479e-03 -1.118486653461487762e-01
-2.023246799840431459e-02 9.135226827177756609e-03
-8.822213506046056031e-02 -6.949338596485717112e-02
4.722425384417460251e-03 -1.222717263046005365e-01
4.407623095519471179e-01 -1.662868689863320204e-01
6.395025980659138076e-01 -1.864559633156775142e-01
7.488436306161770917e-01 -1.985055959832978945e-01
1.855567427614584597e+00 -1.852009379918924392e-01
1.905491875770825017e+00 -1.701670444263681248e-01
1.940235045645233525e+00 -1.545661403950691626e-01
1.966277847056550510e+00 -1.443482661332620154e-01
1.959821590864475382e+00 9.055708803421494424e-02
1.944234573637517727e+00 9.497279179299243645e-02
1.924742961152880572e+00 1.021620358180463928e-01
1.900868129701051901e+00 1.026473002986681149e-01
1.872585901054433011e+00 9.929013515816680069e-02
1.833691931562402511e+00 9.759949529066115625e-02
1.773314290814436589e+00 9.850807526745189446e-02
6.777928274421058941e-01 9.022395514828909779e-02
6.100790535374104318e-01 5.848938590420231509e-02
5.509249603657555561e-01 1.957206718928838213e-02
5.265713109252224688e-01 -2.244086569883216656e-02
5.538771753361467765e-01 -6.328391327755099327e-02
6.150774476842829630e-01 -9.904271917431607675e-02
6.852168667972342586e-01 -1.277464704458007305e-01
1.786617236076085691e+00 -1.403065046998137611e-01
1.847113205435878314e+00 -1.338662737325803931e-01
1.886926461317834258e+00 -1.317260455477293479e-01
1.916494997611707385e+00 -1.321736479097436467e-01
1.941391943816433541e+00 -1.290013053365884899e-01
1.961148440121731173e+00 -1.191544488417336234e-01
1.957456618479624488e+00 7.401346438379344250e-02
1.945193626409405852e+00 7.572674088752903709e-02
1.930157787941538805e+00 7.920947784825614624e-02
1.913379273180293660e+00 7.738005414401373516e-02
1.894849481004947434e+00 7.273339752442928297e-02
1.870829217005418377e+00 6.890349018437350037e-02
1.849056290502428146e+00 5.713153918258137565e-02
1.820419840967358427e+00 4.506718025310006009e-02
1.791068662284285962e+00 2.787843300981401526e-02
1.764824075182584551e+00 5.188999849659997436e-03
1.760058599796353818e+00 -2.191307200257257976e-02
1.767867877681101874e+00 -4.836540829085186899e-02
1.796599717571869315e+00 -6.818164284243652395e-02
1.827975139391858184e+00 -8.229276192743538443e-02
1.858244481693859251e+00 -9.137272020094650005e-02
1.881742268423018949e+00 -1.008903658272713999e-01
1.906830905938834420e+00 -1.019940077352521762e-01
1.926592987788954492e+00 -1.045289106452150368e-01
1.944366848792573155e+00 -1.043204800917970076e-01
1.959782512696726764e+00 -9.869746257377676191e-02
1.957383798447565937e+00 6.038765763121269059e-02
1.947320062837379018e+00 6.287573175973266981e-02
1.936236944943194871e+00 6.181016426475263725e-02
1.924237398579067504e+00 5.900363253047460205e-02
1.911638960140293442e+00 5.416517986513541549e-02
1.898920112960018836e+00 4.709571132508105079e-02
1.882713209620249684e+00 4.015086207388263856e-02
1.871061519846694887e+00 2.818303987172230199e-02
1.861872608108914529e+00 1.428205157141039863e-02
1.849796017374470303e+00 -4.054182947116126987e-04
1.848328825957994193e+00 -1.712984975234000187e-02
1.851896655343429288e+00 -3.358973487617698817e-02
1.865848912206823806e+00 -4.682269974276736385e-02
1.876896330224083753e+00 -5.964746766453519339e-02
1.890259388916058159e+00 -7.027598554288763677e-02
1.907714962877272269e+00 -7.523956099070035208e-02
1.921756180973059003e+00 -8.078528998229611569e-02
1.935488694219115846e+00 -8.405936973885508312e-02
1.948432803378886913e+00 -8.530192827126516220e-02
1.960276579604359304e+00 -8.483456845942809188e-02
1.958577538453440292e+00 4.928905996839729603e-02
1.950539633475705914e+00 5.035093169126746149e-02
1.942158611150488934e+00 4.855810936129293515e-02
1.933404577697329874e+00 4.544367122588124225e-02
1.924550285960350271e+00 4.086109767810845728e-02
1.915953821129308565e+00 3.473348907871220970e-02
1.908051092474104982e+00 2.708123778154978775e-02
1.901332836966617146e+00 1.804147163866120021e-02
1.896300574479459211e+00 7.872348936948658782e-03
1.893399624229481493e+00 -3.061614937907021407e-03
1.892938274971377455e+00 -1.432155380448147351e-02
1.895017598152941574e+00 -2.543665970925977279e-02
1.899503271562608342e+00 -3.594846808925176301e-02
1.906054867474468395e+00 -4.545142391328725606e-02
1.914197979148756223e+00 -5.362634295459445255e-02
1.923407554588358215e+00 -6.026331000271185900e-02
1.933176289556005401e+00 -6.527047942260633118e-02
1.943058647771924718e+00 -6.866711241440640046e-02
1.952693229330150215e+00 -7.056340051468401597e-02
1.961809504785593461e+00 -7.113297293094891782e-02
