2.184321461627859673e+00 -2.050280916425563371e-02
2.149849331865905988e+00 -1.274395024535034115e-01
1.197479467172369194e+00 -1.810808268165293167e-01
1.211881475825678178e+00 -2.285327530602137558e-01
1.214813367910178021e+00 -2.907129463947881187e-01
1.192789276727311609e+00 -3.695312589092001887e-01
1.122939322337974222e+00 -4.617181410444334833e-01
9.648671542430092840e-01 -5.382619522622310582e-01
7.221426452116799233e-01 -5.230336452947879078e-01
4.382398498078771687e-01 -3.223570811790427149e-01
3.323786369160650622e-01 7.156660597604284912e-02
4.997191220204150186e-01 4.439068472014786049e-01
8.083839416017717383e-01 6.147949470471721911e-01
1.056962876791333494e+00 5.846640907983190472e-01
1.204392780871059276e+00 4.980100374825695009e-01
1.272944173997488493e+00 3.956830144926084536e-01
1.288580107070814273e+00 3.092379273383519256e-01
1.279061927178285929e+00 2.430052352593348730e-01
1.258986554892829401e+00 1.931127051548360285e-01
2.209817170924532892e+00 1.300516645715540098e-01
2.185818352668510656e+00 2.050360643214136844e-02
2.190597567475369267e+00 -8.566395642416126111e-02
1.253827263372355061e+00 -1.311865934967968161e-01
1.289753693843251003e+00 -1.680387139023044041e-01
1.323228925112163390e+00 -2.217181608134767279e-01
1.340797939207435618e+00 -3.022767436365246807e-01
1.313613758955459954e+00 -4.162256806749071725e-01
1.205671830261996869e+00 -5.598117933100428267e-01
8.820161466505188619e-01 -6.512239513763827814e-01
4.481544932974304007e-01 -4.868886929761441773e-01
2.377864773649123464e-01 8.389925295920891424e-02
5.385506697590684011e-01 6.111625718375354177e-01
1.024931862516781589e+00 7.031422928547128581e-01
1.295923864140648529e+00 6.032011083206734181e-01
1.420167758509688793e+00 4.287317229962767651e-01
1.428744043621734017e+00 3.059151127590072350e-01
1.400584577076910087e+00 2.248454109138779966e-01
1.359936183552130862e+00 1.709512782616962046e-01
1.317910338033002615e+00 1.340938416022051105e-01
2.243174685619450326e+00 8.843577900968081773e-02
2.176318480351739026e+00 6.035947408589639046e-02
2.212579495008873298e+00 -3.751502086879988235e-02
1.294797266537657476e+00 -5.762402469896730356e-02
1.346779965509930177e+00 -7.008148444559879342e-02
1.406125467435735521e+00 -9.148777617313519350e-02
1.469852574849286331e+00 -1.348988508909814976e-01
1.519076609626782481e+00 -2.358390235085402187e-01
1.468413509246536242e+00 -4.468018394538672555e-01
1.276234928984894434e+00 -6.764076520395937431e-01
6.332508895755623035e-01 -6.934466981260770657e-01
1.492436417978948160e-01 9.479370879173204534e-02
7.093195438171682188e-01 8.257200080808816400e-01
1.329619022061368172e+00 7.543916465925979420e-01
1.596776502165192513e+00 3.968547816597703393e-01
1.607594531077584321e+00 2.258736692402069646e-01
1.553600829850844134e+00 1.242174325800981666e-01
1.483643249115712104e+00 7.956797847551051739e-02
1.417587890695178432e+00 6.009823501983854732e-02
1.359505720373277438e+00 5.025703838643393040e-02
2.265417944282296148e+00 3.524937887692158184e-02
2.157148234005951348e+00 9.547750717922041941e-02
1.263252629452244813e+00 1.691197139136684999e-02
1.309801414814856679e+00 3.108478519124848252e-02
1.363680926726971609e+00 5.032565868960022643e-02
1.424752865036104765e+00 7.181999248047375717e-02
1.493005482007470741e+00 8.583107499448207334e-02
1.567852917270473379e+00 7.436323931785968067e-02
1.668825471969374252e+00 1.532018744233306674e-02
1.622434878640408140e+00 -5.266374411782248632e-01
8.389221516037357329e-01 -8.110848255896704329e-01
8.015484752113483102e-02 9.152260798738538761e-02
1.031139661104762295e+00 7.556802746785726832e-01
1.685330943470777054e+00 4.242694207570414378e-01
1.795293098340090543e+00 -1.299709207156222318e-02
1.664620640523712725e+00 -1.385709953020561602e-01
1.571145074639016981e+00 -1.366267816705353799e-01
1.496615639424312860e+00 -1.077232432998553452e-01
1.430836955528034027e+00 -7.583178035436681508e-02
1.372318722677738911e+00 -4.951142674588690507e-02
1.321305911260369115e+00 -3.040851596514985294e-02
2.130815215480776459e+00 1.231321461656475491e-01
1.255917308861164372e+00 8.529296492849589018e-02
1.295261423044790083e+00 1.226968614815216185e-01
1.336950699253986130e+00 1.738007637968561614e-01
1.379937007271293314e+00 2.387184650031614896e-01
1.426525790612246825e+00 3.123748414075832591e-01
1.486451401397063998e+00 3.788672258692604711e-01
1.620883949422664783e+00 3.771522459115087544e-01
1.565573258125903644e+00 6.643395507591574878e-02
1.331249129392463315e+00 -7.700635804208409985e-01
3.280486889393272043e-02 7.370882022604721695e-02
8.987973480756132894e-01 8.087243906689212114e-01
1.787965596559942139e+00 -3.110862934493576759e-01
1.591651525381811094e+00 -3.880094420989323445e-01
1.533976821084612752e+00 -4.040822024007607594e-01
1.478439236184440730e+00 -3.570769792910627460e-01
1.435477119128428569e+00 -2.820782690664740411e-01
1.394679022468016338e+00 -2.093644209884956142e-01
1.352357187709080533e+00 -1.502246199741325838e-01
1.310714924042690077e+00 -1.063376889825193017e-01
2.100527722450870272e+00 1.418296636858537019e-01
1.229581821504520223e+00 1.484106101931588761e-01
1.253231153034845002e+00 2.060202488672848997e-01
1.268809088372833349e+00 2.850682991902691032e-01
1.269533330565397522e+00 3.874651488240167807e-01
1.259660031489309606e+00 5.068635629530442444e-01
1.277967541907974347e+00 6.163652476711436456e-01
1.399271763737593544e+00 5.883342229559885839e-01
3.371531045051335829e-01 -6.655456254005808203e-01
3.279504939510846095e-01 -7.532728126783420075e-01
-5.806979672342912555e-03 6.809236520996567177e-02
6.430766019163689506e-01 2.868369231406062148e-01
1.484677148821163639e+00 5.135533559678109317e-01
1.469178689494320622e+00 -8.427417955964028318e-01
1.193526917667839138e+00 -8.072539508842896394e-01
1.290279810810871064e+00 -6.107011041925392014e-01
1.321692715031080878e+00 -4.440131200761847086e-01
1.320462665556341619e+00 -3.266619153328771952e-01
1.304505445948245690e+00 -2.396640788742357975e-01
1.280092262048873941e+00 -1.753882693014613414e-01
1.089110800959394831e+00 1.830442875907027089e-01
1.188342822300563428e+00 1.997106402994045515e-01
1.190277677352415076e+00 2.713145746889104593e-01
1.169398097591089369e+00 3.699161400777037367e-01
1.100824217327106114e+00 5.091947874378744965e-01
8.578336690396723974e-01 7.341723093991778804e-01
4.046331103891162573e-01 8.608561721144605272e-01
1.859260912593927173e-01 5.811652024695811852e-03
-6.648593704316495268e-02 -4.913346204762650271e-03
-2.828885664732734909e-02 -6.130022342063500516e-03
-3.274847251741136445e-02 -1.508806820020613384e-03
-3.243877230715469517e-02 -7.013990241921346999e-03
-3.257945809173726226e-02 1.414621665419875905e-03
3.164156341993398791e-01 2.521307375265696704e-01
9.332653710399022584e-01 -8.226400936215726434e-01
9.797494927418496369e-01 -7.270018999225006384e-01
1.127849116944498631e+00 -5.680008228117922053e-01
1.210449238706440056e+00 -4.200549502476852437e-01
1.235430712449428148e+00 -3.105663415297264529e-01
1.234234249533945782e+00 -2.313835846466700541e-01
1.070182206717654738e+00 1.901082772999938553e-01
1.138483520423431372e+00 2.349210260415050544e-01
1.116512268126254925e+00 3.124526051914662816e-01
1.052225012456857289e+00 4.185026251800373909e-01
8.833844989532849690e-01 5.598320727500429861e-01
6.678073221226290546e-01 5.990605877012414870e-01
-7.298743212854905127e-02 2.514920068971624942e-02
-1.187318693929304524e-02 -1.933454613117796539e-02
-2.997736003528947424e-02 1.620601340209360192e-03
-3.145116847375397512e-02 -3.132386970576312921e-03
-3.142922795805584701e-02 -3.915078681783234690e-03
-3.162587029248204590e-02 -5.579749657969751767e-03
-3.271005288203095857e-02 -9.276154155405847909e-03
-1.583843507599206127e-02 -3.944919057440874482e-02
3.066485248752979786e-01 2.444692487431834593e-01
4.067726916946822202e-01 -7.478660242071517583e-01
9.222964272347966563e-01 -6.008355233545957796e-01
1.082878933677649202e+00 -4.678300518039789635e-01
1.154432683705151064e+00 -3.553988325964306805e-01
1.179461213770478967e+00 -2.701600974592101023e-01
1.059437485343191376e+00 1.962987229808093592e-01
1.087047201719321565e+00 2.526515647496908046e-01
1.043734550280889684e+00 3.274643149873334158e-01
9.423576026234413705e-01 4.234026593067905520e-01
7.305330525644325723e-01 5.192655074812002614e-01
8.883862119942801394e-01 9.731613345241822977e-01
-7.386018821777461454e-03 4.385430772701561647e-03
-3.184640087597365860e-02 -3.545375315772495740e-03
-2.943189209032493273e-02 -2.679920667970112948e-03
-3.016509934806311036e-02 -3.155068247995635768e-03
-3.034686943909314233e-02 -4.089138540979323812e-03
-3.002209820452562614e-02 -5.078089613149375930e-03
-2.766739764693520662e-02 -6.049529484287932343e-03
-1.785512890457697371e-02 -1.109102139688922586e-03
-2.799497580195390786e-02 3.844736441867965121e-02
9.007774357977231805e-01 -3.486238553091083325e-01
7.236580329198440964e-01 -5.825832602238060209e-01
9.684287392213305479e-01 -4.700947276392901109e-01
1.075650204862597326e+00 -3.711417060386070776e-01
1.123270080775822688e+00 -2.899671861511350368e-01
1.041825853453266060e+00 1.979805919785753432e-01
1.040322776210794942e+00 2.544155256342977567e-01
9.830243232562916322e-01 3.196384827141938167e-01
8.637090634471168427e-01 3.954969903631608830e-01
6.191888614672378388e-01 4.747065610796433188e-01
9.149636813912281896e-02 1.715846404379062495e-01
-3.823657512401630598e-02 -2.580298778071334759e-03
-2.990297641618618399e-02 -1.550486628608131268e-03
-2.922500454867048292e-02 -2.702791716648574646e-03
-2.939924321608969326e-02 -3.463029016676939624e-03
-2.959407380709718274e-02 -4.131832425656821635e-03
-2.964202429638127662e-02 -4.505724993505232090e-03
-2.942927203579581361e-02 -3.433935723814710364e-03
-2.954043714038031426e-02 2.142990366540677150e-03
-2.698858310418085840e-02 9.206548868059969554e-03
-4.005886300230493413e-03 -9.695933655373858984e-02
5.936261850654176442e-01 -5.213655610421977782e-01
8.826685037098407349e-01 -4.438364147979825813e-01
1.010569555024807276e+00 -3.632092197062840588e-01
1.072506481581197102e+00 -2.925698461719016819e-01
1.035102849304892603e+00 1.994635579897560962e-01
1.002329776442320908e+00 2.439031758420614759e-01
9.399659258210044666e-01 2.965558997272816355e-01
8.199762206518889096e-01 3.531793915018739960e-01
5.539258736458892995e-01 4.148191246103616892e-01
4.654860514645791508e-02 5.777829091771539277e-02
-2.431840782902221915e-02 7.253206821693224636e-03
-2.710932584261656689e-02 -7.650182035494274349e-04
-2.811510612607742710e-02 -3.021539441941380362e-03
-2.874458840920881067e-02 -3.777223772548426398e-03
-2.901520051358441252e-02 -4.337149446679599771e-03
-2.946855649777319064e-02 -5.005682278024414268e-03
-3.141931494800783570e-02 -5.153011734341825072e-03
-3.714595088176902288e-02 -2.215670088342692415e-03
-4.656644246953424437e-02 1.217563859403946597e-02
-2.995602625967655475e-02 1.759081241221546743e-02
5.460294063737035630e-01 -4.578222636752032337e-01
8.339888799100598771e-01 -4.019866041703752391e-01
9.642725875591832141e-01 -3.399044699217792509e-01
1.031298687446244866e+00 -2.821563464077627703e-01
1.008932007769447914e+00 1.895667502069233734e-01
9.742833716386427589e-01 2.255490210810009166e-01
9.140961344964028124e-01 2.657346623156040533e-01
8.061576669483385693e-01 3.060352114803038814e-01
5.697408945381204903e-01 3.434597946625053133e-01
7.141071230460378783e-02 -1.640321586833097256e-01
-1.629945473936358219e-02 -1.219593844368086020e-03
-2.394294678017248879e-02 -4.140433446507328294e-03
-2.752423076811410380e-02 -4.510956294261618538e-03
-2.853382589101056618e-02 -4.153874819882911670e-03
-2.833273554263577090e-02 -4.302109498288147864e-03
-2.799797139993790915e-02 -5.738672948296059950e-03
-2.955044655157230971e-02 -9.257549430032598406e-03
-3.763973369095708482e-02 -1.514072427527550502e-02
-6.426970033392030712e-02 -2.571283466408812168e-02
5.285734298641625584e-01 -9.634019450648502181e-01
5.639801381278992665e-01 -3.920896065721242163e-01
8.195857167280982125e-01 -3.539337684393293881e-01
9.363222640090586024e-01 -3.083743424657994225e-01
1.000733055603452826e+00 -2.633971157326115975e-01
9.887574321460411708e-01 1.753891717632145020e-01
9.552902376186425126e-01 2.032394510287113820e-01
9.016453746979876671e-01 2.325255060318656697e-01
8.125048194925071909e-01 2.598294216323193684e-01
6.350302556438442991e-01 2.813883803380008986e-01
6.693428605465953640e-02 -2.231426509468162900e-01
1.555861540488479022e-03 -1.585702146647195027e-02
-2.575802197457528059e-02 -1.231937274158744280e-02
-2.930461295102800012e-02 -6.192275049112698840e-03
-2.940643828985945243e-02 -4.047330251241248317e-03
-2.800431996647618355e-02 -2.996406675453461461e-03
-2.493004840323971225e-02 -4.253306485458453919e-03
-2.153207286152994046e-02 -1.068646254822952502e-02
-2.130674552106293085e-02 -2.620298990992504448e-02
-3.168425972360551512e-02 -5.386069770413992597e-02
-5.885852682004182046e-02 1.204637613885004288e-01
6.435663438020069460e-01 -3.314954574210340899e-01
8.274468706314676014e-01 -3.060549921454545075e-01
9.226478762714021009e-01 -2.739251101006390243e-01
9.797292819354126436e-01 -2.402927062258334856e-01
1.981111734333870000e+00 1.384324018907381326e-01
9.434838680529776811e-01 1.798186928616529456e-01
8.980827890531015711e-01 2.002419016121529671e-01
8.287269238106700353e-01 2.176963741682555187e-01
7.104642542590432486e-01 2.288992801607181715e-01
3.646241290613905228e-01 2.453268025122739560e-01
1.259590442238935071e-01 -2.685605059180318221e-02
-5.218201325845968352e-02 2.051761604316675296e-03
-3.084645999621111329e-02 -5.542506103255715605e-03
-3.205856113374315475e-02 -3.355270215331234221e-03
-2.943920883915375833e-02 3.584157603108467822e-04
-2.249283449678565056e-02 2.486427725983612891e-03
-9.178803698723722246e-03 -2.721295562323325368e-03
5.207344616318788574e-03 -2.003476192657286867e-02
9.754393838965638719e-02 6.447706627243225685e-02
4.292181530032729841e-01 -2.933130009225749513e-01
7.235372548689895655e-01 -2.767786823784826322e-01
8.449926184781869631e-01 -2.616207469772290906e-01
9.181747840929695981e-01 -2.400399676299726226e-01
1.981532132809839641e+00 -1.937034906340064644e-01
1.968466518356193795e+00 1.199182865163541667e-01
1.945933682796352704e+00 1.323383857546475972e-01
1.914720083381127980e+00 1.435078816596346840e-01
1.869720623430934925e+00 1.612749132561374921e-01
7.701451586051588638e-01 1.852084140935964518e-01
6.355759859921146226e-01 1.825673132993955727e-01
2.334151086585221913e-01 1.717409850478411049e-01
3.747460691877830402e-02 7.655153478392610900e-02
-2.665301065748467216e-02 -1.654871500655886313e-02
-4.006330008840969237e-02 1.583885049983020481e-04
-3.343759230637507324e-02 3.409142051988514176e-03
-2.743109009723174521e-02 1.761138163887510447e-02
1.040328078329413007e-02 2.896220202998023990e-02
-1.182508389687907530e-01 2.645117972694424058e-01
3.160999570668859837e-01 -2.258742572518659397e-01
6.537610149319100783e-01 -2.299339159320376857e-01
7.841266004988119986e-01 -2.302336731484752597e-01
1.889905986084510880e+00 -2.046026696394422362e-01
1.936520373498127778e+00 -1.819125041971925705e-01
1.969367239082943533e+00 -1.669565489374372491e-01
1.959659932195480403e+00 9.871523584448389788e-02
1.941379515767931663e+00 1.053032190786523242e-01
1.918055108904699546e+00 1.100282780956262779e-01
1.886375859221720352e+00 1.183249234816749762e-01
1.841424823359840257e+00 1.247419060527498319e-01
1.774766220289116125e+00 1.277964025140468085e-01
6.358124864199643511e-01 1.274438932836625682e-01
4.358161808022648631e-01 1.036730255946429619e-01
9.152874850028880349e-02 5.913312991981238553e-02
1.170544452029724861e-02 -1.421967939060582442e-01
-1.244603670921131354e-02 -3.290188378107490944e-04
-6.442287049543000965e-02 -9.519732313969171689e-02
-2.869159985206999261e-02 -1.076400076657195309e-01
4.514945651857160680e-01 -1.561152275800731792e-01
6.497356417199736667e-01 -1.750033707065101196e-01
1.790242323336948438e+00 -1.765283919702313742e-01
1.857724747633114681e+00 -1.685903323457293712e-01
1.904158484058109613e+00 -1.578717954202880636e-01
1.937078528779003772e+00 -1.458088789770065064e-01
1.961786086523703343e+00 -1.381248646775534439e-01
1.955726792089121036e+00 8.046851542262772883e-02
1.941291410322054878e+00 8.344624651341887855e-02
1.923177308806523600e+00 8.872114641769215937e-02
1.901710348573443232e+00 8.782333141499704121e-02
1.876610594762485595e+00 8.347430805462018044e-02
1.841923750671485394e+00 8.040953672685190179e-02
1.787858229554176726e+00 7.928520311644414453e-02
1.726289102897051508e+00 6.556753604069615049e-02
6.247649863112334501e-01 4.604218829909042382e-02
5.670327761126406907e-01 1.086998794821521577e-02
5.428561725751265277e-01 -2.690857173267189456e-02
5.699471749260697218e-01 -6.355785284992968021e-02
6.297279709059111497e-01 -9.579123077574069889e-02
1.735929357517108196e+00 -1.175587508797487357e-01
1.799026539471591635e+00 -1.264618417059699684e-01
1.854151101646829725e+00 -1.228386601633582736e-01
1.890362702989470955e+00 -1.224427896520978026e-01
1.917229652419074837e+00 -1.241425870796505210e-01
1.940218877527500885e+00 -1.224994584135001285e-01
1.959121919582213378e+00 -1.145086878690310395e-01
1.954855638891462410e+00 6.528219883387685607e-02
1.943598261040021313e+00 6.610341241723775851e-02
1.929742813214690766e+00 6.840863961574013274e-02
1.914709865659595334e+00 6.590770204735937887e-02
1.898285413616638717e+00 6.092112060431920106e-02
1.876876031071995854e+00 5.659432645070097689e-02
1.857862665160924021e+00 4.554328291623435665e-02
1.832584743824259954e+00 3.432200996141249183e-02
1.806663951354150477e+00 1.897109336726434184e-02
1.783358121831446930e+00 -7.413244849393404393e-04
1.779115075904940779e+00 -2.397481801826127634e-02
1.785889703715510368e+00 -4.672465030461456226e-02
1.811444103741150169e+00 -6.414457954532629125e-02
1.839397206430813059e+00 -7.693775739406026604e-02
1.866488135100751178e+00 -8.555871640654870436e-02
1.887419991522639062e+00 -9.464302673017553624e-02
1.910250684118595110e+00 -9.641106336362222085e-02
1.928227098538384032e+00 -9.942452546814263548e-02
1.944607392065876406e+00 -9.996350896138044007e-02
1.959223014154839682e+00 -9.545143524757920828e-02
1.955738931731749286e+00 5.286180600227285975e-02
1.946398263880290358e+00 5.456339112239002448e-02
1.936380238244692853e+00 5.301566597987388690e-02
1.925644025489478661e+00 4.990511899395989881e-02
1.914474764658982586e+00 4.501138727652841121e-02
1.903286838699691064e+00 3.820061080006974252e-02
1.888904050430404435e+00 3.149634816433133366e-02
1.878774357264537009e+00 2.057313887120849547e-02
1.870817930008325192e+00 8.088343672411422991e-03
1.860132934745153621e+00 -5.032033298363867459e-03
1.858922546340444626e+00 -1.978408098250268241e-02
1.862116188067603373e+00 -3.431028039505318317e-02
1.874642796886656138e+00 -4.610099543494243501e-02
1.884461387865961512e+00 -5.763921229040262079e-02
1.896378296471183944e+00 -6.736584007024171150e-02
1.912203130016451036e+00 -7.218714508294588050e-02
1.924909048255030175e+00 -7.757191017897166474e-02
1.937448746960686474e+00 -8.096867431308633900e-02
1.949393203933595276e+00 -8.254667801234596980e-02
1.960450271299613023e+00 -8.255453802037182598e-02
1.957542215873435687e+00 4.278207106295305734e-02
1.950114571706026423e+00 4.332678495031025423e-02
1.942553132464893473e+00 4.127643636277774503e-02
1.934724038621715270e+00 3.804622977675439777e-02
1.926869231682736272e+00 3.352774278268857988e-02
1.919299421041336995e+00 2.767499709926643167e-02
1.912387770220363992e+00 2.052525386019905113e-02
1.906551732205548300e+00 1.221198063999431697e-02
1.902217850219497519e+00 2.964974605721377131e-03
1.899766751978464008e+00 -6.904305106251392571e-03
1.899464884842521517e+00 -1.702955450138738183e-02
1.901403626410102410e+00 -2.702226227220620031e-02
1.905473526082934743e+00 -3.650388839711380534e-02
1.911388027730336781e+00 -4.513500429238081341e-02
1.918744338533334703e+00 -5.264066552652840042e-02
1.927093877627247043e+00 -5.882998339256882009e-02
1.935999684720385750e+00 -6.360632424607794155e-02
1.945073136418375093e+00 -6.696531882466151553e-02
1.953992918423742786e+00 -6.898148658918296094e-02
1.962511633685807277e+00 -6.978763699690601618e-02
