8.888716407461838553e-02 -2.167692154759487622e+00
-5.118177613118188862e-01 -2.027871917543846880e+00
-6.223413811741306256e-01 -1.868273390966260550e+00
-6.467002809080359960e-01 -1.710892754552564732e+00
-6.875668529044595134e-01 -1.555247955005464755e+00
-7.514697464497079871e-01 -1.395682702001060926e+00
-8.448766793777813255e-01 -1.221516076537043194e+00
-9.714108272130040911e-01 -1.013078181387237375e+00
-1.116136697338848238e+00 -7.425898111247123401e-01
-1.241987058849586489e+00 -3.909258180950864192e-01
-1.288000304983191624e+00 2.351959843709046372e-02
-1.227050775682100081e+00 4.341913534896466587e-01
-1.092403941395205136e+00 7.776928609638122936e-01
-9.446873209989355979e-01 1.037844555725529139e+00
-8.189188837190217729e-01 1.241551132022144843e+00
-7.255175107697798831e-01 1.411538493743885292e+00
-6.630692312976516067e-01 1.567769142140252869e+00
-6.239046703224750967e-01 1.721266934283701699e+00
-6.010859293576917839e-01 1.877134503158852219e+00
-4.424975895234783407e-01 2.032403577045733378e+00
3.212451219531827773e-01 -2.150572879664859993e+00
-2.161048930110979205e-01 -2.024433920599582049e+00
-3.648518060502276006e-01 -1.872447138947442191e+00
-3.779837919524519085e-01 -1.723689399221338237e+00
-4.079399965688043084e-01 -1.581766834943097999e+00
-4.652362817795221428e-01 -1.442941090066761411e+00
-5.628414549456097760e-01 -1.295759128337421462e+00
-7.111729700324060932e-01 -1.119722789990061251e+00
-9.184095986855315141e-01 -8.656909495555603629e-01
-1.120752453432421358e+00 -4.817573826135184700e-01
-1.203738332099696162e+00 2.776733776577625101e-02
-1.097860602395585916e+00 5.300191539506136085e-01
-8.812982182408070075e-01 8.983427345093568661e-01
-6.815485258851324835e-01 1.143406291299871480e+00
-5.285988544950823709e-01 1.312162098150893685e+00
-4.349967409291020104e-01 1.453512104600793720e+00
-3.810433595159540832e-01 1.590411723295433122e+00
-3.532649649259871905e-01 1.731140170233256503e+00
-3.419837439829393477e-01 1.878919792838013247e+00
-1.956371399610156714e-01 2.029722462840538810e+00
5.512164419142090432e-01 -2.125379625077253198e+00
3.408349313817740645e-02 -2.011228834728233217e+00
-9.963603891425840131e-02 -1.859754079048626441e+00
-9.646360373995979676e-02 -1.714583063611714975e+00
-1.070494002970491521e-01 -1.580196536800338558e+00
-1.427981127093491676e-01 -1.457318013586807792e+00
-2.271827373917756077e-01 -1.344097028660818927e+00
-3.934562234808445247e-01 -1.211797397033429924e+00
-6.476737727969095193e-01 -1.013426214045758167e+00
-9.758555006690065037e-01 -6.188244561577548319e-01
-1.138868423773682803e+00 3.204998270214826084e-02
-9.468078078971182698e-01 6.689528991521267454e-01
-6.199021404016196168e-01 1.039589098921539501e+00
-3.423472691920362854e-01 1.223661965555791209e+00
-1.932724829341328499e-01 1.348592724021000278e+00
-1.132575759070549304e-01 1.463372414384455311e+00
-7.867346570285643770e-02 1.585255135638488966e+00
-7.008465409908559707e-02 1.718668126441114996e+00
-7.544316671066764179e-02 1.863324598541000077e+00
5.536712624111037040e-02 2.014465757563585591e+00
7.765777620303924156e-01 -2.092614339849810712e+00
1.424135143363269851e-01 -1.985030783028694179e+00
1.678439112155774016e-01 -1.826124327102699896e+00
1.899224111297221074e-01 -1.677182663795957707e+00
2.019391494106922147e-01 -1.540408390504741876e+00
1.923614147068033464e-01 -1.418154233467695757e+00
1.427821522964224377e-01 -1.311193176344404465e+00
2.152703625619001304e-02 -1.226516656163016972e+00
-3.039805327387566369e-01 -1.127666751403888723e+00
-7.897678805134294988e-01 -7.774718046863888787e-01
-1.091991703684227932e+00 3.311042566597182518e-02
-7.137757013415536589e-01 8.261190484878387918e-01
-2.308410563574838925e-01 1.132265399276660478e+00
4.999793563706975141e-02 1.239330986190761763e+00
1.805240723624975396e-01 1.315334403478563008e+00
2.277631769149096042e-01 1.417020238721226066e+00
2.334214676649321585e-01 1.538789968214041348e+00
2.177272955990320058e-01 1.676276351055941305e+00
1.927894436017756064e-01 1.826041020265518178e+00
1.651574774139783763e-01 1.985563658143075338e+00
9.952291874216314671e-01 -2.053530316790774357e+00
3.901860757460016149e-01 -1.939035556305296115e+00
4.307335589795110997e-01 -1.769402016902738906e+00
4.724154349304528488e-01 -1.607471152398255443e+00
5.088136421237485774e-01 -1.456349486986026065e+00
5.280636109652179222e-01 -1.321275229555411546e+00
5.115522940872803126e-01 -1.211776777068717781e+00
4.162015900706260707e-01 -1.148441944756360966e+00
1.078634218527126931e-01 -1.097215822070354285e+00
-5.923843275571355482e-01 -9.190597860272313735e-01
-1.058136972710233437e+00 2.623086925855897672e-02
-5.816795311692125603e-01 9.054994611711197905e-01
1.908036578165588915e-01 1.114149386151288113e+00
4.424080349090724340e-01 1.137840933964822332e+00
5.475548765445613641e-01 1.197683412580317963e+00
5.619947977314665444e-01 1.307231991958736073e+00
5.382409041830285013e-01 1.446201133484439127e+00
4.987670797401070333e-01 1.601088403363294166e+00
4.549794607187587214e-01 1.765563997267015850e+00
4.126973628324595023e-01 1.936778101898357862e+00
1.205474418916006485e+00 -2.010119623227858643e+00
6.276254328824523165e-01 -1.877629170288591443e+00
6.806078015523044922e-01 -1.689739501326822380e+00
7.386605906796874788e-01 -1.502679561011932119e+00
7.954594649113294613e-01 -1.318527560062984660e+00
8.366502702839697658e-01 -1.149193929473030007e+00
8.299399668028825117e-01 -1.025368883040575607e+00
6.956306909821026174e-01 -9.672532772735542572e-01
-6.551714972852373808e-01 -8.223231747263443081e-01
-9.218730197040692076e-01 -5.361569536446130213e-01
-1.014017666472836643e+00 4.740404461751605847e-02
-7.285237553971370961e-01 7.116559513750717603e-01
-9.835386525394029800e-02 1.085617010829650120e+00
7.361917209262771600e-01 9.730938685548907729e-01
8.717659349840747307e-01 9.655620161165776594e-01
8.681022785699685773e-01 1.122190283192590510e+00
8.202522376005872973e-01 1.306426187440560494e+00
7.618099773978879163e-01 1.494350508088625462e+00
7.031629706310948968e-01 1.683533796127530291e+00
6.493316263911459441e-01 1.873096394891733851e+00
1.260764224503756026e+00 -1.959615419726437269e+00
8.491063900512365592e-01 -1.804614817443265462e+00
9.082851283286739186e-01 -1.592037641979985763e+00
9.729937422748951015e-01 -1.368201645976547365e+00
1.034654333159390038e+00 -1.125486400920589825e+00
1.054557743715332396e+00 -8.374626090276650059e-01
9.346962607722909544e-01 -7.369865767438856796e-01
-4.714225258009385744e-01 -8.777510773059007398e-01
-8.105426851866390781e-01 -4.106043875120293785e-01
-8.174375423797941576e-01 -2.042897320456257826e-01
-8.219877891604929765e-01 1.073380367221918319e-03
-8.168764375660504395e-01 2.052779386152372154e-01
-8.144536471009380385e-01 4.204858272077809933e-01
-5.265861246881677893e-01 8.515459340041581227e-01
9.805520456149087183e-01 7.339735191700913486e-01
1.064170004826272553e+00 8.676179955732650217e-01
1.048491546883657533e+00 1.113460511387512675e+00
9.937932169570553587e-01 1.358275723769323706e+00
9.296451163883031610e-01 1.584154288940340383e+00
8.700165089086363546e-01 1.798254013297411635e+00
1.359198065926828347e+00 -1.910931205175354197e+00
1.050766893739310648e+00 -1.726627852489481141e+00
1.107289540802359751e+00 -1.486573505818170826e+00
1.162646964711336661e+00 -1.220391662696614032e+00
1.184635465623728123e+00 -9.102987868794005788e-01
1.107941119940943242e+00 -6.211231439021532852e-01
-2.238453728006477572e-01 -9.527031361191524717e-01
-6.126188230976502558e-01 -6.136272446557246019e-01
-6.194473246624357943e-01 -4.040460706540551228e-01
-6.219558559284142918e-01 -2.012194001200176829e-01
-6.227794544098277374e-01 5.903926435200490107e-04
-6.225836744065336159e-01 2.025799512902208277e-01
-6.217572930962462774e-01 4.052370634612574851e-01
-6.100969988901439045e-01 6.118652552437262582e-01
-1.973277746601700688e-01 1.002509061359699416e+00
1.107200987604045839e+00 5.601304581097686919e-01
1.209142854904283748e+00 9.104831155920318775e-01
1.180678237401868058e+00 1.209545136393229026e+00
1.127520621035206227e+00 1.476532996987470092e+00
1.070974004722883732e+00 1.718408911544463180e+00
1.408707151519725809e+00 -1.865682011708687638e+00
1.231897817516186766e+00 -1.651857121686979069e+00
1.276697967996824667e+00 -1.386585429854839679e+00
1.306550193797150206e+00 -1.083869194631085442e+00
1.276614682538486534e+00 -7.365465355886382515e-01
9.148479432639258224e-01 -8.021287180671000661e-01
-3.940437174010512633e-01 -8.223580542386768055e-01
-4.192971961466265274e-01 -6.057287331480084580e-01
-4.226149162689873950e-01 -4.027531927937471057e-01
-4.236576092019097017e-01 -2.010107331770446815e-01
-4.241396907581204689e-01 2.435088136277589711e-04
-4.243597768199304787e-01 2.014451764812607015e-01
-4.240327848183804149e-01 4.029929582780986674e-01
-4.208701135521586978e-01 6.066291544159931881e-01
-3.943331102331799065e-01 8.223297472394820451e-01
5.057446876678843850e-01 9.509702196917420025e-01
1.295983062890048387e+00 7.123634720459213199e-01
1.326619778184469078e+00 1.072716528518562251e+00
1.295999232503362020e+00 1.374824852319774360e+00
1.251302235804135021e+00 1.641776022406107094e+00
1.496413752568561240e+00 -1.826709280203250518e+00
1.395319193717313944e+00 -1.588174121885609802e+00
1.422304366908015538e+00 -1.305039341127461450e+00
1.421879869558548615e+00 -9.801563233282076792e-01
1.344014442403292042e+00 -5.970825538545151412e-01
2.541283996558944547e-01 -9.786689686670844157e-01
-2.117116268922598910e-01 -8.053597937827344788e-01
-2.225883322544066345e-01 -6.035535669871090469e-01
-2.243147056935359540e-01 -4.019319176063644861e-01
-2.248168616280404319e-01 -2.008481351982905894e-01
-2.250555785704804745e-01 -5.525979674521458418e-05
-2.252983389324214047e-01 2.005492276268980301e-01
-2.256056613658793952e-01 4.012345753313317775e-01
-2.253595919418944216e-01 6.030255490931270002e-01
-2.155080547721393847e-01 8.093261630470408585e-01
2.960356228982604643e-01 9.654739424018016214e-01
1.335966696403593001e+00 5.654293779090516781e-01
1.441181492669186381e+00 9.613040521000074667e-01
1.441101352117835077e+00 1.290834715638600416e+00
1.413829544370832414e+00 1.576286456251779544e+00
1.526946746965194279e+00 -1.804567777043706966e+00
1.546581696138712214e+00 -1.541163851841537813e+00
1.554239972534829928e+00 -1.249766220028404096e+00
1.526227446309027513e+00 -9.166625679203739274e-01
1.401094686794391420e+00 -5.196696650853299682e-01
3.845216659650546598e-01 -9.000287055761924115e-01
-1.619182854084101619e-02 -8.048167098667166064e-01
-2.412688352377969150e-02 -6.017538230481830341e-01
-2.524934634932034239e-02 -4.010743027461675103e-01
-2.551344147468450826e-02 -2.005297395345024825e-01
-2.549683314279075838e-02 -1.491585941940621555e-04
-2.541642683771905276e-02 1.998067316266582127e-01
-2.564056078985951087e-02 3.991222248396518735e-01
-2.654502587456062171e-02 5.979049747351657951e-01
-2.489822847149606583e-02 7.977744071833162698e-01
3.483827861461240571e-01 9.369448332852210459e-01
1.383361718181829403e+00 4.871894495327840913e-01
1.540260963878384626e+00 8.912954514265997163e-01
1.571549162862065918e+00 1.232561033799311589e+00
1.563922424153773472e+00 1.527558861255018607e+00
1.685886116579580651e+00 -1.778068942606486624e+00
1.692211025719441375e+00 -1.513044547690824748e+00
1.682585499549521302e+00 -1.222666451565497248e+00
1.634330543874954023e+00 -8.955613881748707428e-01
1.482848169791029180e+00 -5.083412181078086345e-01
6.113921733301732608e-01 -8.012383408549691444e-01
1.834761683239845564e-01 -7.935096461730450912e-01
1.763268613887384872e-01 -5.993168260803711789e-01
1.745566499243476066e-01 -4.002366037831878720e-01
1.740951017744295781e-01 -2.000734282387516272e-01
1.744170714723571602e-01 1.858776835327706229e-04
1.753289134753645839e-01 1.997477328989597511e-01
1.765413963101680195e-01 3.977154075751730966e-01
1.778595500176648747e-01 5.927708395641104744e-01
1.854474913265948266e-01 7.816119015093334621e-01
1.034425026185391561e+00 6.349050645352085631e-01
1.465425346709787746e+00 4.702335563081624925e-01
1.643864345704552310e+00 8.686391753042715935e-01
1.697552467161182355e+00 1.203677834153588755e+00
1.708011192741114570e+00 1.498191562123668330e+00
1.843341703011792898e+00 -1.764419918551643818e+00
1.838117079408389865e+00 -1.502896121318597400e+00
1.815287602458197869e+00 -1.220808684485209072e+00
1.755577681643946120e+00 -9.101092084073060251e-01
1.603657490449683198e+00 -5.514646375598578620e-01
9.836962034518161868e-01 -5.098090665443187897e-01
4.126124655355696280e-01 -7.971338777422322108e-01
3.786780218007373411e-01 -5.986961611642442893e-01
3.748886739693115255e-01 -3.998185005140584836e-01
3.736104244218702020e-01 -1.996095491568062319e-01
3.741733464988977187e-01 1.197706374891469418e-03
3.764765665640096848e-01 2.011103139582781085e-01
3.804701892146288289e-01 3.986689548584951837e-01
3.877054793687090828e-01 5.916073859245121191e-01
4.018979173095637014e-01 7.663925036071755903e-01
9.075295503963209942e-01 5.026321314013573183e-01
1.599870951342832193e+00 5.274178073790378729e-01
1.763239137724625483e+00 8.856598468721897932e-01
1.828053970816492901e+00 1.201801133163010293e+00
1.852248246639494500e+00 1.487545866893008828e+00
2.053092158042308046e+00 -1.763122923204530235e+00
1.988696701385847865e+00 -1.507603729961019212e+00
1.957368222011178549e+00 -1.238242535440210901e+00
1.894010719916846108e+00 -9.497649611984991802e-01
1.763183084812025347e+00 -6.344717472921773682e-01
1.416750020658838816e+00 -2.883086243973022045e-01
7.980253588519986563e-01 -5.998162442278341944e-01
5.844331714291505220e-01 -5.894911753121295783e-01
5.762770706132005483e-01 -4.001763566723424703e-01
5.721266657630774688e-01 -1.993023923726719160e-01
5.729360743817696333e-01 3.077790529716701445e-03
5.771050058138479377e-01 2.043523728395525707e-01
5.851101034256462885e-01 4.023022808232941672e-01
5.961867561776890145e-01 5.937291264284240144e-01
7.954346248800391317e-01 5.979976719743141933e-01
1.454312747512467530e+00 2.757269835788539458e-01
1.767467930812426147e+00 6.151453382836193917e-01
1.901975229216602559e+00 9.290150380092163651e-01
1.968631111958864199e+00 1.220321129236991764e+00
2.052091009231431062e+00 1.493508678747615281e+00
2.266790310397252206e+00 -1.771000225920977389e+00
2.247368951833113471e+00 -1.525662219840530964e+00
2.212559529463137498e+00 -1.270933623761443698e+00
2.101122603597703975e+00 -1.003639486362366995e+00
1.944104993355876498e+00 -7.270256025876207229e-01
1.748597952700101432e+00 -4.449208696944838004e-01
1.333567132834416080e+00 -1.933784596689256119e-01
8.537916264977843950e-01 -4.674688973367452927e-01
7.818897823659569646e-01 -3.988130042841657175e-01
7.670999186517376556e-01 -1.959173999248139397e-01
7.706415178711744085e-01 4.749558646864314795e-03
7.774552310887977713e-01 2.097109693519026430e-01
7.875119231962673938e-01 4.051952571942271653e-01
8.802148623614645118e-01 4.826093922327399088e-01
1.394598733886690978e+00 1.650621849989140355e-01
1.764154468332295167e+00 4.309696034373439733e-01
1.951275502847733323e+00 7.089633157757221360e-01
2.109802468141464438e+00 9.852468493623933732e-01
2.223272627447722805e+00 1.254236130992543830e+00
2.259092925782427042e+00 1.510979224849118285e+00
2.535727112574400088e+00 -1.788618971492037968e+00
2.513970273549998691e+00 -1.553302021757355655e+00
2.479653387184935998e+00 -1.313137786139097374e+00
2.374994333466349250e+00 -1.064792561324461762e+00
2.239885626687008635e+00 -8.154162542400529290e-01
2.061786024374501647e+00 -5.740008966457208484e-01
1.821987591098625847e+00 -3.552542401106814074e-01
1.544689988918886758e+00 -1.813539934638021545e-01
1.227407766153881585e+00 -8.386440247899254463e-02
1.018244796513859463e+00 -1.901277999267386443e-01
9.795156405118849996e-01 -3.991268462566904124e-03
9.805131724725073550e-01 1.053926063937314361e-01
1.138637103774523318e+00 5.968523366616396153e-02
1.555632597229951175e+00 1.497117187572392094e-01
1.836388401567541351e+00 3.353095266246504669e-01
2.071217853994020697e+00 5.561864031450268753e-01
2.248107742264146669e+00 7.976460493954244946e-01
2.383881472402992863e+00 1.047887100642468816e+00
2.489506986709480785e+00 1.297652775066748809e+00
2.524532372845023076e+00 1.539323348134490121e+00
2.810496951488000050e+00 -1.809466956790665604e+00
2.788447412183283625e+00 -1.583311456404074447e+00
2.706192576003147110e+00 -1.351757685868916647e+00
2.660507987373789796e+00 -1.123488835663293495e+00
2.597604903060190651e+00 -8.987810222629847301e-01
2.459494354033759045e+00 -6.790981003064654464e-01
2.240583229875945381e+00 -4.754205384819977231e-01
2.057744515534944529e+00 -3.071717446640445659e-01
1.874257726030487570e+00 -1.775719362079897223e-01
1.769007318802926498e+00 -8.388201247781004732e-02
1.727595235286987885e+00 -1.346655217089444585e-02
1.770718890354471942e+00 5.769366318449280218e-02
1.877316298024112040e+00 1.522158065126982818e-01
2.064637172222632433e+00 2.843766095858656362e-01
2.248538865087582383e+00 4.553684720972263067e-01
2.467228972267212939e+00 6.610386040830004140e-01
2.605398470691956181e+00 8.820442638069898589e-01
2.668839808792220047e+00 1.107783664139450952e+00
2.715169546467607997e+00 1.337196571091127550e+00
2.797763983003375809e+00 1.570063360302399458e+00
3.090774658130562180e+00 -1.832531496750855249e+00
3.069981421633032781e+00 -1.614282169807355949e+00
2.991518057204393344e+00 -1.391538145441418184e+00
2.953861312798144567e+00 -1.175026365028924547e+00
2.905807178475150465e+00 -9.634850320447403416e-01
2.793096456977119058e+00 -7.563331006174278670e-01
2.723644547209915334e+00 -5.682070661937195233e-01
2.594390625141031137e+00 -3.964809175363697702e-01
2.469617021465658535e+00 -2.487299794996889468e-01
2.363438859674052761e+00 -1.230589463987149801e-01
2.345655763649653558e+00 -1.138263195896298263e-02
2.365170375838405281e+00 1.005867864697617409e-01
2.473065647699583813e+00 2.271692864364092956e-01
2.599367516184706517e+00 3.764885488773430655e-01
2.729502549420462998e+00 5.500136747945324478e-01
2.799558334071429400e+00 7.394481259913853188e-01
2.912760489049667445e+00 9.477546967463399419e-01
2.961366149633765321e+00 1.160288375763866453e+00
2.999556328469900279e+00 1.377794098541177625e+00
3.078258796356149851e+00 1.601609106915345748e+00
3.376256442878260433e+00 -1.855392402982959155e+00
3.307859325465777989e+00 -1.639538783334480554e+00
3.283526950891808127e+00 -1.428322974675839019e+00
3.253365638899075485e+00 -1.219926780439046565e+00
3.217144990087985601e+00 -1.016422642320498726e+00
3.175508054220490983e+00 -8.204016588451213954e-01
3.075207714815825000e+00 -6.300666760975026648e-01
3.029217249045279559e+00 -4.574158632627322030e-01
2.989474833956822231e+00 -2.982475217165113657e-01
2.903465830469915687e+00 -1.492447754286683193e-01
2.893932862196008315e+00 -9.645249780115532773e-03
2.904854208902295731e+00 1.301287635290840350e-01
2.992056979738321409e+00 2.800352132554539963e-01
3.032951583445220312e+00 4.399419810618206972e-01
3.079888139011564441e+00 6.134855219644504976e-01
3.180874410907407857e+00 8.048634092503479387e-01
3.223145426714641992e+00 1.001749054371471770e+00
3.259929011872833016e+00 1.206092643777863849e+00
3.290588941982354410e+00 1.415322664822887599e+00
3.315341661426541631e+00 1.627370632930913663e+00
3.666090389761910373e+00 -1.875517736465408314e+00
3.600180982909152672e+00 -1.665812903893219898e+00
3.580010594204749097e+00 -1.459848539065342843e+00
3.556221307630913486e+00 -1.256734552038810460e+00
3.529059572892519370e+00 -1.057848335359133918e+00
3.499373706784062676e+00 -8.647233016618304235e-01
3.468820767695850460e+00 -6.787926069175180821e-01
3.439937830649963058e+00 -5.009701374353551229e-01
3.415922498620898917e+00 -3.311525513888560202e-01
3.400042125000654281e+00 -1.678500055331561824e-01
3.394785368936502401e+00 -8.192506144459436174e-03
3.401079868474513379e+00 1.515628290672304257e-01
3.417966674304230956e+00 3.151527562697870044e-01
3.442919831908022754e+00 4.854245390825077666e-01
3.472638735881851346e+00 6.638229512565053669e-01
3.503916578216726752e+00 8.503972151405709834e-01
3.534229899746363923e+00 1.044194466968441537e+00
3.561938506683033356e+00 1.243764776754107793e+00
3.586201683618355673e+00 1.447569520568045442e+00
3.606773077370329705e+00 1.654226573463595473e+00
