2.175877300892297583e+00 4.366804737322471479e-03
2.161050533318731759e+00 -1.043886947589480613e-01
1.217608445034781939e+00 -1.568429575408952503e-01
1.240550942654404354e+00 -1.999512807897448341e-01
1.255710304799254384e+00 -2.587984456680141321e-01
1.250877373227808675e+00 -3.386377319273646269e-01
1.202033945604952248e+00 -4.449213507933613698e-01
1.045302042450424906e+00 -5.592924632424324249e-01
7.735397285490234198e-01 -5.651359836944245263e-01
4.381307537653523210e-01 -3.709537954071852606e-01
2.992807043023028024e-01 9.152163836103710537e-02
5.247606502779469384e-01 5.143737856064775071e-01
8.875648270064238066e-01 6.632314041096377677e-01
1.147855829613151135e+00 6.068094435898029326e-01
1.298047477302934460e+00 4.925230157361607519e-01
1.350829590292297544e+00 3.723785676416734858e-01
1.348563833773320120e+00 2.820265181515440034e-01
1.325070267835597893e+00 2.178200303856112352e-01
1.294755198071270375e+00 1.716801175871125740e-01
2.236851952493492224e+00 1.004022544316586912e-01
2.170641368823413409e+00 4.329204561016674474e-02
2.192945909642348035e+00 -5.576102289717939364e-02
1.266718382885690719e+00 -9.687441721835685082e-02
1.308883099556769514e+00 -1.242988486834299827e-01
1.352233973567784631e+00 -1.666967044439997547e-01
1.386019263669873380e+00 -2.360647845290370639e-01
1.385214135968017901e+00 -3.449328268402964137e-01
1.323705515996199900e+00 -5.025627893396464874e-01
9.789721275353470142e-01 -6.904914432596301888e-01
4.899132450368605118e-01 -5.467955819862945210e-01
2.090163388197491534e-01 1.078492249912993972e-01
6.125551040782010181e-01 6.885103672901937699e-01
1.132207313461548681e+00 7.258713429036559583e-01
1.441970202436859250e+00 5.692178150507438694e-01
1.522148564494813616e+00 3.543355474380375236e-01
1.498580905927933582e+00 2.368416473643621400e-01
1.450878505916854744e+00 1.674390404372750052e-01
1.397656424325300906e+00 1.256602693003855409e-01
1.347277735142617061e+00 9.912115150570140198e-02
2.261427860883242769e+00 5.039493300235217688e-02
2.155482585205559687e+00 7.895772257445299314e-02
2.205227597825611952e+00 -5.707183075201644612e-03
1.295832770434445447e+00 -1.665728937169062840e-02
1.348749049034723146e+00 -1.643983900608416218e-02
1.410206813673320569e+00 -2.106228744239682649e-02
1.479787953245908172e+00 -4.239296780928346331e-02
1.548292093353804910e+00 -1.165055677583907295e-01
1.549837279251069511e+00 -3.210049072232044054e-01
1.431977223446120329e+00 -5.491186616266970910e-01
7.312539890003751930e-01 -7.049173769092067499e-01
1.266772383618022524e-01 1.226805855439509346e-01
8.692954499349220265e-01 8.594289723552432925e-01
1.559403945887296805e+00 6.920072911858919928e-01
1.690249707095900167e+00 2.654715597539084038e-01
1.666428196957556729e+00 9.373183935663867428e-02
1.586066609513065773e+00 1.743861309426093797e-02
1.506346193192166227e+00 -1.121257038906858490e-03
1.436447652400233643e+00 -2.437717236024209235e-04
1.376194568014770470e+00 5.099466739260256724e-03
2.271714473420642477e+00 -7.515742993013142803e-03
2.132341959780378549e+00 1.083540742822943076e-01
1.253797052898759867e+00 4.942581024603261847e-02
1.296522937464758440e+00 7.310663516152166030e-02
1.344799749235723541e+00 1.046296671678007273e-01
1.398609032966523058e+00 1.417006727716546566e-01
1.459453164550517323e+00 1.751540636886008695e-01
1.530082003850320227e+00 1.868218793570762259e-01
1.626850032372752830e+00 1.658807005492751452e-01
1.737400558261273043e+00 -3.000214077038173555e-01
9.650987035803855196e-01 -8.693843997673760260e-01
6.660634737799026039e-02 1.168956413333752248e-01
1.253418999193793626e+00 8.812219741000074658e-01
1.841945157316168258e+00 2.691400306622556693e-01
1.765706632988466307e+00 -2.422206378319669284e-01
1.618464821472610504e+00 -2.808323971966030785e-01
1.541614171876193096e+00 -2.424849044459923275e-01
1.480662198533936991e+00 -1.899133682980270743e-01
1.424759711774333137e+00 -1.392254320961549274e-01
1.372625528077171975e+00 -9.799414490236446618e-02
1.325311570088270274e+00 -6.739693238572233569e-02
2.104106358780831076e+00 1.295034118597650219e-01
1.236709275195962299e+00 1.149672701235921468e-01
1.268192414601097440e+00 1.597319299834590312e-01
1.298677981422917016e+00 2.195221935800851232e-01
1.326789856238804743e+00 2.948532280283766016e-01
1.355085738442336929e+00 3.824759438618102192e-01
1.393867791704420656e+00 4.690020968374793986e-01
1.501968163995382133e+00 5.187497837235619524e-01
1.510443653674032882e+00 2.252931590168698317e-01
1.404231236409514638e+00 -4.899309644002021735e-01
2.593052820740612829e-02 9.455931422854689516e-02
1.153265168541051322e+00 8.442633802528316522e-01
1.581117536617556052e+00 -4.795080037957019647e-01
1.543314806022821672e+00 -4.763081771306182932e-01
1.468721679724177775e+00 -5.005705393664868774e-01
1.419002721964732983e+00 -4.339738866673170659e-01
1.392055165251470994e+00 -3.461343548826938954e-01
1.367103987979832125e+00 -2.632183377741376118e-01
1.337135755385566283e+00 -1.943251315868001206e-01
1.303827126548448012e+00 -1.416095764760843534e-01
1.076544720352240470e+00 1.762135962870848838e-01
1.202397499143561976e+00 1.719503609673463385e-01
1.215356947271663435e+00 2.333011195270897342e-01
1.215701930158896271e+00 3.154502915169594135e-01
1.194893447354223870e+00 4.201410901341549597e-01
1.153774926348446916e+00 5.445753631074303769e-01
1.132614003714237816e+00 6.818436844083214377e-01
1.281031302574470399e+00 7.515094187269241166e-01
8.569522342307321905e-01 -7.705318465890887980e-01
6.233709745545860104e-01 -6.554584703444745752e-01
-1.124829028684161576e-02 8.629215401910410310e-02
1.777872275415363357e-01 1.438843276830892304e-01
1.747744057335335777e+00 8.938054349632659767e-02
1.197225404501006008e+00 -1.025159686816807136e+00
1.061457121734659559e+00 -8.343744585606768238e-01
1.191246820244594051e+00 -6.521639475054813451e-01
1.257424261011245381e+00 -4.849678771800116639e-01
1.278301249365196846e+00 -3.648321671588317661e-01
1.277906921122723860e+00 -2.741085732798753671e-01
1.264458293160647173e+00 -2.051167076704600856e-01
1.066063939265682770e+00 1.839974737759457468e-01
1.156049002327709685e+00 2.150189344712454820e-01
1.146028519395910550e+00 2.858876562018709544e-01
1.107841774898551179e+00 3.799035281945245535e-01
1.012461199427174607e+00 5.045250439418622612e-01
7.487146672765954136e-01 6.685565027960151951e-01
1.197157991775780750e-01 6.236292533198558585e-01
1.732790937843652346e-01 5.595158422097212120e-02
-4.268763579546292625e-02 -5.215590467142336081e-03
-3.409822785810793372e-02 1.873063968992248318e-03
-3.670161000575465626e-02 4.398682644212799538e-03
-3.279951076185338293e-02 -2.243204301889790021e-03
-1.013315299573773476e-02 1.727795977034187781e-03
3.469626708869917309e-01 2.404326031032674726e-01
7.955722418253116102e-01 -8.898967227931342538e-01
8.677554123904933636e-01 -7.327639292462766463e-01
1.057892832966610408e+00 -5.790668084597443421e-01
1.161894782838203577e+00 -4.390166061585145107e-01
1.202746449485547542e+00 -3.328193518019566532e-01
1.213181393077088943e+00 -2.534297541467347425e-01
1.047545938039374347e+00 1.884577001791747086e-01
1.104403412038501786e+00 2.413156000862082817e-01
1.071310047430746648e+00 3.135369069021887167e-01
9.926447155464764860e-01 4.065084041630699363e-01
8.135779999734009671e-01 5.200315904142761569e-01
6.081295973369073016e-01 5.980058925735923792e-01
1.055971081484799456e-01 -1.191319678705154289e-01
-2.498692889282255400e-02 -1.019678198548191160e-02
-3.607513545402719901e-02 5.292157230464025058e-03
-3.630967323348966574e-02 4.003735437405399680e-03
-3.566817599235119068e-02 4.195918030752478559e-03
-3.350874766447341224e-02 4.730472420964977609e-03
-3.167527952343248548e-02 9.885468861265730295e-03
-5.031618530672838513e-02 -6.366454433615417567e-03
7.113401208438729917e-01 1.244471938416190915e-01
3.410739159441318891e-01 -6.873992770555981124e-01
8.569589677961709784e-01 -5.857759922913042816e-01
1.036787187094456497e+00 -4.698108207264531377e-01
1.121227264424482950e+00 -3.657237825881438642e-01
1.156509659924037425e+00 -2.840939923661466859e-01
1.036774833522364325e+00 1.931250946519177392e-01
1.054335060674363556e+00 2.509634885891723899e-01
1.002687409106405303e+00 3.172292623071539253e-01
8.938798130256158103e-01 3.965904547338967023e-01
6.767652435441630088e-01 4.753600999428637119e-01
4.370005711995979536e-01 8.880432430208597960e-01
-2.192380853095972360e-02 4.319769006752662704e-02
-4.142628851602149498e-02 4.101823658970875364e-03
-3.671181050561096726e-02 3.949983023495359097e-03
-3.648839721653627383e-02 4.381304010736341431e-03
-3.619395807501996076e-02 4.955375994288709236e-03
-3.562152279602825294e-02 6.384960251721001970e-03
-3.490844863814966670e-02 8.976824360775719630e-03
-2.886589080590485148e-02 1.312274514205246864e-02
-3.111195032149235984e-02 6.602038050572943406e-02
6.601763779389963060e-01 -2.353523679046166106e-01
6.769706029812563308e-01 -5.496645105601997150e-01
9.300819144349171674e-01 -4.597243888623036567e-01
1.046029352643956134e+00 -3.720841500846344130e-01
1.101376455865645587e+00 -2.968270242444111529e-01
1.020230734578850385e+00 1.927148923827334825e-01
1.011195856358631628e+00 2.465939827898074865e-01
9.489354532668122788e-01 3.022309430104056505e-01
8.273668374461267128e-01 3.627092566940912644e-01
5.732939622390910150e-01 4.191685039873234708e-01
-1.493727966023677689e-01 1.623288068449662072e-02
-2.248308973672493577e-02 9.657628264010899213e-04
-3.538623014249542981e-02 5.621057059715883764e-03
-3.665747633143864870e-02 4.341931025706990618e-03
-3.685084431894725121e-02 4.395713175176700280e-03
-3.709811377885217226e-02 4.965576005385875097e-03
-3.768470482140815619e-02 6.318496874324558768e-03
-3.866990991391561910e-02 9.311280661784016380e-03
-4.025886164992382998e-02 1.585984594087454583e-02
-5.266384590822610623e-02 1.604696961345049300e-02
-6.268604461995673505e-02 -2.231160107291716155e-01
5.596692534580337552e-01 -4.888590685610536557e-01
8.545599266763631574e-01 -4.267279831824314917e-01
9.866082635311642646e-01 -3.580329583086327982e-01
1.053537977925685931e+00 -2.941595456431135291e-01
1.013814169922172548e+00 1.933891138792406816e-01
9.777802591621359563e-01 2.322380547461447287e-01
9.131734537635178839e-01 2.758882844682832292e-01
7.938435638857201937e-01 3.192447352128039983e-01
5.276281103830758878e-01 3.554137824581803939e-01
5.300700007814976300e-02 4.420443211623273361e-02
-3.720583226698676027e-02 2.671334508866093395e-03
-3.565096637203536700e-02 3.168079096416722557e-03
-3.668219907603442742e-02 3.741514907895125003e-03
-3.713761040860363849e-02 4.075034097320320153e-03
-3.770805853071564073e-02 4.287520228120548886e-03
-3.918674423654549405e-02 4.748366444764665593e-03
-4.249335922107738001e-02 6.463659079038095584e-03
-4.795753791243150682e-02 1.201059862724776842e-02
-4.391875210817044323e-02 2.770922438240789112e-02
-1.636236714582759988e-01 -1.046168837840105378e-02
5.216680110173961271e-01 -4.252758533132620089e-01
8.153312094214315575e-01 -3.834104210991959860e-01
9.463934154773583352e-01 -3.316735945478807013e-01
1.016054488602237571e+00 -2.803978805033698896e-01
9.907558644374019341e-01 1.812200838701096550e-01
9.543421738980856217e-01 2.120076484809542694e-01
8.937100721342627896e-01 2.445258519639851025e-01
7.881672296917666687e-01 2.740727189433542210e-01
5.581277363965665428e-01 2.932744853987552247e-01
2.052072405079270190e-01 -1.728514204635968610e-01
-3.333643300800633036e-02 2.436296290700030141e-03
-3.628870219654104640e-02 1.621269965079476455e-03
-3.753160696395282936e-02 3.258178211849350591e-03
-3.731037565998751582e-02 3.937893607392535175e-03
-3.739641105858798609e-02 3.466013559178331670e-03
-3.886172566168984155e-02 2.154980477789630693e-03
-4.337544700065959491e-02 2.677700635027870871e-04
-5.488161765203921488e-02 -7.001656552995845495e-04
-9.042668518726215687e-02 4.147560044636863438e-03
2.487397641483045929e-01 -8.762634028201828906e-01
5.525399452365364894e-01 -3.635738347417125649e-01
8.082546551117287814e-01 -3.369610750920989384e-01
9.238784642465600605e-01 -2.994028369871901130e-01
9.892391121803388865e-01 -2.599100285340881222e-01
9.736359574228272695e-01 1.658437400778751680e-01
9.394741437249825022e-01 1.892332005474371970e-01
8.864128494163454608e-01 2.123960053104342327e-01
8.003551023579181800e-01 2.315743667825690966e-01
6.303136628220870064e-01 2.413359158645206892e-01
6.912820871567287861e-02 -1.816292798425747645e-01
-1.298360089332708384e-02 -1.371117903294876740e-02
-4.148005798137238687e-02 -3.569475527437807744e-03
-3.961176196711500841e-02 4.697479518863671710e-03
-3.695866340313021942e-02 4.830357579884333660e-03
-3.587908185628371077e-02 3.436019990427377491e-03
-3.565754032195760093e-02 2.849360603324239093e-04
-3.769099253915546288e-02 -6.309504705018389656e-03
-4.513096392294400211e-02 -1.897151973548680259e-02
-5.451873130863154476e-02 -4.002552618927339434e-02
-9.301840304294395345e-02 3.854949425006919395e-01
6.409621777848798496e-01 -3.098916147529320320e-01
8.212790625017520885e-01 -2.919898816623050508e-01
9.145588537206259527e-01 -2.656065214263462759e-01
9.715707155983758225e-01 -2.362438966565172105e-01
1.969009992937081233e+00 1.230915374819094577e-01
1.946391345154052210e+00 1.436283895062557547e-01
1.908708041762868124e+00 1.591548599859926305e-01
8.204499424243870687e-01 1.936369408664122271e-01
7.084063075022853928e-01 1.975841258832028990e-01
3.689996621593647497e-01 2.070288452514327526e-01
-3.231965606456518314e-01 -3.727564911019172755e-01
-8.026213748102305201e-02 2.799056344036397054e-02
-3.625290500386416093e-02 1.179519912747083003e-02
-3.562390463807241225e-02 6.311706812663346600e-03
-3.373593570896329247e-02 4.956970086764246608e-03
-3.032102812559758775e-02 1.901311073249525516e-03
-2.549793213668835948e-02 -7.710626316182376226e-03
-1.971302171029802250e-02 -2.160611834729669889e-02
-1.649184536122272338e-01 2.201742192450785729e-01
4.310436304433505339e-01 -2.691873743834646282e-01
7.248409639285418038e-01 -2.613750934398524350e-01
8.422262275441486645e-01 -2.507298876746271166e-01
1.935351078056634089e+00 -2.082932956135207792e-01
1.972390370831449857e+00 -1.809816929476689151e-01
1.960044079663003647e+00 1.053932090053710108e-01
1.938890218677823629e+00 1.143262309588623377e-01
1.910415327337133817e+00 1.214225074539469346e-01
1.869384368659040119e+00 1.331639176398098645e-01
1.804314707921595984e+00 1.434786004043594188e-01
6.421332167333894114e-01 1.531391082003725201e-01
2.279269637799788972e-01 1.454024856435136570e-01
1.101485017133764649e-01 8.041424636701043072e-02
-1.879154748686332269e-02 -1.256335978549000081e-02
-3.827891527425893170e-02 8.773096489838186698e-03
-3.161165666236141758e-02 6.691173079088208117e-03
-2.781567600989997766e-02 1.078519343032219302e-02
5.945519661304320136e-03 1.197035659643152020e-02
-1.118553286832147248e-01 5.169963683749960737e-01
3.198482414392299633e-01 -2.098330508348347223e-01
6.613752485985543439e-01 -2.168100695686383805e-01
1.823022390167694740e+00 -2.008801493428734875e-01
1.890627902875417599e+00 -1.842442742142322010e-01
1.933792185398433672e+00 -1.671532325739278624e-01
1.964332723464333741e+00 -1.559993844915604222e-01
1.954472070250867555e+00 8.578501304039083675e-02
1.937699611121901366e+00 9.013429229478127358e-02
1.916762650826155934e+00 9.250384112460768860e-02
1.888304163562402938e+00 9.746652134490405017e-02
1.848642408195794617e+00 1.000631262306412167e-01
1.790689809028011892e+00 9.889823412666273739e-02
6.465826797479466981e-01 1.040771187885124877e-01
4.504831789513785711e-01 8.174363955297807294e-02
7.408624372671486491e-02 3.639634233476819747e-02
8.732373079723767390e-03 -1.804555130289284270e-01
1.479397875165936599e-03 5.249849890204674741e-03
-4.547986274003525120e-02 -9.242238822147405553e-02
-4.364877035910253583e-02 -9.758035936838421742e-02
4.655004693530950255e-01 -1.483124974195672852e-01
6.612178957691307035e-01 -1.668336000721194201e-01
1.805770184133653089e+00 -1.556204511086269893e-01
1.865531537508736903e+00 -1.514312180599891311e-01
1.907226070918097482e+00 -1.441505090015859913e-01
1.937331585707286141e+00 -1.351002835888010234e-01
1.960006427115704497e+00 -1.295516167468027946e-01
1.952671620816730291e+00 6.924980278256191724e-02
1.939608465867795672e+00 7.082945904913674762e-02
1.923162321064984193e+00 7.421367878817011765e-02
1.904353203948460527e+00 7.203851674055107568e-02
1.882682115462993133e+00 6.681275306057436747e-02
1.852601948159348089e+00 6.242762996303295037e-02
1.805647395831573299e+00 5.916923611636309283e-02
1.752913894183852905e+00 4.584368368675232480e-02
6.398009263251049905e-01 3.143073775098824407e-02
5.843943101859937483e-01 -2.723302774662729291e-04
5.607857857668743229e-01 -3.387052031878302200e-02
5.872393285501591453e-01 -6.643769998052043158e-02
6.450162398406980024e-01 -9.531076626982054600e-02
1.761715423013625159e+00 -1.049071367253681664e-01
1.816638467661414236e+00 -1.136082557550415345e-01
1.865263249890567909e+00 -1.118509136027115158e-01
1.897280488895654260e+00 -1.125432456022655708e-01
1.921066667823670304e+00 -1.149623989903382215e-01
1.941719414577796288e+00 -1.144250494441488714e-01
1.959229479823020759e+00 -1.080725154224412982e-01
1.953162513139698353e+00 5.565211669854883830e-02
1.943061427790493401e+00 5.561720300946128986e-02
1.930576110055140404e+00 5.676668486557221588e-02
1.917443637781365950e+00 5.366490926800283195e-02
1.903270628792842478e+00 4.841158732321792363e-02
1.884683005003294998e+00 4.362346432044523353e-02
1.868579972169174708e+00 3.331490693648667817e-02
1.846932971170440307e+00 2.286617861163239146e-02
1.824801366813168846e+00 9.186419964505605079e-03
1.804899153175379745e+00 -7.796369879934162903e-03
1.801455103621804499e+00 -2.727829090143309154e-02
1.807370897763757700e+00 -4.630827609760001379e-02
1.829592147997238571e+00 -6.103337075126526873e-02
1.853931764424765483e+00 -7.211688742407805497e-02
1.877629821239501284e+00 -7.985687836144350626e-02
1.895899875925977529e+00 -8.812406355511991085e-02
1.916180584394215902e+00 -9.017916787961909042e-02
1.932166678573022711e+00 -9.333982670297527595e-02
1.946901962621529592e+00 -9.434413095340862809e-02
1.960372414802877605e+00 -9.077768791000338788e-02
1.954901382767916695e+00 4.460701630607216001e-02
1.946413903376101873e+00 4.552776274414301744e-02
1.937574157863917845e+00 4.354162546580813559e-02
1.928209658919986857e+00 4.017926618650512205e-02
1.918571538291520495e+00 3.528514715598748963e-02
1.909010716086911419e+00 2.878364736733814849e-02
1.896591863247355958e+00 2.233933860524215526e-02
1.888083595309655083e+00 1.248396797941506500e-02
1.881464854206901016e+00 1.427105290121739693e-03
1.872349667695777597e+00 -1.015418539204123241e-02
1.871512370630966648e+00 -2.290701888140997747e-02
1.874435307999793965e+00 -3.542986472027005729e-02
1.885523060994286348e+00 -4.560546367495981607e-02
1.894154005010918018e+00 -5.568436494177465140e-02
1.904626836949076640e+00 -6.429471370346399872e-02
1.918689943278895305e+00 -6.872674605134103387e-02
1.929976483067457727e+00 -7.371963661881468510e-02
1.941197948681041785e+00 -7.701901179935075059e-02
1.951982532913105084e+00 -7.873703006747057032e-02
1.962067363953963195e+00 -7.905872980899511515e-02
1.957236943969732801e+00 3.567725289720096588e-02
1.950518080486601802e+00 3.571242573367109513e-02
1.943861667065237109e+00 3.344074324147013749e-02
1.937039567448449073e+00 3.013729600163892949e-02
1.930262069408271053e+00 2.572904104991851834e-02
1.923792676008145186e+00 2.019807985718798105e-02
1.917942903345682959e+00 1.359648030254495196e-02
1.913058396332201871e+00 6.053806159043479893e-03
1.909491643261984617e+00 -2.226167236539529533e-03
1.907558009253790043e+00 -1.098011048098940408e-02
1.907479563766976360e+00 -1.990779031887614584e-02
1.909333694511704760e+00 -2.869677278658610414e-02
1.913030446229034620e+00 -3.704447997650747726e-02
1.918331499717611299e+00 -4.467727649881480384e-02
1.924900619021165271e+00 -5.136808278788925625e-02
1.932362058012852213e+00 -5.695193476643487657e-02
1.940347718435306845e+00 -6.133623291497446867e-02
1.948526947182359415e+00 -6.450216690448461188e-02
1.956621987024165454e+00 -6.649676882640452591e-02
1.964413873060511628e+00 -6.741826699723857397e-02
