2.584353229174842226e-01 -2.167337285841447247e+00
-3.441592936312000139e-01 -2.039559669614343651e+00
-5.018076982112172901e-01 -1.885046584985802909e+00
-5.242950175367191434e-01 -1.732175875807769216e+00
-5.642449072605594251e-01 -1.582564391724612385e+00
-6.294705033252292470e-01 -1.430930078198261679e+00
-7.288300955283024685e-01 -1.266727352438949739e+00
-8.712460004848314732e-01 -1.067841985159710516e+00
-1.041871497249902578e+00 -7.966855415473528268e-01
-1.198504704230785922e+00 -4.251263247001613732e-01
-1.256720960559922773e+00 3.233299976545438159e-02
-1.175700984285924955e+00 4.828858541772749202e-01
-1.007248005801002266e+00 8.421373391698048216e-01
-8.338447743103331034e-01 1.097982022313320094e+00
-6.930562197688221460e-01 1.291396086954141875e+00
-5.936094860328149370e-01 1.450099600836161740e+00
-5.305659348824812716e-01 1.597405823400920744e+00
-4.931273237237172591e-01 1.744343982951367167e+00
-4.728931493663958707e-01 1.895393875212896040e+00
-2.670339038828217215e-01 2.043889855993700433e+00
4.902512160541906416e-01 -2.145869215742800762e+00
-4.476309598631014741e-02 -2.030806675071266110e+00
-2.390773456637012573e-01 -1.883719349905931262e+00
-2.483131819151692121e-01 -1.738146333714569503e+00
-2.744395630352177706e-01 -1.600986991684422600e+00
-3.291792750233897835e-01 -1.469587620919457382e+00
-4.281370301637899001e-01 -1.333461696659006046e+00
-5.849862672128984808e-01 -1.172590139526094921e+00
-8.259899364011272782e-01 -9.324424751999681460e-01
-1.074159595234873699e+00 -5.326250426232842505e-01
-1.181687413866950420e+00 3.804338213237271060e-02
-1.039972792605225793e+00 5.954835537576459448e-01
-7.731810186749386027e-01 9.703851234633711353e-01
-5.438651038036960150e-01 1.202155290560461109e+00
-3.806609294389807774e-01 1.351215409699298542e+00
-2.879241125229617948e-01 1.480492971545425362e+00
-2.378509967587929541e-01 1.609885385759584286e+00
-2.148350694279752560e-01 1.745856097923728978e+00
-2.082321190384430754e-01 1.890490644958270350e+00
-1.724163601904316057e-02 2.035751888857197489e+00
7.185533344239809495e-01 -2.116694683065259319e+00
2.069036113861878190e-01 -2.012024457560676272e+00
2.959720512848032503e-02 -1.863339857772617236e+00
3.798866156977950825e-02 -1.718748288808847224e+00
3.340435115535375643e-02 -1.585622522984557303e+00
4.249750716342981516e-03 -1.465932716738252317e+00
-7.442667223071319782e-02 -1.361390815340683513e+00
-2.434437678670460792e-01 -1.249236397566333867e+00
-5.135526571499438031e-01 -1.073768067074636789e+00
-9.091337123094878070e-01 -6.871261907771376576e-01
-1.125254987573765630e+00 4.358056171267904455e-02
-8.676697008026816871e-01 7.519240179952015879e-01
-4.753524981377907910e-01 1.111252524816726650e+00
-1.777320639842981387e-01 1.256016370205206290e+00
-2.919959610165950847e-02 1.364054195791024160e+00
4.419732680534343983e-02 1.470070918751316347e+00
7.131053129865089213e-02 1.588871116430254693e+00
7.308425524001166407e-02 1.721419808809295571e+00
6.178124871812926133e-02 1.865904894181900309e+00
2.350923807965969725e-01 2.014046292724872345e+00
9.413504439177150518e-01 -2.080659612088925581e+00
2.679477232582633817e-01 -1.981628298684690703e+00
2.978037004894574791e-01 -1.820804872491442294e+00
3.249348534592226834e-01 -1.669293526184494558e+00
3.426056791689797709e-01 -1.529548790144345416e+00
3.393119528391929096e-01 -1.404864085226395165e+00
2.966093562282313689e-01 -1.297802534670407182e+00
1.843773225273440119e-01 -1.216917914826850966e+00
-1.400331197344283352e-01 -1.166273615167687128e+00
-7.031694018088311404e-01 -8.575342779197140386e-01
-1.084839006238589754e+00 4.423758751021082680e-02
-6.029308211983689381e-01 9.068472739762822865e-01
-5.718594255919703939e-02 1.164504860780559259e+00
2.273811594234405875e-01 1.225828188135468899e+00
3.445424124687387346e-01 1.293698894762099982e+00
3.835643371986233174e-01 1.397577703966651708e+00
3.825830615939483925e-01 1.523515150704913834e+00
3.608549950855738375e-01 1.665204099056390552e+00
3.303972398997531146e-01 1.818409216061509515e+00
2.978436583143290739e-01 1.980469513113794600e+00
1.156876570613299515e+00 -2.039232094026499631e+00
5.144570855517812680e-01 -1.928970246922215637e+00
5.584860498038347609e-01 -1.755217472489344344e+00
6.036855709911879142e-01 -1.587735290246104380e+00
6.434891907435247305e-01 -1.429610160128977903e+00
6.662066930427278377e-01 -1.286518745566197275e+00
6.540419544831056475e-01 -1.169505969847870475e+00
5.687141686298328169e-01 -1.104076828065013061e+00
2.514406533542652977e-01 -1.080898948533626003e+00
-4.657603895064247879e-01 -9.746470306460673916e-01
-1.055223551034990104e+00 3.517868958069225727e-02
-4.786489120259448393e-01 9.829459504428286198e-01
3.511822126570556257e-01 1.072986475187262201e+00
5.979692368777327349e-01 1.095137876086034190e+00
6.973090495105731534e-01 1.152188138048916954e+00
7.068639311632274325e-01 1.267324882795719310e+00
6.797667234414057624e-01 1.414425615013318094e+00
6.370844670439886892e-01 1.577122145115443796e+00
5.897280154199273650e-01 1.748046455172873381e+00
5.437183860907601751e-01 1.924139731744037407e+00
1.313926858976496748e+00 -1.992743018469178784e+00
7.488287136638946961e-01 -1.861609762854912642e+00
8.035663101348862192e-01 -1.667786999058145980e+00
8.623054753525427607e-01 -1.472707906322315186e+00
9.179355385777721033e-01 -1.278292012915769771e+00
9.562790075744278528e-01 -1.096934300535291840e+00
9.488699498026680335e-01 -9.611169681169302592e-01
8.219356998381288637e-01 -9.026002227017920765e-01
-5.896164960867410487e-01 -8.878629570872866861e-01
-8.734554730158489155e-01 -5.987273676074406081e-01
-1.014508658246003892e+00 5.508617906724959379e-02
-6.970365095701278602e-01 7.283265485801547756e-01
6.113872190936897599e-02 1.102856756373986169e+00
8.646612266529769553e-01 8.810624426156616895e-01
9.828652818135801272e-01 8.841627778544128846e-01
9.917502866130917250e-01 1.058785994106959505e+00
9.491847332973276652e-01 1.259620524106233042e+00
8.918701036943730287e-01 1.459443657638548775e+00
8.324772724081868081e-01 1.657548223329017523e+00
7.767914462112466278e-01 1.853814610871216129e+00
1.368193759605900173e+00 -1.941396296536944677e+00
9.659103711409303683e-01 -1.783939499255419392e+00
1.024605791699628732e+00 -1.564285028572086400e+00
1.086250028091763520e+00 -1.330910119179626205e+00
1.139515133393466773e+00 -1.075199240565201997e+00
1.133535541985900563e+00 -7.690220617402008241e-01
9.595369941762973420e-01 -6.674169268179378500e-01
-4.464846900724498413e-01 -8.842302385863010095e-01
-8.149427741523513902e-01 -4.126551479175429860e-01
-8.206272634469795602e-01 -2.049881940499886368e-01
-8.255488316097150392e-01 1.063801005243125014e-03
-8.202235852839857566e-01 2.049750774047165713e-01
-8.153216590372543982e-01 4.218285448011730443e-01
-4.944987168419543444e-01 8.735656599728965910e-01
1.065785676810324212e+00 6.500768505651139950e-01
1.156044997094131555e+00 7.950782500693337473e-01
1.157572583190971116e+00 1.055992727759556438e+00
1.112420619488695195e+00 1.315049143040998514e+00
1.051674086098638217e+00 1.551705549213831192e+00
9.925646584576481857e-01 1.773757873968335730e+00
1.464761914029119705e+00 -1.892158155825557575e+00
1.162494300102724809e+00 -1.702943039293920879e+00
1.216190665826560213e+00 -1.455478238955708159e+00
1.264297799181614002e+00 -1.179506322304830546e+00
1.268756073527266937e+00 -8.571772506052519613e-01
1.170477543819636868e+00 -5.635675420867817254e-01
-2.115707663917152925e-01 -9.608203776893827763e-01
-6.137063500156807461e-01 -6.156598170747843435e-01
-6.228424020793811300e-01 -4.040282189804967894e-01
-6.255681047764436453e-01 -2.013843170557408080e-01
-6.263731794325576585e-01 4.477897236114668938e-04
-6.260349174901274072e-01 2.024279586828201249e-01
-6.249877936227214992e-01 4.053059693662496854e-01
-6.123732390719711649e-01 6.102258935674260698e-01
-1.375681766499688985e-01 1.018806197139293879e+00
1.145357177084899813e+00 4.904687899331600653e-01
1.298017651542991979e+00 8.512604615538621466e-01
1.286632083298391738e+00 1.162503494632172618e+00
1.241372649851228305e+00 1.440239819636778718e+00
1.187906476654418286e+00 1.690456847118236849e+00
1.513196732522999133e+00 -1.846380731143469678e+00
1.338566771990847837e+00 -1.626863464948142601e+00
1.378561286464792923e+00 -1.354642446139811884e+00
1.397848114089954130e+00 -1.043386672934005110e+00
1.346511517632956512e+00 -6.878462152125958129e-01
9.748119960425040142e-01 -7.118135942761267820e-01
-3.936605531470462327e-01 -8.213371442915128329e-01
-4.228254855903292864e-01 -6.060233151948055674e-01
-4.261023542408720610e-01 -4.028421596557554829e-01
-4.272388928766012728e-01 -2.010892506731267737e-01
-4.277180272578333664e-01 1.381852958786166979e-04
-4.278578295891412586e-01 2.013515303806932000e-01
-4.272692761716845311e-01 4.029838967712918718e-01
-4.229223949948451855e-01 6.071867397903303321e-01
-3.947064970954106689e-01 8.285728060893085001e-01
5.713778231277382158e-01 9.265646225951134074e-01
1.366131138274501167e+00 6.559788522697169721e-01
1.421559121943736681e+00 1.026144609796570739e+00
1.402137901675224008e+00 1.337474107328332940e+00
1.362642538044450902e+00 1.612220490727676481e+00
1.599206637705128164e+00 -1.807362367814382420e+00
1.497525971400117450e+00 -1.563358140108358940e+00
1.518499253805265958e+00 -1.274298767143417166e+00
1.506034623379109760e+00 -9.428321233250874789e-01
1.403339688333428592e+00 -5.534537498901500596e-01
2.498686803923055588e-01 -9.777305254253101374e-01
-2.138021436698532007e-01 -8.055873927515599942e-01
-2.258816692161272621e-01 -6.034173596406594564e-01
-2.277993465785211613e-01 -4.019247807796096916e-01
-2.283589848854654103e-01 -2.009029284658075676e-01
-2.286175487792729555e-01 -1.498170590061598543e-04
-2.288601025056755112e-01 2.004695908952350558e-01
-2.291204814729445871e-01 4.013349524379201672e-01
-2.287024603994507743e-01 6.037339928136549183e-01
-2.179890002922385828e-01 8.104241468238616575e-01
3.030114459986553155e-01 9.522756097884510496e-01
1.393868804519535765e+00 5.151052605616428526e-01
1.528116540269184975e+00 9.177193541623482886e-01
1.541026022045177246e+00 1.254614085363055187e+00
1.520230061144872247e+00 1.546756016437182968e+00
1.629086042363810272e+00 -1.785120647911990321e+00
1.645257339526095208e+00 -1.517621508402714703e+00
1.646555563407139378e+00 -1.221524057547074715e+00
1.606618042900035181e+00 -8.836264936000189918e-01
1.455074187279210118e+00 -4.822486265324673615e-01
3.973023757385921728e-01 -8.942908356802423686e-01
-1.835055951731401347e-02 -8.041185273714808179e-01
-2.725128155810581029e-02 -6.015932205660745602e-01
-2.864246275025488647e-02 -4.010570267422087221e-01
-2.899455343364654158e-02 -2.005848113109070241e-01
-2.901536571681738452e-02 -2.757490631891687332e-04
-2.900683721108162152e-02 1.996184324614513061e-01
-2.942641157611811456e-02 3.989750508422544861e-01
-3.066892525812617634e-02 5.981734553524870046e-01
-2.828212736952463030e-02 7.996225441197656325e-01
3.450339047531297831e-01 9.349646070655912578e-01
1.437023468150849581e+00 4.431513028940091137e-01
1.622842751381853077e+00 8.519559565543864954e-01
1.667166043667176911e+00 1.198834876129286853e+00
1.666388517258996060e+00 1.499251905177690025e+00
1.785593588331767734e+00 -1.759742731332077703e+00
1.788353413945180215e+00 -1.491445123521377258e+00
1.772690620970108322e+00 -1.197532947383310731e+00
1.713814560774826301e+00 -8.671001997424281349e-01
1.539237605237976592e+00 -4.774120733482710155e-01
6.298923213979380487e-01 -8.091358501672913928e-01
1.819876288857725788e-01 -7.932639110280316208e-01
1.733912626297725856e-01 -5.993621718282344801e-01
1.712046228733104247e-01 -4.002686433933587140e-01
1.706790277951409085e-01 -2.001199334231129057e-01
1.710139518757178290e-01 2.971770746929957435e-05
1.718867426187224989e-01 1.993762426247525921e-01
1.728388301143160000e-01 3.970125372464529123e-01
1.733550496859733447e-01 5.916993701500787850e-01
1.789548624298939461e-01 7.802125205032270916e-01
1.072798292593523550e+00 5.462637961194590774e-01
1.521553799614904223e+00 4.324644646089965128e-01
1.725390167875342717e+00 8.339950921396686034e-01
1.790660365368948570e+00 1.173140013627799627e+00
1.807611918213194446e+00 1.471854575749449445e+00
1.941214321581256952e+00 -1.747579940284850197e+00
1.932604626516002622e+00 -1.483551718297109412e+00
1.904451386426366355e+00 -1.198924639556464333e+00
1.836031547062294322e+00 -8.860252507294511526e-01
1.666906070525953298e+00 -5.260436830028613064e-01
9.954088230980923102e-01 -5.223952172589924059e-01
4.135763945060982327e-01 -7.986436653272855901e-01
3.754124878346982719e-01 -5.993086718051476858e-01
3.714101177605887982e-01 -3.997720724229695266e-01
3.702595829481915568e-01 -1.995528524161580830e-01
3.709655447257000360e-01 1.113595985341116201e-03
3.734440895064253252e-01 2.006768182905555864e-01
3.775254050535879480e-01 3.974694074369084507e-01
3.845490969762619948e-01 5.888834233795451345e-01
3.986509264448105938e-01 7.608291405457250356e-01
9.021991506387431192e-01 5.283372937220933707e-01
1.664351393062021511e+00 4.952677543914091318e-01
1.845810368296173953e+00 8.556280224731455109e-01
1.920020259171617116e+00 1.174668469545060434e+00
1.949918581276903984e+00 1.463550262985083839e+00
2.199848671274781786e+00 -1.749497601545860093e+00
2.132973039836529416e+00 -1.491703166462248653e+00
2.097505113982490066e+00 -1.220609800674517853e+00
1.976308013976740163e+00 -9.296244168333592794e-01
1.834070723697657224e+00 -6.137104511514133165e-01
1.453889680612809432e+00 -2.667063844271301831e-01
7.883490039557295992e-01 -6.181669610505629020e-01
5.782164442434102325e-01 -5.873435176022913096e-01
5.730400026065815000e-01 -3.995454147343400209e-01
5.688598776577030725e-01 -1.990411450278576355e-01
5.699334345364798216e-01 3.245977677962095468e-03
5.746335360607776055e-01 2.042450554776546190e-01
5.835354464196794710e-01 4.012153116850490919e-01
5.959666611248087831e-01 5.909861503007473038e-01
7.890184219864051496e-01 6.106040582940399641e-01
1.497811793934947344e+00 2.475863054770318372e-01
1.840081621120498223e+00 5.880998538708266388e-01
1.986464417340426447e+00 9.032442342896508380e-01
2.111415912009630969e+00 1.197741229385794082e+00
2.198944159522815411e+00 1.473891339641552056e+00
2.412553190617413801e+00 -1.759317710966065151e+00
2.390810891998523147e+00 -1.512981879700860732e+00
2.352874912753669001e+00 -1.257452944962470065e+00
2.236930566639858675e+00 -9.888394457998607168e-01
2.072751008717559795e+00 -7.110465030216120974e-01
1.812554945090322667e+00 -4.287207665607262741e-01
1.357397544044063986e+00 -1.785330262650068334e-01
8.619237118402366393e-01 -4.602850968267635512e-01
7.799831985287665193e-01 -3.995785256109243844e-01
7.635744247526787820e-01 -1.951698105393896154e-01
7.678469425322966835e-01 5.154652740353681158e-03
7.751843038253366514e-01 2.105383432158556001e-01
7.890828383543274649e-01 4.057308027837795428e-01
8.712619534841055113e-01 5.190333141361788138e-01
1.427091619980132009e+00 1.432253725232038033e-01
1.830156618342478891e+00 4.084610043851424899e-01
2.081786305369824674e+00 6.872393558912414102e-01
2.247726416427571206e+00 9.653157513736474460e-01
2.365926197804660625e+00 1.236150192857253804e+00
2.405088429349691914e+00 1.494094883557521847e+00
2.680866361810321230e+00 -1.779089398733194827e+00
2.657269329110618639e+00 -1.543280780627851456e+00
2.620653869025976412e+00 -1.302839696719923612e+00
2.512870925326491367e+00 -1.053927744883073059e+00
2.373404022915658995e+00 -8.042372081565060116e-01
2.188926198953239588e+00 -5.629086818558390881e-01
1.886221016029872244e+00 -3.441976302835088597e-01
1.589420637934434444e+00 -1.727312717537528020e-01
1.236964403644854826e+00 -7.988486725170382274e-02
1.020394909906527703e+00 -2.044922127665682321e-01
9.800767288167864244e-01 -4.193618865697511591e-03
9.767546154163117000e-01 9.597271773380673665e-02
1.136586460990141267e+00 4.974126660605403261e-02
1.601955324251437940e+00 1.342496649139609532e-01
1.902176911802825554e+00 3.179995370650781084e-01
2.199875582211102909e+00 5.394146708042089067e-01
2.383316319867070820e+00 7.813093377341330248e-01
2.523653912204649963e+00 1.032325659486928116e+00
2.632573404254842320e+00 1.283063494546254457e+00
2.670076382426110229e+00 1.525327580678355055e+00
2.955426816138778889e+00 -1.801753507833592449e+00
2.931943748011208495e+00 -1.575412750505283066e+00
2.847885399847298604e+00 -1.343473189420624214e+00
2.800134517129297063e+00 -1.115427395726813931e+00
2.734849383499026398e+00 -8.912753087826511544e-01
2.593433347299515468e+00 -6.720500758922917095e-01
2.369359179957581496e+00 -4.686960427059193579e-01
2.180708077525645550e+00 -3.018724275300118109e-01
1.937665773281632919e+00 -1.741355106966039068e-01
1.826847738960409195e+00 -8.378346830454984351e-02
1.783094117596849992e+00 -1.690247827493700922e-02
1.828873964672404595e+00 5.084960750976706689e-02
1.941292830876261144e+00 1.423677472781769704e-01
2.188491794848573146e+00 2.731657064956932723e-01
2.378421470568744756e+00 4.431845202253191229e-01
2.602439997062859778e+00 6.490240069466136630e-01
2.744109812663276138e+00 8.699374235174358594e-01
2.810146915509549093e+00 1.095399979970503868e+00
2.858730520740505376e+00 1.324860228328374800e+00
2.943238701726675011e+00 1.558410188220331616e+00
3.235747313099907263e+00 -1.826312273808347264e+00
3.213845144220442318e+00 -1.608056848441837827e+00
3.134012465779739465e+00 -1.385174871799756957e+00
3.094912483802310987e+00 -1.168991325428603290e+00
3.045299851348887366e+00 -9.580133781636582802e-01
2.930546961880599266e+00 -7.513704665666603999e-01
2.859322046001923745e+00 -5.643605641460091027e-01
2.727686564190392460e+00 -3.937620501947328711e-01
2.600475483670198429e+00 -2.474928928735509182e-01
2.492101617023639193e+00 -1.236674447552422451e-01
2.473929055820368372e+00 -1.412057113230221969e-02
2.494082011327355186e+00 9.576409744320039941e-02
2.604406317251682701e+00 2.207244734682588527e-01
2.733367885725268120e+00 3.688190418128843850e-01
2.866090923136610513e+00 5.414852418674455103e-01
2.938137791442807067e+00 7.300066335635561066e-01
3.053553404211323485e+00 9.380769034347620217e-01
3.103901071684717294e+00 1.150256381074119760e+00
3.143697277821213554e+00 1.367643978818350314e+00
3.223870153868875210e+00 1.591839835870747510e+00
3.521409736633613008e+00 -1.850387627192867646e+00
3.452082103244452416e+00 -1.634423980472796467e+00
3.426778202105428939e+00 -1.423416971501609174e+00
3.395587020616888552e+00 -1.215380074328739068e+00
3.358305644333967166e+00 -1.012402897698782445e+00
3.315615576144057108e+00 -8.170850108045152327e-01
3.213949322632596584e+00 -6.274444225568568401e-01
3.167019249103276923e+00 -4.558647320629558020e-01
3.126543627648944224e+00 -2.979002888402574323e-01
3.039527741600292376e+00 -1.501567100132979449e-01
3.029893945425875756e+00 -1.195037718272467381e-02
3.041126221118967354e+00 1.264533963509303915e-01
3.129534683628221181e+00 2.752408562038269335e-01
3.171365324450029277e+00 4.340414536274307400e-01
3.219439603128891658e+00 6.066383543775801801e-01
3.321958011661891419e+00 7.975233486301304131e-01
3.365456594033866988e+00 9.938571174264539954e-01
3.403461216893139518e+00 1.197833801150831823e+00
3.435295073198564531e+00 1.406869796132488082e+00
3.461145875717991593e+00 1.618876522835596798e+00
3.811490751445941072e+00 -1.871495467533339729e+00
3.744844390135785517e+00 -1.661779103212614794e+00
3.723941818770835077e+00 -1.456056419464080598e+00
3.699401528560256391e+00 -1.253297063357959429e+00
3.671492995761410416e+00 -1.054886545593144875e+00
3.641093415304549996e+00 -8.623603881848928010e-01
3.609894006908469066e+00 -6.771462269761184816e-01
3.580469766492294870e+00 -5.001439701669768700e-01
3.556056980973660853e+00 -3.312281838792275335e-01
3.539957623963373656e+00 -1.688803942729025231e-01
3.534684749580390140e+00 -1.019788086267186741e-02
3.541174537459398142e+00 1.485963875960839564e-01
3.558458256402564857e+00 3.112723310696896006e-01
3.583983941830555242e+00 4.807072829118619328e-01
3.614414283787011239e+00 6.583710312416777288e-01
3.646501464672999404e+00 8.443310248094213488e-01
3.677681855590948068e+00 1.037644699925621472e+00
3.706279174193989334e+00 1.236864338426073351e+00
3.731422374254286911e+00 1.440446307441130669e+00
3.752841169430515045e+00 1.646997852560756925e+00
