4.268722112403277591e-01 -2.164092641721683918e+00
-1.752842151407545401e-01 -2.048292473258022550e+00
-3.801687011093295432e-01 -1.899066150488038174e+00
-4.000722050989699019e-01 -1.750102890596276772e+00
-4.380312553076498028e-01 -1.605936179486979754e+00
-5.029921416652596289e-01 -1.461890619896214050e+00
-6.060229271861662381e-01 -1.308135530165111637e+00
-7.623819043938612205e-01 -1.121793830591309105e+00
-9.609000680527672866e-01 -8.541411459693473152e-01
-1.153938730162923365e+00 -4.644167467005519412e-01
-1.228732865342987868e+00 4.351905213436541714e-02
-1.120862775776973130e+00 5.395982718270928569e-01
-9.118044833911068681e-01 9.114396312381742860e-01
-7.115457890320069367e-01 1.158381561771628876e+00
-5.568539157790117766e-01 1.338125768839603102e+00
-4.537633265204353283e-01 1.484272484139337767e+00
-3.921662322809635892e-01 1.622800631040316910e+00
-3.578986328516243764e-01 1.763769328092017030e+00
-3.412584680272929272e-01 1.910649902733471350e+00
-8.829246944193056001e-02 2.052133241576560962e+00
6.573933373028815197e-01 -2.138605775228240358e+00
1.266520924031304673e-01 -2.033562139264519342e+00
-1.130906199875474083e-01 -1.891508003542005989e+00
-1.180324513805554310e-01 -1.748092801447899580e+00
-1.395899778915977718e-01 -1.614418984103857424e+00
-1.903559149000291773e-01 -1.489113980306058682e+00
-2.883911932409858325e-01 -1.363309160579762258e+00
-4.499942998973597286e-01 -1.217319847684238843e+00
-7.210293300919463633e-01 -9.991882510065875911e-01
-1.022447420668896489e+00 -5.885299891545726636e-01
-1.162475057365312425e+00 5.098760075711253337e-02
-9.727706136035668694e-01 6.696071154234263245e-01
-6.507727541107506397e-01 1.042543967755578338e+00
-3.914371351125581211e-01 1.252670312217096349e+00
-2.238771690497328992e-01 1.380074826989153625e+00
-1.350257783487422980e-01 1.498771823617052190e+00
-9.052429801248068619e-02 1.622326517207959728e+00
-7.329138812321839280e-02 1.755070924280640376e+00
-7.201595626049603349e-02 1.897811926599704879e+00
1.633699914133572850e-01 2.037605219614295748e+00
8.834382898571728759e-01 -2.106005338688499595e+00
3.786376750091050569e-01 -2.009120764293129913e+00
1.577912063514609331e-01 -1.863158515828175821e+00
1.712000195475168740e-01 -1.717952683657555601e+00
1.724184994744231147e-01 -1.584459287981664577e+00
1.498818598497448085e-01 -1.465666682081888883e+00
7.830101243615114615e-02 -1.366527534952678424e+00
-8.723176871816798461e-02 -1.273310763951975622e+00
-3.704770836837501524e-01 -1.120158936865029542e+00
-8.331761762650794489e-01 -7.571868255863152264e-01
-1.113851663867844621e+00 5.791299584554859825e-02
-7.712023835351939915e-01 8.390187138304947556e-01
-3.087862903281531901e-01 1.167492700349880508e+00
-6.333840416428426767e-03 1.273455436299760546e+00
1.383838320164945124e-01 1.364898380846082615e+00
2.029885943031614626e-01 1.465227355394528086e+00
2.221529858233206589e-01 1.583772758272540271e+00
2.171204478324200715e-01 1.717586185713367852e+00
1.999471696974347290e-01 1.863484800306260736e+00
4.156487605289636011e-01 2.009007732545316838e+00
1.103310393875056361e+00 -2.067392969709771933e+00
3.916944024876796160e-01 -1.975528838278451493e+00
4.254236810165711868e-01 -1.812044327893154394e+00
4.568412505130137191e-01 -1.657037718004360949e+00
4.791854138419150422e-01 -1.513194951351078066e+00
4.811004191793585294e-01 -1.384719866792826659e+00
4.442405007298394493e-01 -1.276005645813830025e+00
3.387014525737042092e-01 -1.195502038021440727e+00
3.024208428536889759e-02 -1.179086859342997728e+00
-5.984146593378877332e-01 -9.359341146652458976e-01
-1.079156363716107681e+00 5.727026852616445146e-02
-4.814509056422690003e-01 9.859707663283542312e-01
1.300586593097954879e-01 1.174653903648724684e+00
3.957600706599364582e-01 1.190789761238797650e+00
5.012761475390926647e-01 1.259429834644992585e+00
5.344620822783504588e-01 1.368253729142778319e+00
5.286588257772246724e-01 1.500283247936156972e+00
5.022559827070706140e-01 1.647803734725503011e+00
4.672070065103354763e-01 1.805803300543304957e+00
4.303237837875645289e-01 1.971485690822213366e+00
1.315597251390374200e+00 -2.024349510481869174e+00
6.361698059890389390e-01 -1.916731044066376954e+00
6.828625661540967950e-01 -1.738413720156831710e+00
7.304976127532603059e-01 -1.564900433354115883e+00
7.723660999864906396e-01 -1.399187431664428161e+00
7.969391034620703085e-01 -1.247130334800231832e+00
7.871473703920222054e-01 -1.121008833907481073e+00
7.090397691229969324e-01 -1.049273386885476000e+00
3.881349874446072268e-01 -1.060141156055148359e+00
-3.395807590447005309e-01 -1.009154994610006018e+00
-1.053258221797513716e+00 4.476960429655367502e-02
-3.412071967086508506e-01 1.057434987243641267e+00
5.004195777567461700e-01 1.027219785299332111e+00
7.454722769847339503e-01 1.044187957873591310e+00
8.387796590139792174e-01 1.098983696799848753e+00
8.445683410575650640e-01 1.221231020520993305e+00
8.158960313456447011e-01 1.377206114741683862e+00
7.717317594709721673e-01 1.548296834851765613e+00
7.222019762128497611e-01 1.726346704702573343e+00
6.734570450158280375e-01 1.908022269948473459e+00
1.420162561805821566e+00 -1.975694658996203223e+00
8.669505522909261019e-01 -1.844158679518915323e+00
9.224976031708534974e-01 -1.644310508785165936e+00
9.806570643848858682e-01 -1.441223069059489825e+00
1.033376741513484909e+00 -1.236636587764005091e+00
1.066281852516755890e+00 -1.043158964930572807e+00
1.053769166910543120e+00 -8.934497527967965036e-01
9.327320962412652960e-01 -8.269957131834526631e-01
-4.940696067434054428e-01 -9.446355170921024724e-01
-8.254968707975505193e-01 -6.607176256690178162e-01
-1.015800779415255706e+00 6.198166320537248919e-02
-6.932794908564144931e-01 7.457104270248460232e-01
2.318885498257834687e-01 1.087992673738145122e+00
9.631936046055993295e-01 7.831037232029192108e-01
1.080983948974323372e+00 8.002620065629671986e-01
1.105906913473376552e+00 9.927053897956812367e-01
1.071476318805644423e+00 1.210016650997929988e+00
1.017232003347605884e+00 1.421561148672936259e+00
9.585975895315532735e-01 1.628601199284598788e+00
9.022024005631317234e-01 1.831801648083098089e+00
1.473395653598592148e+00 -1.923659084911191197e+00
1.079395934890617470e+00 -1.762666478925136060e+00
1.136656666698537377e+00 -1.536218700234586398e+00
1.193937771113616098e+00 -1.293943918185672670e+00
1.236924075586840255e+00 -1.026716817689160344e+00
1.204129713893143716e+00 -7.067812681237001238e-01
9.569186705686978378e-01 -6.278253331207866994e-01
-4.264144699830497154e-01 -8.874439159863694027e-01
-8.159343081091634531e-01 -4.131512441867054020e-01
-8.237880240005789334e-01 -2.044256087520689991e-01
-8.290661057804311618e-01 1.592770402355405150e-03
-8.231921972835144485e-01 2.050594076402822430e-01
-8.150542466728141200e-01 4.231538111085023646e-01
-4.572795285485204975e-01 8.965863227359939236e-01
1.125836721461548562e+00 5.624034912110149609e-01
1.236994429715620125e+00 7.234223200958662670e-01
1.259961127922062163e+00 9.983104934401105801e-01
1.226170268060237101e+00 1.270752239747896084e+00
1.170178605757311807e+00 1.517613499030719293e+00
1.112677877287798101e+00 1.747412537583214798e+00
1.568191015483149098e+00 -1.874092103706345380e+00
1.270949310970153068e+00 -1.679470404532614758e+00
1.321014671257891626e+00 -1.425230546389655961e+00
1.360932776185401760e+00 -1.140729079118164790e+00
1.347294906525964509e+00 -8.083781941817008709e-01
1.226203841104999359e+00 -5.066878606133201624e-01
-1.872519831847495042e-01 -9.711242765514486175e-01
-6.139129512292064161e-01 -6.162067951485961093e-01
-6.254978639156599796e-01 -4.033676229160715887e-01
-6.287192050466499094e-01 -2.007792503953045038e-01
-6.296944504933179587e-01 9.200033167020070339e-04
-6.291813420955280067e-01 2.028901343663858658e-01
-6.278438986317784742e-01 4.064738785854943304e-01
-6.168719616887449186e-01 6.118073714522560547e-01
-6.714627437572442958e-02 1.027412565405972256e+00
1.177629500928162987e+00 4.264312847446984911e-01
1.380894300220648185e+00 7.942231422897956250e-01
1.388200677022945362e+00 1.115909210655147366e+00
1.351871356377692734e+00 1.403458423599182714e+00
1.302369602266059800e+00 1.661495542835322858e+00
1.615582558147847569e+00 -1.827923369450509927e+00
1.442246325454455969e+00 -1.602760131143297739e+00
1.476906374426184776e+00 -1.324445444817963446e+00
1.485274336994173661e+00 -1.006104585730154932e+00
1.412220680173632781e+00 -6.438559792896763057e-01
9.974530543063876431e-01 -6.399932750289557548e-01
-3.925990351784944266e-01 -8.197708630384078488e-01
-4.252456920381275651e-01 -6.058009676683845379e-01
-4.288374469616219598e-01 -4.024126913556780316e-01
-4.303162812282533833e-01 -2.006576980950668665e-01
-4.309808018191117474e-01 5.366292542184421428e-04
-4.311796227282662097e-01 2.018046544533225184e-01
-4.305895704997360074e-01 4.036121064844603867e-01
-4.255231823810339264e-01 6.078197060632843929e-01
-3.921696907433708246e-01 8.336908354706967783e-01
6.336423480218403848e-01 9.003775286168482772e-01
1.432196234686399228e+00 6.033927065759844277e-01
1.512991415689979968e+00 9.810893690561395264e-01
1.505411759013968620e+00 1.300480520539866625e+00
1.471736137063576644e+00 1.582336231967404139e+00
1.700033786391160096e+00 -1.789027274080982055e+00
1.597171483911926426e+00 -1.539907956973254111e+00
1.611893283339336458e+00 -1.245821339686625562e+00
1.587446225462676441e+00 -9.090963128782615366e-01
1.459569546190077061e+00 -5.154201832170758335e-01
2.528688865740990610e-01 -9.730137796876833223e-01
-2.132897322904820647e-01 -8.053403686413820317e-01
-2.280401446593920411e-01 -6.031111107999916898e-01
-2.305496270213872878e-01 -4.016911204859245355e-01
-2.314203938107204372e-01 -2.006672404626717032e-01
-2.318906878611494693e-01 9.317275458138122028e-05
-2.322969637307811808e-01 2.007701517831100291e-01
-2.326620586956399950e-01 4.018253915987896607e-01
-2.320853191124410408e-01 6.047663406908092565e-01
-2.209948901723782222e-01 8.124305544515318944e-01
3.316008071514339739e-01 9.236164751080361279e-01
1.449099901459441231e+00 4.685884522674813035e-01
1.612589563800100878e+00 8.762022448433888222e-01
1.638709965074344632e+00 1.219268711067309052e+00
1.624748767237592428e+00 1.517373183503944123e+00
1.729303723518300195e+00 -1.766752414852716058e+00
1.741843114474670884e+00 -1.495710352662120490e+00
1.736758270508876212e+00 -1.195731258290426924e+00
1.685185841827649522e+00 -8.541716904954099743e-01
1.507678164105209051e+00 -4.504041851603127755e-01
4.092962969661979589e-01 -8.911327409895724028e-01
-1.936158192839297632e-02 -8.048527740040928302e-01
-2.950857144511012317e-02 -6.017850199668022260e-01
-3.143686461899646012e-02 -4.010872188431967578e-01
-3.207300611455457529e-02 -2.005496008606360570e-01
-3.229973616095661859e-02 -2.334582350405799893e-04
-3.251845273725482988e-02 1.996596928166927964e-01
-3.325777024274165217e-02 3.991236753748419464e-01
-3.485678887902374928e-02 5.988304259817037734e-01
-3.131635108722489319e-02 8.017160393564854992e-01
3.731701243869018358e-01 9.140892402399163341e-01
1.489081473757918772e+00 4.027435022221697025e-01
1.703888410424790223e+00 8.147518001118840836e-01
1.761164359438459170e+00 1.166212756489993341e+00
1.767383304773284980e+00 1.471374765896309444e+00
1.883702484183505277e+00 -1.742645080788657985e+00
1.882847942593758761e+00 -1.471571516506641419e+00
1.861256662791756389e+00 -1.174811446360837452e+00
1.792169439560093114e+00 -8.419581679139414021e-01
1.595383221694085529e+00 -4.512048741057513856e-01
6.509406077073374153e-01 -8.104274707325180849e-01
1.806125231052684854e-01 -7.939069467873201003e-01
1.708735286215696814e-01 -5.998705678108775530e-01
1.682490846297629850e-01 -4.005001183980153590e-01
1.675635722120539517e-01 -2.002242246390776859e-01
1.677804675056937811e-01 -1.124440775597549064e-04
1.684542903876902475e-01 1.990795735956528423e-01
1.689780365805981233e-01 3.964843260340097930e-01
1.685161333364554870e-01 5.910226164688393569e-01
1.717912575766988859e-01 7.803807224638630302e-01
1.091850122878095020e+00 4.751703609654652771e-01
1.577202935414255158e+00 3.977765013349270906e-01
1.806071067380350392e+00 8.012675408431895185e-01
1.882683871693937361e+00 1.143721698227881722e+00
1.906131983785000372e+00 1.446073142921991073e+00
2.088220129252714052e+00 -1.732957116521208984e+00
2.076486018668924682e+00 -1.466879582454785780e+00
1.992518079651916629e+00 -1.179286671174801127e+00
1.915818393312318069e+00 -8.648659471703461499e-01
1.730378346661546995e+00 -5.044608686648065499e-01
9.964717334286992134e-01 -5.293614023068549113e-01
4.145366242882915220e-01 -7.994123529873197187e-01
3.723883561414821908e-01 -6.003315566414676452e-01
3.681506685975667326e-01 -3.999593597251749344e-01
3.671389541155540837e-01 -1.996330846398441106e-01
3.678944236963266889e-01 8.969317704799571874e-04
3.703562185347604729e-01 2.001252246596269546e-01
3.742884734627525689e-01 3.962439857753484174e-01
3.809016234448190374e-01 5.862677077353198873e-01
3.947790543936100516e-01 7.551559957649831567e-01
8.923036724549686660e-01 5.558718128068289577e-01
1.729011276239073025e+00 4.654504949452443197e-01
1.928000227660050525e+00 8.271764414676945343e-01
2.062450880020477939e+00 1.149465621293736195e+00
2.097640405115736240e+00 1.441079593988536578e+00
2.345317338627373349e+00 -1.737345794835270629e+00
2.275947720236857208e+00 -1.477776377209825132e+00
2.236606572846025820e+00 -1.205565087931159018e+00
2.109410948141124731e+00 -9.127835952286044163e-01
1.905282800718892444e+00 -5.960161906861851655e-01
1.492204372062347018e+00 -2.486478928595468041e-01
7.666038978075246924e-01 -6.485693025587927485e-01
5.718749912493574783e-01 -5.862781013860663970e-01
5.698151124253739708e-01 -3.989541203350192577e-01
5.658768157596822945e-01 -1.989179303351050476e-01
5.671313072002703848e-01 3.119873312486877090e-03
5.720872695066370195e-01 2.037329304191638213e-01
5.814735946946780754e-01 3.998347444969061470e-01
5.948084363425518717e-01 5.883702462352613516e-01
7.792558870677540606e-01 6.178723011261344489e-01
1.542130995974196228e+00 2.219085306587929296e-01
1.913118369193695267e+00 5.627293690113026603e-01
2.122193325346078296e+00 8.794142320016409275e-01
2.253602571121774645e+00 1.176520027716287942e+00
2.345123786748923855e+00 1.455083041401789679e+00
2.557369392718552348e+00 -1.749018880537003717e+00
2.533440175442271514e+00 -1.502011357621628518e+00
2.492637205977356718e+00 -1.246052106069696297e+00
2.372565617610026933e+00 -9.766514454740329310e-01
2.201962708508164557e+00 -6.983642792367915630e-01
1.877636506299218633e+00 -4.153200735160963442e-01
1.381470067454725337e+00 -1.659183328205004193e-01
8.760967013127254344e-01 -4.530352520101990632e-01
7.791233372098328447e-01 -3.999426766093556740e-01
7.606545743808339477e-01 -1.946711737034092504e-01
7.654606616282003673e-01 5.105146265237017755e-03
7.730313849861381037e-01 2.104348738149665887e-01
7.890164324553242681e-01 4.051708548082965100e-01
8.633698460193705015e-01 5.460059087999902250e-01
1.460596619674072949e+00 1.230432914124161836e-01
1.897235386463259177e+00 3.873667812216526340e-01
2.213052108579067756e+00 6.674590057469407256e-01
2.385794385752308511e+00 9.467671854458390435e-01
2.508424828829347586e+00 1.219013903372409002e+00
2.550737157965035973e+00 1.477864812651964233e+00
2.825359126875553795e+00 -1.770791108971729644e+00
2.800058094263393471e+00 -1.534701941504952538e+00
2.761358410218703430e+00 -1.294202330892768593e+00
2.650739114247868233e+00 -1.045024830080786948e+00
2.507381605828679749e+00 -7.953543215943530420e-01
2.317283058484569391e+00 -5.544661389116742889e-01
1.951913953165389515e+00 -3.353512691512637311e-01
1.636136556187798075e+00 -1.661038850817002088e-01
1.244953198583814702e+00 -7.761761725239205156e-02
1.023182944885646872e+00 -2.244799761894824275e-01
9.820118334055278897e-01 -4.622011519077184535e-03
9.746796512679684055e-01 8.613968634884915099e-02
1.133481570911694547e+00 4.078378865433038292e-02
1.650130526599808967e+00 1.196653695604693729e-01
1.969391092480220928e+00 3.015915576426924649e-01
2.329862503892943693e+00 5.239964207097866922e-01
2.519210631150904156e+00 7.660676699481173690e-01
2.663722507708724319e+00 1.017609717001437541e+00
2.775707400361303367e+00 1.269094900262944359e+00
2.815527478996695088e+00 1.511792167346008853e+00
3.099911659426792365e+00 -1.795115558299433589e+00
3.075115450341589618e+00 -1.568724670232307661e+00
2.989398209657370575e+00 -1.336577712812358376e+00
2.939812908619791720e+00 -1.108877659142637695e+00
2.872441385406056646e+00 -8.853687886319877576e-01
2.728111670215480622e+00 -6.667279979121671918e-01
2.499475229682458277e+00 -4.638937857398640618e-01
2.305754394746548197e+00 -2.984866621571343193e-01
2.054695627607625141e+00 -1.723057331357811528e-01
1.886755591201181081e+00 -8.467873927555509550e-02
1.840727123588036696e+00 -2.091807030618811694e-02
1.889070302029712600e+00 4.381774908987639411e-02
2.058917791300961309e+00 1.327045041218317123e-01
2.314449464648648203e+00 2.626092765418595598e-01
2.509742443985442328e+00 4.317105453040661067e-01
2.738561728687833430e+00 6.376061333509849272e-01
2.883399844377954491e+00 8.583633067932893157e-01
2.951793161288545964e+00 1.083507108326467350e+00
3.002449606937990900e+00 1.312938607426114013e+00
3.088764293953103479e+00 1.547051516632443890e+00
3.380408229143231580e+00 -1.821026803062346655e+00
3.357497376708394654e+00 -1.602851549221757876e+00
3.276412075677392011e+00 -1.379944777433969039e+00
3.236033582541499865e+00 -1.164153765433831422e+00
3.185056490413411101e+00 -9.537750742943701399e-01
3.068500555755876213e+00 -7.476960109093115925e-01
2.995749923363824507e+00 -5.617546168210202362e-01
2.862037404347026026e+00 -3.922382039530890041e-01
2.732706587151531696e+00 -2.473332386920784887e-01
2.622425133387939589e+00 -1.251505205875747540e-01
2.603940603924018493e+00 -1.743872632508516179e-02
2.624676205800883011e+00 9.065906278543588159e-02
2.737172154563233040e+00 2.142264252827242310e-01
2.868514129060919515e+00 3.612498471507504805e-01
3.003563647366651157e+00 5.331448845885804477e-01
3.077400121750723638e+00 7.208310458119899788e-01
3.194833443579059740e+00 9.286569820002998910e-01
3.246772895196114117e+00 1.140480857027601269e+00
3.288051461402932585e+00 1.357722309180716458e+00
3.369609209820050300e+00 1.582233112501123307e+00
3.666339696553650995e+00 -1.846194880006894135e+00
3.596152904685100182e+00 -1.630200062573470943e+00
3.569979719471433999e+00 -1.419450900540713434e+00
3.537877772335255244e+00 -1.211806490682699522e+00
3.499668497955360280e+00 -1.009368213822520843e+00
3.456066329437381679e+00 -8.147393608200036441e-01
3.353201102752712881e+00 -6.257860064221134611e-01
3.305472362623510740e+00 -4.552003548002740985e-01
3.264381612784033493e+00 -2.983324388747956579e-01
3.176495143376941499e+00 -1.517348207088105583e-01
3.166801832271058714e+00 -1.476454426983487764e-02
3.178335167635957692e+00 1.224292264876597064e-01
3.267845787799077417e+00 2.702343692231421457e-01
3.310529288200260822e+00 4.280502692674101883e-01
3.359637300620508693e+00 5.997961605663632012e-01
3.463556824939289402e+00 7.902298967619153514e-01
3.508179358743495513e+00 9.860502831579815997e-01
3.547308615814185107e+00 1.189674974527281659e+00
3.580231843813511450e+00 1.398512596703762600e+00
3.607110502447148370e+00 1.610459456780962029e+00
3.956727141304691830e+00 -1.868183660110983579e+00
3.889403055954839150e+00 -1.658509741069588372e+00
3.867847137404593294e+00 -1.453057765398196421e+00
3.842643892008250184e+00 -1.250669542228290965e+00
3.814083066657969034e+00 -1.052735700123283324e+00
3.783066721596284321e+00 -8.607915011542048855e-01
3.751315097988624725e+00 -6.762577826032152295e-01
3.721435221769350488e+00 -5.000206917117406835e-01
3.696696068422646864e+00 -3.319346632160369293e-01
3.680429001244422960e+00 -1.704562980691274876e-01
3.675167933653004315e+00 -1.265530295483016654e-02
3.681856459240830048e+00 1.452734775726854666e-01
3.699517556038375066e+00 3.071269972183736097e-01
3.725576970922608755e+00 4.758072220335307634e-01
3.756665832281208761e+00 6.528048634141052631e-01
3.789500959528141699e+00 8.382032231914128273e-01
3.821483927889306020e+00 1.031069426537696065e+00
3.850906936852947382e+00 1.229958879295952157e+00
3.876872092359500588e+00 1.433324959519215014e+00
3.899087494049799929e+00 1.639766938904829496e+00
