2.167364767385322466e+00 2.883255069426272910e-02
2.171293924580670165e+00 -7.985547948378490801e-02
1.224276766894848212e+00 -1.298130656680088479e-01
1.253106760351330617e+00 -1.663654513337173568e-01
1.277390320865007034e+00 -2.181534561925171922e-01
1.286575444017536984e+00 -2.918619429998149939e-01
1.260483040301749291e+00 -3.967074776984976792e-01
1.132679622724564572e+00 -5.352460168955782693e-01
8.481108712907049485e-01 -5.896731363667949699e-01
4.577141783680490073e-01 -4.214626911801552245e-01
2.684088353744243927e-01 1.194398499431391369e-01
5.690615720571560177e-01 5.999098782448318845e-01
1.010889911893011472e+00 7.138114485760381767e-01
1.279272078624466014e+00 5.945183292807453279e-01
1.408629661624074325e+00 4.424399743152349074e-01
1.431128723127999436e+00 3.126339922915046809e-01
1.406211096816471384e+00 2.277027455696503389e-01
1.367778719680629695e+00 1.724448612974292805e-01
1.327469667882419380e+00 1.349569306094008936e-01
2.269881823251620911e+00 7.221586622356648832e-02
2.155821891768983090e+00 6.547164247574976947e-02
2.194153597243873932e+00 -2.577105653488576120e-02
1.264457773047864775e+00 -6.420675501580225264e-02
1.309267958632731599e+00 -8.162724392234556314e-02
1.358162101309913661e+00 -1.113720842070608230e-01
1.403637918394039508e+00 -1.670460735529465945e-01
1.421544173879591977e+00 -2.671536273275136320e-01
1.389243613976180347e+00 -4.100721442208352663e-01
1.115916845753540665e+00 -6.688034897800166911e-01
5.489574658616842573e-01 -5.898187797366450935e-01
1.829069946480187947e-01 1.398826949270321196e-01
7.160268600927509608e-01 7.813142527108721813e-01
1.299694149012882161e+00 7.106344198498196763e-01
1.592834967181744554e+00 4.510742408383704438e-01
1.600151580428015974e+00 2.299795684612843116e-01
1.546893242506452992e+00 1.352114749729842469e-01
1.484232533798840459e+00 8.688298195621430020e-02
1.422797880087963485e+00 6.311689949910442854e-02
1.367512577800249041e+00 5.086126525917654406e-02
2.285411991458217162e+00 1.313308388186984650e-02
2.135466049441542058e+00 9.690243477099219627e-02
2.197256484605015991e+00 2.540782031233028426e-02
1.281759119378395262e+00 1.726239041284929887e-02
1.331614829616204698e+00 2.847491983650072070e-02
1.389579518841925543e+00 3.898880998089139516e-02
1.457013483309134161e+00 3.931533806366498129e-02
1.535064601748335589e+00 -2.130648769885322771e-03
1.598988594010956499e+00 -1.870904842499194198e-01
1.471299105145130959e+00 -4.077375018094590020e-01
8.278972124625552098e-01 -7.175663450201207327e-01
1.058671954237421775e-01 1.581932821703723457e-01
1.089313759499963341e+00 9.147338563165052783e-01
1.779812167777722109e+00 4.648111123580707105e-01
1.739853953251227159e+00 9.887391555252489361e-02
1.679579165236885663e+00 -6.426675769388361104e-02
1.582402423190473861e+00 -1.039524735994450666e-01
1.502671250819799909e+00 -9.258826048371837647e-02
1.436310194434910592e+00 -6.991077836672453250e-02
1.379250573406672453e+00 -4.837022664046568277e-02
2.283603560177389635e+00 -4.979108798780134543e-02
2.108871339635884468e+00 1.207077524438839311e-01
1.233898334160148824e+00 7.248483056681367942e-02
1.270709655841107510e+00 1.025319816917597687e-01
1.310842696049650868e+00 1.418938615624386057e-01
1.354191212456014481e+00 1.884413428116486489e-01
1.403375489019502043e+00 2.333005981093465853e-01
1.462370134378439657e+00 2.575068902581342245e-01
1.530682209556529338e+00 2.658291024713337891e-01
1.764283815552492474e+00 -2.500101225827841556e-02
1.176288616015681132e+00 -8.239772968524973207e-01
5.366094946944677951e-02 1.414903982695838169e-01
1.346944514398678239e+00 8.095131826175567813e-01
1.955194246293400884e+00 -2.126846702894249694e-02
1.625317651174587263e+00 -4.383571369080473956e-01
1.525275841403819221e+00 -3.931665151156343851e-01
1.477458453247949333e+00 -3.344191219644137569e-01
1.438040229387048896e+00 -2.664254380897381758e-01
1.398443831547110827e+00 -2.017528838869409036e-01
1.357760538945291806e+00 -1.483023088987385496e-01
1.318046434667242472e+00 -1.075276038821941921e-01
2.079246055836821760e+00 1.357418137535872926e-01
1.210256960920054858e+00 1.322430106957089568e-01
1.233664307374840119e+00 1.802302056395542196e-01
1.253531165025614458e+00 2.432459806507923650e-01
1.268379152653437147e+00 3.225386784300533494e-01
1.279991682646569595e+00 4.175700859704870593e-01
1.296860703200436449e+00 5.173343120273706797e-01
1.364269229578023657e+00 6.061465438292901187e-01
1.438821504776419680e+00 2.336825539922376127e-01
1.338748463590299975e+00 -3.011852851998764180e-01
1.778576575455862938e-02 1.061121199409630345e-01
1.581750518311898501e+00 7.549479415641163760e-01
1.523449876301995687e+00 -4.791043464221531045e-01
1.453170719178619841e+00 -5.493871240128403999e-01
1.374991354021873669e+00 -5.665836184716093182e-01
1.339236855325323994e+00 -4.852530128331646875e-01
1.330546401208418272e+00 -3.931666340076963584e-01
1.323413010660825950e+00 -3.075252559126528396e-01
1.308359135476649726e+00 -2.341592223034789089e-01
1.286053437094707652e+00 -1.758571949770377230e-01
1.056172609122281836e+00 1.705699079865959367e-01
1.171981410426092385e+00 1.816536056896873585e-01
1.176150237564201895e+00 2.427243207538297975e-01
1.164900983586528049e+00 3.231869572083651554e-01
1.128264805995385034e+00 4.247827327732768832e-01
1.062999477548410843e+00 5.465085258950307390e-01
9.935974428644274159e-01 6.947529806861590940e-01
1.089375469089929105e+00 8.696811777536299637e-01
1.130585893838818246e+00 -5.172279357795989130e-01
5.093859854555264910e-01 -7.139454052222896641e-01
-1.866095336456161102e-02 8.451004182443978829e-02
7.521162063563536886e-03 2.097538345441194163e-01
1.901705410164515886e+00 -3.140325706769358516e-01
9.017886571476048108e-01 -1.019931120046020157e+00
9.235631483398233366e-01 -8.590921134640352452e-01
1.095587136854964339e+00 -6.684944193381060495e-01
1.188142983197231217e+00 -5.041072869866617401e-01
1.227241203822247551e+00 -3.886176647720178123e-01
1.241578685810646787e+00 -3.001337700196557434e-01
1.239867276194414281e+00 -2.305583817762023868e-01
1.045783542297074709e+00 1.769228011281109014e-01
1.124496809633388494e+00 2.166597173100569818e-01
1.106238774757098531e+00 2.837483125268012163e-01
1.057350609596926505e+00 3.703661276334625496e-01
9.478337778908401123e-01 4.799496853577220890e-01
6.819280464356664018e-01 6.097264336031154031e-01
-1.745198949860785609e-01 2.395602478437122707e-01
7.564627253134788287e-02 1.057563628614734304e-02
-1.752923652905846339e-03 1.072695235965210638e-02
-3.042187891707948469e-02 1.184674311872921035e-02
-3.538859627336378433e-02 4.548546551241951924e-03
-2.938883295345278562e-02 -4.634376215588104607e-03
-8.509356180622290600e-03 -4.587667062929570543e-03
3.411483478889407173e-01 2.262613817339266808e-01
5.037542462785733477e-01 -8.837424671540625720e-01
7.584161478245481369e-01 -7.077983733005245304e-01
9.906633238648372419e-01 -5.732406818379666147e-01
1.111598831451167113e+00 -4.436591555078046034e-01
1.164846980288124279e+00 -3.450633064311785514e-01
1.185791406378170265e+00 -2.693219483499003086e-01
1.028389977799748722e+00 1.794125349323069107e-01
1.074321183067932450e+00 2.355269770715154309e-01
1.034868655325334563e+00 3.010326962591514666e-01
9.496240405156238795e-01 3.818544443439965685e-01
7.671802353920100792e-01 4.764515324882000469e-01
5.318364760316851569e-01 5.913647692556642799e-01
1.883261251661373092e-01 -1.060826730134542401e-01
-1.944460028144550778e-03 7.050487778114876598e-03
-2.127979163702661825e-02 7.744643646909663698e-03
-2.693091071579854431e-02 6.415832108137007814e-03
-3.023750578104541370e-02 3.524070962450161475e-03
-2.984781688181129683e-02 2.134507506067607856e-03
-3.130179931699714202e-02 7.603688943499242216e-03
-7.002899561952669050e-02 1.855051073347558418e-03
6.809783551420539593e-01 1.501985275877518004e-02
2.889569626418207471e-01 -6.332421559866951988e-01
8.001974379770673274e-01 -5.568715353855935302e-01
9.931390172767092794e-01 -4.598323240136777956e-01
1.086401754917969642e+00 -3.665085228146656160e-01
1.129759531036435449e+00 -2.913629145681060351e-01
1.018070815490796921e+00 1.828542143176578594e-01
1.027689511150353008e+00 2.392904230210884386e-01
9.724258449346011579e-01 2.972634833432941104e-01
8.621761965272961570e-01 3.634775843521680927e-01
6.429229285561213203e-01 4.283424920078220954e-01
5.567510939271256426e-02 6.336341203320544624e-01
-5.103499750824157244e-03 1.234827304639928534e-02
-1.746556029993094616e-02 -1.147527419533644552e-03
-2.122798896712682973e-02 1.805339776536086290e-03
-2.573547747213858483e-02 2.164531673569642690e-03
-2.874968822409910627e-02 1.661425225115417638e-03
-3.056507370176063387e-02 1.520655986024593235e-03
-3.262618840304611773e-02 1.388281506747825883e-03
-2.878065832173486854e-02 -5.220086401791512037e-03
4.157599864685466128e-03 3.451246452135272452e-02
5.560948835950108027e-01 -2.905088278955336722e-01
6.400113396329647486e-01 -5.070245645256414857e-01
8.964299490043694529e-01 -4.400762276905704207e-01
1.017015235723482069e+00 -3.648511974414012093e-01
1.077610353553651645e+00 -2.973928686004760347e-01
1.002989336010400745e+00 1.810507656421065092e-01
9.890114498933705312e-01 2.310573799657175131e-01
9.257272796312930874e-01 2.783550892757913342e-01
8.062255111985142664e-01 3.270598140769953588e-01
5.516679305050724569e-01 3.662257899702227038e-01
-9.616950858777713329e-02 7.004497655756571073e-02
-3.280113527547962645e-03 -7.049708553897379368e-03
-1.802675077501264198e-02 -4.329167232526353291e-03
-2.265187281247369941e-02 -2.430571169696531426e-03
-2.604962103205429175e-02 -1.191853630713057615e-03
-2.871491096251728090e-02 -6.892961457077677323e-04
-3.090927560754762674e-02 -2.897747619797690164e-04
-3.244397257131571843e-02 6.278848909662556287e-04
-3.143435289137592320e-02 4.008134355756337586e-03
-3.930300431117321469e-02 1.076460081150842213e-02
2.026722416499993906e-01 -3.657609786337628899e-01
5.368185748649104694e-01 -4.464440884920577446e-01
8.317019463510971766e-01 -4.026541784375842759e-01
9.643481813890937282e-01 -3.462024456665039884e-01
1.033929058878492402e+00 -2.902341428981458638e-01
9.970569359404142240e-01 1.811563413733389138e-01
9.601838709569537889e-01 2.147776106483851588e-01
8.963847502376822707e-01 2.509953955482434607e-01
7.811137711982556464e-01 2.844797477346557857e-01
5.211596049507182249e-01 3.047382703535755910e-01
6.331201270926699320e-02 1.856359698321153467e-02
-2.072136173711800616e-02 -1.993741067133383837e-02
-2.213363421429695443e-02 -9.393313378122261290e-03
-2.483267657967457714e-02 -5.630917084231498553e-03
-2.708737839365749078e-02 -3.753296553596553731e-03
-2.916273632339265454e-02 -2.972290918700678727e-03
-3.151175465850117319e-02 -2.611688585478511189e-03
-3.463478113370412059e-02 -1.413707361593982345e-03
-3.827894910788719185e-02 3.685183186106891478e-03
-2.996150289073868864e-02 1.868863895463557939e-02
2.402847946949525915e-01 -2.308699392214804691e-01
5.096205346967334071e-01 -3.858688734107850182e-01
8.015550974553329322e-01 -3.593887713332339917e-01
9.305186706798175278e-01 -3.181121957321623173e-01
1.000843504865337907e+00 -2.739757565600345335e-01
9.771266264869150620e-01 1.679540617546664283e-01
9.408751511524874322e-01 1.941326359850694960e-01
8.820847590330512800e-01 2.205151981201630418e-01
7.814551296818874615e-01 2.422962935251541106e-01
5.610109236395370846e-01 2.505503604868056233e-01
1.998891465956731950e-01 -5.327728310219371349e-02
-2.849951004493451318e-02 -1.231166681936694644e-02
-2.652211148560109505e-02 -1.067580506754200152e-02
-2.763024882157533516e-02 -7.293109425926385184e-03
-2.834163190469340954e-02 -5.196875559574775510e-03
-2.931310911692887669e-02 -4.766408597401226334e-03
-3.128807696423022838e-02 -5.494167219753378142e-03
-3.560460829027807528e-02 -6.786728750702557961e-03
-4.606968856335942608e-02 -6.552141287616464541e-03
-7.624168932036053115e-02 8.220521935725881926e-03
1.176596184529539735e-01 -6.522479230161957187e-01
5.508526611498175685e-01 -3.305296096983768583e-01
8.010187601574823013e-01 -3.156206263425391234e-01
9.133005687011973572e-01 -2.861363542917277902e-01
9.780726153072812901e-01 -2.525422961194418447e-01
1.971461161549907359e+00 1.337124197803924719e-01
1.942710063920381147e+00 1.525609287739040365e-01
8.786232558022281092e-01 1.903137580080615232e-01
7.973816403906234251e-01 2.037650134433141025e-01
6.366617984719051826e-01 2.064020535569833226e-01
-1.317401443280341589e-01 -1.118426786116057947e-01
-2.992646678726656323e-03 -4.648211576439187365e-03
-3.062250023728629866e-02 -1.491708748582467291e-02
-3.120451520732511058e-02 -6.838870157361608484e-03
-2.920944266006920628e-02 -4.993687869753821174e-03
-2.859429062242541120e-02 -5.427609559059743717e-03
-2.895494547745659786e-02 -7.637546151278394591e-03
-3.104573962268280043e-02 -1.276360932323385503e-02
-3.708929019188000192e-02 -2.401627986129616088e-02
-4.687315113684942941e-02 -5.105618748288973802e-02
-1.457201713239903718e-01 3.876958147655446552e-01
6.447043484899893651e-01 -2.846816339315769717e-01
8.182596777783314179e-01 -2.743679084805956125e-01
1.930667957879115937e+00 -2.353796071348825680e-01
1.979735673037149146e+00 -2.099259227603642586e-01
1.957276821774068587e+00 1.109735109599390007e-01
1.934308997936199592e+00 1.272807009359176456e-01
1.898621693741171512e+00 1.375229390224742831e-01
1.843386471466474719e+00 1.539694947052604179e-01
7.148272023272388420e-01 1.694489872405665343e-01
3.843060398817265688e-01 1.752781970301739989e-01
-2.535211703346324508e-01 -3.711655833955301298e-01
-6.460081996083982814e-02 -5.469719892240054900e-04
-3.226661398058883884e-02 -3.261090742302970302e-05
-2.880226470541900896e-02 -3.259681086896732381e-03
-2.703625527520383751e-02 -4.551790982068410971e-03
-2.500750751981968903e-02 -6.981648227409979757e-03
-2.161921468997828402e-02 -1.368451047235906548e-02
-1.770568868634142534e-02 -2.212489373874525558e-02
-2.115424338822710082e-01 9.964446294030240847e-02
4.416037621956285242e-01 -2.425348728455220260e-01
7.301365282343730279e-01 -2.429975884824036592e-01
1.868365069780236309e+00 -2.226539325500273558e-01
1.928226555940832698e+00 -1.984055095732241147e-01
1.965248578247469347e+00 -1.759415478217359607e-01
1.951270878229687700e+00 9.390862810091672730e-02
1.931116098747208243e+00 1.000464226765624409e-01
1.904686468497824636e+00 1.039487222089678087e-01
1.866641178574446558e+00 1.111178053746540995e-01
1.807476600540837142e+00 1.155429727137322754e-01
6.558535481609426565e-01 1.280757331786525899e-01
2.335640627419018622e-01 1.277024510393270362e-01
1.761318180046384518e-01 6.864606660933450510e-02
-1.001612289794646254e-02 -1.470635181476362928e-02
-2.941795464995147769e-02 -7.976315253748079287e-04
-2.460058829630491078e-02 -3.604204415536021999e-03
-2.295443423787478510e-02 -1.670702719454118714e-03
-6.095299109683783093e-03 -1.898320203144571693e-04
-7.113044488338436666e-02 3.357720466588093866e-01
3.322689056809482455e-01 -1.904233799703646535e-01
6.732228586133348625e-01 -2.010993428326423027e-01
1.826860729380627602e+00 -1.850395174635210138e-01
1.889878507403773167e+00 -1.736145942210129411e-01
1.930974118286167274e+00 -1.604566657081142322e-01
1.960224710872379372e+00 -1.519935899170131166e-01
1.948318646268821119e+00 7.547993798118865505e-02
1.932609927274318018e+00 7.801127741933283621e-02
1.913391924042295411e+00 7.848768746924579542e-02
1.887229845618713542e+00 8.085748744616708117e-02
1.851350617671925880e+00 8.057316936625333326e-02
1.799552948920013273e+00 7.638279608234611884e-02
6.630111182596856167e-01 8.460973104324653882e-02
4.728282226313418879e-01 6.490628766176437248e-02
5.779782386792831073e-02 2.497758860608152720e-02
2.882846766772500374e-02 -2.612764568317731406e-01
1.885321928747541592e-02 -9.712566785888441731e-04
-2.314572317531730233e-02 -1.072129519850783530e-01
-5.274668990836692273e-02 -8.299879347110243610e-02
4.857263472641575319e-01 -1.371817164518665810e-01
6.763084277012925138e-01 -1.562434551327570031e-01
1.814906021820520632e+00 -1.445657188466149823e-01
1.869608306126219865e+00 -1.429201591877582722e-01
1.908321667840449765e+00 -1.379987832552678761e-01
1.936773433054223670e+00 -1.310108640900927157e-01
1.958303253130747601e+00 -1.269465900492340316e-01
1.948288165963553364e+00 6.018509396627122476e-02
1.936182379986084889e+00 6.059399157540234365e-02
1.920877974061729665e+00 6.244415858257573032e-02
1.903960967313089059e+00 5.918801696089295850e-02
1.884718071856671617e+00 5.317772407088194181e-02
1.857835552340175278e+00 4.769024826836928965e-02
1.815755138393824852e+00 4.277479723338252493e-02
1.769045641576293404e+00 2.958587622963089470e-02
1.695350605235349750e+00 1.511074335960177310e-02
6.063588089159531735e-01 -7.846122081545198190e-03
5.834252697547218647e-01 -3.734858143246897605e-02
6.087296135012976173e-01 -6.622891679945974719e-02
1.700835789115430652e+00 -9.115372273906705014e-02
1.777575641792762173e+00 -9.948073240846394549e-02
1.827149006105941886e+00 -1.079800048567860493e-01
1.871602327598927307e+00 -1.074175223012441699e-01
1.900992895688924378e+00 -1.088218391346475883e-01
1.922881511617466899e+00 -1.117421972920514123e-01
1.942146314711475030e+00 -1.119704064927566911e-01
1.958930101107586585e+00 -1.066990950789244164e-01
1.949960771040057939e+00 4.772943352641511455e-02
1.940663723737187762e+00 4.694031220494143675e-02
1.929107197331384249e+00 4.711088717920980384e-02
1.917320511094209090e+00 4.343081800327466824e-02
1.904740646938299031e+00 3.783791306803390569e-02
1.888103494202088228e+00 3.255740624382123111e-02
1.874035522784331276e+00 2.262203987261182658e-02
1.854871274790699465e+00 1.254634013507878974e-02
1.835317563770280103e+00 -1.349955353626785095e-04
1.817729312902478744e+00 -1.538421770462994331e-02
1.814877397712030271e+00 -3.238622346905808969e-02
1.820290813564187093e+00 -4.893437368862418868e-02
1.840396080174399263e+00 -6.181620541498059757e-02
1.862454004743522296e+00 -7.171182317429906916e-02
1.884032406789911906e+00 -7.882374120019110253e-02
1.900657362950754381e+00 -8.654155999436352609e-02
1.919396227207709860e+00 -8.876518222378246281e-02
1.934198031927874206e+00 -9.203234109494327908e-02
1.947985927687606145e+00 -9.335551768130478933e-02
1.960860816379341509e+00 -9.039101829187486115e-02
1.952493108123428911e+00 3.767040574517741686e-02
1.944567676053261529e+00 3.790847366494400766e-02
1.936558338654492895e+00 3.548119207162972466e-02
1.928167158873271170e+00 3.180867616280264043e-02
1.919618903710962110e+00 2.678208157377652554e-02
1.911217684770558867e+00 2.036719424750024765e-02
1.900159666168785400e+00 1.395623779597590826e-02
1.892808756184577890e+00 4.721976397371240204e-03
1.887155394694905786e+00 -5.456968399435498107e-03
1.879137231097257832e+00 -1.610481695500282084e-02
1.878624666113523300e+00 -2.756416839115513606e-02
1.881450261389478129e+00 -3.877586159149105233e-02
1.891693285672236602e+00 -4.785661588916174936e-02
1.899634327397314193e+00 -5.697099850681349581e-02
1.909254716342029035e+00 -6.484287445911082748e-02
1.922278542871916018e+00 -6.899269950470274249e-02
1.932740067978306442e+00 -7.373013788477542074e-02
1.943208665454015271e+00 -7.696921763319243548e-02
1.953349990495947042e+00 -7.878215293594695301e-02
1.962919750708724598e+00 -7.930930649967375679e-02
1.955370026683335594e+00 2.956559441761512710e-02
1.949120056339745499e+00 2.912891477805714877e-02
1.943104746093061719e+00 2.658812772521422160e-02
1.937002285142311875e+00 2.311892593052634545e-02
1.930999909956964355e+00 1.867413277708734887e-02
1.925327373376263917e+00 1.325641528216101039e-02
1.920252933035746734e+00 6.929077597283004805e-03
1.916072800326371395e+00 -1.799892203167533129e-04
1.913089475682166141e+00 -7.883813053034009408e-03
1.911575192784320087e+00 -1.595102963113789393e-02
1.911723507177299997e+00 -2.412588637018130144e-02
1.913603704035348629e+00 -3.214775869902430222e-02
1.917139674773481017e+00 -3.976636696537716453e-02
1.922125473946008078e+00 -4.675382752140658238e-02
1.928268891008247721e+00 -5.291664902094095346e-02
1.935242089007836563e+00 -5.810825563694468204e-02
1.942722161766991196e+00 -6.223911337951418266e-02
1.950416400475214029e+00 -6.528048318771112468e-02
1.958075345526226529e+00 -6.726028143179536845e-02
1.965498113339667841e+00 -6.825264781625418886e-02
