2.158305101997066267e+00 5.082318375342141648e-02
2.181432350582997781e+00 -5.666824438896282679e-02
1.238960562840018653e+00 -1.029096626827358668e-01
1.274742706576852180e+00 -1.330651776861464797e-01
1.309344332119195764e+00 -1.785301197426583941e-01
1.333242172837741935e+00 -2.484818604876919690e-01
1.326767152681898043e+00 -3.558394222526677919e-01
1.225024646467995471e+00 -5.152917444085653997e-01
9.220646494318970321e-01 -6.210315693721728536e-01
4.743627460604694090e-01 -4.696619975121094637e-01
2.421835479064013141e-01 1.528188646729545241e-01
6.216980639802847097e-01 6.934088557993752788e-01
1.167571381665042596e+00 7.336614669219005958e-01
1.421003277286864153e+00 5.558873130471477797e-01
1.514542498225034395e+00 3.630653125168586404e-01
1.500297414656569517e+00 2.347293300435174812e-01
1.454041648786301932e+00 1.627373900502739335e-01
1.402951096654062368e+00 1.206825026366431519e-01
1.354660728404141423e+00 9.437766688456303288e-02
2.287863458693520258e+00 2.732807563104758253e-02
2.140742182985569286e+00 8.432539970657572381e-02
2.194541035807715090e+00 2.779412642010345262e-03
1.269348747546843015e+00 -2.929660199582150709e-02
1.317261166171589615e+00 -3.581668471337820514e-02
1.372158960402264594e+00 -5.163092504915169079e-02
1.430460889730470919e+00 -9.197265622470805757e-02
1.472262417929587119e+00 -1.847683169685582771e-01
1.465262517925429275e+00 -3.339912102394523297e-01
1.259086138957077550e+00 -6.319673609858171837e-01
5.959700463188566388e-01 -6.621708654780481540e-01
1.646484298591751327e-01 1.805359520105526139e-01
8.685960965162013991e-01 8.850932294164389758e-01
1.490210569682181463e+00 6.713661856002424155e-01
1.702672905768320089e+00 2.812413989119851854e-01
1.645946085116066548e+00 9.393976493893665958e-02
1.572001015886865138e+00 2.710892959239734681e-02
1.500738196811000513e+00 3.322207858679669668e-03
1.436344089505515287e+00 -7.678992561937970267e-04
1.379921023747830100e+00 1.961201163695219362e-03
2.289396309703364274e+00 -3.448289456378735018e-02
2.116014749094619507e+00 1.107850534078324706e-01
2.187835804698732289e+00 5.419153316943727677e-02
1.273013047914636209e+00 5.485978466051835006e-02
1.318955255627951795e+00 7.794199460966649839e-02
1.371476876978912074e+00 1.043762103390701440e-01
1.432877616542447718e+00 1.269568860800010524e-01
1.513129993122168893e+00 1.210542456905669834e-01
1.640171807170989648e+00 -1.750417650179462298e-02
1.543136602751454145e+00 -3.274084081277210401e-01
9.080048281569348401e-01 -7.345774527549567834e-01
1.009784575102452842e-01 1.956240950537814771e-01
1.324751588248930245e+00 8.105253905099472078e-01
1.853894063625060928e+00 1.778449505554476617e-01
1.751090894541518006e+00 -8.877660955961676204e-02
1.644427128366926505e+00 -2.140751775282584146e-01
1.549737363278758773e+00 -2.104254879267624390e-01
1.481336420478422955e+00 -1.732980112690886421e-01
1.424675697454572454e+00 -1.328670000797740891e-01
1.374586246946605472e+00 -9.778988497842902583e-02
1.301398888897112194e+00 -1.323593690817732038e-01
2.087181880476769003e+00 1.287068737592800827e-01
1.218291894128028519e+00 9.904199372733174522e-02
1.248497425024907237e+00 1.358601545866002791e-01
1.279224074438640724e+00 1.830189898884688471e-01
1.310484003402565767e+00 2.381620100231589543e-01
1.346766489296542968e+00 2.927578593553038511e-01
1.396216404439329484e+00 3.267768513601970182e-01
1.439574388788726900e+00 3.364456711143359313e-01
1.667531929002223468e+00 2.474572049958824738e-01
1.386623888771859159e+00 -6.878196275744739019e-01
4.674892211550291804e-02 1.842262180349523437e-01
1.662806912461240572e+00 7.306406849883069210e-01
1.894021735713170784e+00 -3.948477673211867045e-01
1.497717778114738163e+00 -5.008002163679512453e-01
1.449248308249970085e+00 -4.553548989928974389e-01
1.416753377754253362e+00 -3.959762860948309315e-01
1.392904194399971152e+00 -3.230040500360618627e-01
1.367808499344138840e+00 -2.515936659052261937e-01
1.338671725059080497e+00 -1.907337011654986203e-01
1.307286571376314432e+00 -1.427937562440776686e-01
2.057441471102491537e+00 1.379271817990508353e-01
1.187093540846379192e+00 1.531646658657133953e-01
1.201680699824492216e+00 2.043576550598361352e-01
1.209871354633244023e+00 2.700156912173883317e-01
1.210025667359027057e+00 3.520854918730521588e-01
1.202580132058174378e+00 4.530706297603734889e-01
1.194818122920434655e+00 5.648202501842900514e-01
1.218774795288570134e+00 6.689392478131337416e-01
1.329162515469818118e+00 3.183439639350059691e-01
1.236876427110364496e+00 -2.994752440768189694e-01
1.489268533508866788e-02 1.366921007374218289e-01
1.867199636345064695e+00 3.353653465041373516e-01
1.463727427220535393e+00 -4.887126213879340320e-01
1.368532099470896046e+00 -6.359023521406049761e-01
1.283436025531798919e+00 -6.265930141768826234e-01
1.268606174880174908e+00 -5.270673442528899244e-01
1.276617085958396292e+00 -4.287182176652539201e-01
1.283309801238956327e+00 -3.411338414831922017e-01
1.280244813964331874e+00 -2.657528733394755593e-01
1.267580088039476305e+00 -2.043559747133909810e-01
1.037502347581774620e+00 1.686573651693261400e-01
1.144191315585039392e+00 1.950057344245150204e-01
1.138953968758683821e+00 2.554909084733981706e-01
1.115420733520355867e+00 3.332816522212170840e-01
1.062023120576705670e+00 4.294393760737478805e-01
9.717545601549421042e-01 5.418025599316833585e-01
8.535275179816937952e-01 6.808467371126394330e-01
8.001704145745146546e-01 9.852357392630036736e-01
1.179114198175104100e+00 -3.380896947674227326e-01
7.725864806142312968e-01 -7.433218418205161937e-01
-2.025548636787479970e-02 1.068178812157017932e-01
4.051000528884684537e-01 6.056644963033961382e-01
1.314295879051833094e+00 -7.878838395517107074e-01
7.105395644799221699e-01 -1.042339877265726411e+00
7.650849777918162786e-01 -8.689278803738584855e-01
1.006757317786274530e+00 -6.761294312310165422e-01
1.126678621133597513e+00 -5.172248874333301716e-01
1.182621458878538423e+00 -4.062752966682617872e-01
1.209136961478503469e+00 -3.201604486858994902e-01
1.217038252590582070e+00 -2.510277993524987483e-01
1.027055059730635600e+00 1.736479704475218377e-01
1.095124175107344833e+00 2.219871097701754115e-01
1.068285602342813556e+00 2.849352465454095262e-01
1.008707853942187871e+00 3.630541246013096468e-01
8.869596895179717722e-01 4.555249084082889088e-01
6.200823687392689187e-01 5.593958787936895716e-01
-3.383626921244918262e-01 -1.549143171584614620e-01
8.409337455863880040e-02 -3.039763481901891669e-03
-7.396922264971846333e-04 2.748658437691794444e-03
-2.836164633745172359e-02 4.564417708039914326e-03
-3.413484873265168473e-02 2.462192480875573068e-03
-2.787566118900107123e-02 5.690930966842385093e-03
-5.088001387426206723e-02 2.147037565311199492e-02
4.108821715688012466e-01 2.231127273221331919e-01
3.242539258276066483e-01 -7.960692569363043702e-01
6.665725104675738200e-01 -6.755404145827738072e-01
9.326120866829084033e-01 -5.636675191588093048e-01
1.068229228827845656e+00 -4.453089979480052141e-01
1.132048734246385857e+00 -3.539243851897166948e-01
1.161604408741407690e+00 -2.817905299212494774e-01
1.010536213786865645e+00 1.742270972050597722e-01
1.046061566991185687e+00 2.335814881059481707e-01
1.000116475764335489e+00 2.921950895833357320e-01
9.086731002620881403e-01 3.604464732907269320e-01
7.227513340607621961e-01 4.358435222528894704e-01
4.326414093916723380e-01 5.600555060869900625e-01
1.137478654547220275e-01 -5.074228447630150379e-02
-2.266983204507119418e-02 -6.475555660647989466e-03
-2.929517919181494345e-02 -7.327663093990049135e-03
-3.187992530454142326e-02 -8.151581407942331148e-04
-3.501354676758652862e-02 1.786513505820284302e-03
-3.740553206763463229e-02 5.588169325696479804e-03
-4.598745833067508643e-02 1.074602789608771793e-02
-7.234958201595408089e-02 1.118047645377624223e-02
3.879235805475454435e-01 -3.789887272398693302e-02
2.194229657100664199e-01 -5.886725280050226772e-01
7.548155732780346128e-01 -5.304657064984171777e-01
9.567650714560337333e-01 -4.493986145428728873e-01
1.056857149922994399e+00 -3.660350073262918502e-01
1.106728376851225271e+00 -2.968039902169953836e-01
1.000521045366029149e+00 1.764966827778305936e-01
1.002460217940647436e+00 2.316883978502458086e-01
9.434167508746486019e-01 2.814855652066008407e-01
8.316661118205467274e-01 3.345999068959336076e-01
6.107594789001634661e-01 3.831790270381177921e-01
-1.441129726007727152e-01 2.921066894393956059e-01
-2.940332739095517442e-02 -1.030766453411208032e-02
-3.586131217519319264e-02 -1.532818549559249177e-02
-3.479011571367363748e-02 -7.644078171081976174e-03
-3.558735992603309639e-02 -3.333317261543522654e-03
-3.746460415570010416e-02 -5.818604287027000915e-04
-4.045874208618046447e-02 1.345271678157029110e-03
-4.541838492703673125e-02 1.316670814454297444e-03
-4.743578255551297168e-02 -7.004622826358243397e-03
-8.224146799374191727e-03 1.818780610198402620e-02
5.802420016211742304e-01 -3.231337914888237628e-01
6.102473635666278984e-01 -4.722571728751824849e-01
8.695740507401976682e-01 -4.227913405874537123e-01
9.929457512049855161e-01 -3.580813429354316457e-01
1.057499373690032218e+00 -2.974777649447196692e-01
9.866669534123275742e-01 1.733263371217921012e-01
9.677675821650694177e-01 2.197733532237644838e-01
9.031134396304567602e-01 2.590271610238941702e-01
7.852848601843213094e-01 2.960982505063185499e-01
5.323550931980702838e-01 3.185144584141116342e-01
-2.414967612356802296e-01 -4.540423021861158398e-02
-4.841131076029071140e-02 -1.226822610226900936e-02
-4.222201131728784557e-02 -1.060097302195299462e-02
-3.912468257711895075e-02 -6.791829288358207199e-03
-3.836525318394166939e-02 -4.063629004691531044e-03
-3.913341822712727847e-02 -2.457875171286428607e-03
-4.115748872930734270e-02 -1.781012027929856998e-03
-4.381082595151094411e-02 -2.032181740668304124e-03
-4.507615493433558829e-02 -1.797020170066102344e-03
-5.879019456618277822e-02 1.091324212740140548e-02
7.325973409238864531e-02 -2.003030177940524625e-01
5.180276517191746422e-01 -4.120820786035526706e-01
8.140221156686500148e-01 -3.829542292920076196e-01
9.462728228563923594e-01 -3.361617088989410917e-01
1.017568119524753678e+00 -2.868595620536087965e-01
9.811261500224666143e-01 1.728797035543506444e-01
9.430327238159096348e-01 2.016265410378680900e-01
8.795259643616542000e-01 2.307714624942000525e-01
7.676975186150991615e-01 2.546427968699360722e-01
5.136310875942774468e-01 2.608146993021878690e-01
4.405449561827609606e-02 3.074045580313314319e-02
-5.015192576966583105e-02 -8.433116945079602300e-03
-4.499773759529308859e-02 -6.062375043639980574e-03
-4.140919744173968825e-02 -4.644686563240189164e-03
-3.972622883058753163e-02 -3.646894962534929716e-03
-3.960492783811124518e-02 -3.464316764199387201e-03
-4.092221837072594626e-02 -3.982727414741623131e-03
-4.349719773711255288e-02 -4.609252502156165922e-03
-4.643800270002933911e-02 -3.980213537849296157e-03
-4.075732412843674490e-02 -7.797565291625293583e-03
1.766916951471869113e-01 -1.878804826884820645e-01
5.001073693559169309e-01 -3.551792952052467145e-01
7.911483589388222937e-01 -3.404494463769085488e-01
9.178208327837039660e-01 -3.071384430106187113e-01
9.882785822896826833e-01 -2.688142638826315212e-01
9.639422369790545675e-01 1.585630856729145222e-01
9.274115246866022622e-01 1.804872498928719871e-01
8.698282333933784471e-01 2.010901838291368204e-01
7.732677460247371348e-01 2.154289378761626295e-01
5.608181659993524137e-01 2.136627081476095702e-01
1.472839913052996774e-01 6.437442285149776178e-02
-4.653249881311386643e-02 4.258227327806627174e-03
-4.479771644649754858e-02 -1.824178006624321618e-03
-4.204661131550982422e-02 -1.963991152744466381e-03
-3.956985018159069056e-02 -2.324071789683830516e-03
-3.860846449412819181e-02 -3.723296472556738602e-03
-3.936706826165353723e-02 -5.861735533225705640e-03
-4.228191091907493315e-02 -8.511396687288171753e-03
-4.970180971077411969e-02 -9.348284165234560517e-03
-6.186946855603586704e-02 1.279151767324824759e-02
2.007152859314221063e-02 -5.519008158385144691e-01
5.497721418764457413e-01 -3.057497732117939182e-01
7.956839838269197385e-01 -2.992065640122638093e-01
9.048897847628597502e-01 -2.757435412287649323e-01
1.984694737020937572e+00 -2.267453409250195784e-01
1.959843939368040466e+00 1.217747194823561863e-01
1.931669327315291174e+00 1.359728701051000910e-01
1.890057175641325804e+00 1.572657898391161546e-01
7.924392649558122947e-01 1.805585476178781235e-01
6.394146347391133078e-01 1.764465283276503704e-01
-2.183165411767239439e-01 -1.706866211101314493e-02
-2.082446604302553433e-02 1.990206558463640529e-02
-4.553998000657506068e-02 -3.465720904983170259e-03
-4.237017697838868502e-02 2.144660868685602673e-03
-3.760992938077583475e-02 2.282947248724402634e-05
-3.597401569849940223e-02 -3.321299569249738706e-03
-3.585064421910433979e-02 -7.038076557227881773e-03
-3.681451640602004249e-02 -1.257576569280353246e-02
-4.059005048135461841e-02 -2.472361257588343714e-02
-5.267416941994806923e-02 -6.505311682646831850e-02
-1.088244232085751745e-01 4.387182762186006002e-01
6.479917161108972312e-01 -2.661958514406722598e-01
1.844835149014806275e+00 -2.465416458353701101e-01
1.921775483639431847e+00 -2.180977187292138797e-01
1.968624265802118689e+00 -1.988982554849791917e-01
1.949692024338997021e+00 9.962671033067616033e-02
1.927175902619149728e+00 1.123721419934783500e-01
1.894084201380453525e+00 1.185777423653116142e-01
1.843086299616478740e+00 1.289750021070922292e-01
7.177001573787902267e-01 1.455578419861990047e-01
3.920241200630679712e-01 1.446342380677031747e-01
-2.210679303878854141e-01 -3.407439350476505480e-01
-8.052348753686318361e-02 2.457610759884551466e-02
-3.696557416242317318e-02 1.334880605002147780e-02
-3.258382501340307408e-02 2.463960626382038534e-03
-3.204891297301385583e-02 -2.822131748574034649e-03
-3.138595394947711614e-02 -6.642335351420448376e-03
-2.889961503870155934e-02 -1.156942480164212424e-02
-1.902958363621930910e-02 -1.535314266118996754e-02
-2.797744882910292719e-02 -6.325006071540276512e-03
4.489651712461776301e-01 -2.239249972508828290e-01
7.344826812653570958e-01 -2.297456003543063008e-01
1.867554821281860233e+00 -2.028039873875153720e-01
1.923552674735174328e+00 -1.847026949401222307e-01
1.959101342660500400e+00 -1.667634385195713442e-01
1.946011525389639063e+00 8.353672453767413408e-02
1.927143147537065948e+00 8.750505166385234845e-02
1.902943943284193473e+00 8.906685369455297208e-02
1.868169780896046017e+00 9.290451163667327872e-02
1.814965687509135339e+00 9.335816012532308084e-02
6.646372015364688801e-01 1.063416918510552839e-01
2.316620591922733396e-01 1.062265768638320229e-01
1.040267417951660917e-01 4.577395956335800903e-02
-5.411873039674687351e-03 -5.690574592481930163e-03
-2.639783322295750564e-02 1.306103136351865861e-03
-2.761880215845152059e-02 -4.248325243975947796e-03
-2.901509909062083628e-02 -4.048449386211077847e-03
-2.504688277380245215e-02 -1.216265466299858329e-02
-3.364615014573986429e-02 5.925733858116996045e-01
3.397521210157287141e-01 -1.774949521980569156e-01
6.824854499775351302e-01 -1.904124652183114552e-01
1.833758386646590299e+00 -1.678771354397116111e-01
1.891239298133255309e+00 -1.604269836055743914e-01
1.929364580139042218e+00 -1.506195227226522493e-01
1.956626572580106416e+00 -1.445348240619519498e-01
1.945028697291955933e+00 6.647237887856552452e-02
1.930493947351225703e+00 6.765037535228757282e-02
1.913015252281646816e+00 6.680126719921751499e-02
1.889201322910645020e+00 6.733650214927190680e-02
1.856980614350489001e+00 6.515710441491427696e-02
1.810902279934516912e+00 5.917886816130236982e-02
1.707631372332497621e+00 6.284530647570264750e-02
4.883981665402761241e-01 4.783240364671290795e-02
2.613798537685251000e-02 8.438850921879108985e-03
-4.252106651869706766e-02 -3.012908368880576337e-01
2.810174827653458274e-02 -1.486069366971374227e-02
-9.185179448153019816e-03 -1.151797455407906901e-01
-6.963189451585016787e-02 -8.114969461394912209e-02
5.008014672169405213e-01 -1.310294223025595395e-01
1.721244087601546680e+00 -1.441917342416786374e-01
1.825729860690760376e+00 -1.322286982416272516e-01
1.875076232255061592e+00 -1.323633961066388587e-01
1.910385515792022870e+00 -1.293300715542332058e-01
1.936716820996684962e+00 -1.241618469397126057e-01
1.956705186088617321e+00 -1.214333650221442462e-01
1.946265334655846946e+00 5.246499236534376415e-02
1.935143537185882945e+00 5.204289918950157079e-02
1.921042846619955835e+00 5.278070428672376052e-02
1.905896464463066708e+00 4.888636980137246041e-02
1.888850136139653690e+00 4.253953423553759328e-02
1.864900766595710246e+00 3.650871761687667777e-02
1.827327398344177345e+00 3.069317725729409779e-02
1.786006980994351956e+00 1.804053157221801804e-02
1.720249414008686362e+00 4.486037571638937585e-03
6.223452070273967074e-01 -1.612496271868112119e-02
6.001214871897472269e-01 -4.253796167939463690e-02
6.247112806710690691e-01 -6.832012609269041969e-02
1.725081997703383996e+00 -8.467732277122233531e-02
1.794091036594123834e+00 -9.254641593845037983e-02
1.838450219162601984e+00 -1.005949920606305503e-01
1.878620678449867354e+00 -1.009105834502439791e-01
1.905248247540391127e+00 -1.028412876163419809e-01
1.925088922937490787e+00 -1.061074879044347913e-01
1.942742379082281978e+00 -1.069785080185976234e-01
1.958503277911642027e+00 -1.027782450694561672e-01
1.948735239920503570e+00 4.113160864787600984e-02
1.940231351933919157e+00 3.983871151572223462e-02
1.929615829320511899e+00 3.933171112952245363e-02
1.919066199260081484e+00 3.536349345459468413e-02
1.907911257923678994e+00 2.970899477005842920e-02
1.893052188549145143e+00 2.426773440029615994e-02
1.880739039742742813e+00 1.489696193954864051e-02
1.863774215051890781e+00 5.401119683529697485e-03
1.846494131096637847e+00 -6.202802936547704288e-03
1.830950653037620723e+00 -1.981211129600146323e-02
1.828560385844465452e+00 -3.463398778449110205e-02
1.833457236979061156e+00 -4.901213299550589292e-02
1.851511877786623739e+00 -6.027251162998113754e-02
1.871335948988036790e+00 -6.909152475432726870e-02
1.890793128780161592e+00 -7.560861410236924263e-02
1.905749422885509636e+00 -8.276557349037141909e-02
1.922835772550944622e+00 -8.512408767559626055e-02
1.936333899644586465e+00 -8.845042989130000310e-02
1.949017630093578202e+00 -9.005481293995029612e-02
1.961100578000184003e+00 -8.772031766169896549e-02
1.951764723696366222e+00 3.201094520483479394e-02
1.944422361717466741e+00 3.177219000266660182e-02
1.937186643490120375e+00 2.910764143242814891e-02
1.929676969825638189e+00 2.532653462839720010e-02
1.922092217030213268e+00 2.035529367493145447e-02
1.914694725714438217e+00 1.418842891568144679e-02
1.904846893691597876e+00 7.999206314890129621e-03
1.898461292191252703e+00 -5.373730427423221122e-04
1.893592494518929970e+00 -9.818013867914709286e-03
1.886511904545292051e+00 -1.950720109423233900e-02
1.886201477615031985e+00 -2.975487689556647816e-02
1.888846282857292946e+00 -3.975513104771785655e-02
1.898190235625000444e+00 -4.785513159639027264e-02
1.905394127845625896e+00 -5.606999453154493801e-02
1.914113237474508233e+00 -6.324211877601101928e-02
1.926018924820027234e+00 -6.714098414619312782e-02
1.935571228085373630e+00 -7.162390309483512851e-02
1.945182394986066265e+00 -7.479823809456985495e-02
1.954557455638371577e+00 -7.670606879883253015e-02
1.963475710457155632e+00 -7.745106314789051982e-02
1.954950635713932128e+00 2.467457313356912624e-02
1.949173375067377867e+00 2.392634594198718781e-02
1.943744957730147549e+00 2.126896010483967508e-02
1.938284949462628859e+00 1.778170544691738339e-02
1.932958826997170920e+00 1.343649486094090212e-02
1.927966238056365134e+00 8.249667542869066131e-03
1.923538086421706872e+00 2.289750405489705300e-03
1.919928621062219287e+00 -4.321060375433331824e-03
1.917398122871029509e+00 -1.141364885003948171e-02
1.916182194961361995e+00 -1.878616817739193687e-02
1.916449740192762485e+00 -2.622160694008472334e-02
1.918262472618045500e+00 -3.350319631194071529e-02
1.921555550024055981e+00 -4.042454541635591425e-02
1.926150678888529200e+00 -4.679656400935090776e-02
1.931794140680122007e+00 -5.245524508407947012e-02
1.938200954214047478e+00 -5.727163288999186780e-02
1.945089813520284316e+00 -6.116137635610770229e-02
1.952204359475148809e+00 -6.408975238157893495e-02
1.959323894936471300e+00 -6.607010237870493408e-02
1.966267803786659218e+00 -6.715656220796700770e-02
