5.940412353145170243e-01 -2.158458278989139334e+00
-5.561341327760982445e-03 -2.054256585071245755e+00
-2.573286981206590052e-01 -1.910520154676365268e+00
-2.740152625215606097e-01 -1.764850903613806699e+00
-3.090390047841756194e-01 -1.625497217398327088e+00
-3.723527584132314550e-01 -1.488578239760032229e+00
-4.770289240472633252e-01 -1.345353291591452782e+00
-6.447351189602656962e-01 -1.173742263640961792e+00
-8.727340037643043225e-01 -9.143869645291665682e-01
-1.107557569382478624e+00 -5.084655369113240120e-01
-1.203413113449475436e+00 5.777354201654040511e-02
-1.061253451169520190e+00 6.047730910799662407e-01
-8.022824543131589214e-01 9.841164202306670328e-01
-5.755467011650816644e-01 1.215806466775522621e+00
-4.100985839682193546e-01 1.378031532473526832e+00
-3.067460517568393885e-01 1.511399804658051238e+00
-2.487464391634273131e-01 1.642153805195593730e+00
-2.189845157527150199e-01 1.778298619229580879e+00
-2.068010972383211299e-01 1.922020536906057231e+00
9.231313206483957035e-02 2.055683732536154995e+00
8.226418058105235964e-01 -2.129367298733414682e+00
2.977690678672864077e-01 -2.033088755407834292e+00
1.321140085799013542e-02 -1.896028523784972109e+00
1.286311471023862674e-02 -1.753766120127293826e+00
-3.553350779696318185e-03 -1.622305820875130200e+00
-4.918018628133913328e-02 -1.501712771409216440e+00
-1.442998151261508100e-01 -1.385448277561693864e+00
-3.080415564124583394e-01 -1.253950033700839795e+00
-6.026060738289344965e-01 -1.062923922555213396e+00
-9.657849813772758640e-01 -6.500322798206363828e-01
-1.145216831362443788e+00 6.759684577118327264e-02
-8.932517746521786428e-01 7.530175437195414379e-01
-5.102088500165343765e-01 1.111331690482292078e+00
-2.267092893002609633e-01 1.288469597374429787e+00
-6.137731134398846655e-02 1.395965416773016443e+00
2.120685404245239991e-02 1.506622363513578478e+00
5.902628467788301192e-02 1.626617769664625346e+00
6.996922609641409441e-02 1.758014012078018551e+00
6.565547816496900002e-02 1.900315431553592393e+00
3.443563894262318126e-01 2.034432472945374659e+00
1.046000835021379416e+00 -2.093933093689230418e+00
5.489954031742907414e-01 -2.003088690608424205e+00
2.850767896946587721e-01 -1.859460167999190450e+00
3.031969396795947125e-01 -1.712521039467918449e+00
3.098218679425801536e-01 -1.577152607816462604e+00
2.935357536878175910e-01 -1.457152644754873050e+00
2.295941087731604158e-01 -1.360174152964273686e+00
7.340790269622612940e-02 -1.282781505319383397e+00
-2.219742991540091526e-01 -1.155913055534032452e+00
-7.484909396282254379e-01 -8.277952246654964874e-01
-1.103330620125750450e+00 7.592602250120732144e-02
-6.519896377950402666e-01 9.229947613720401733e-01
-1.291584671519042105e-01 1.198060880682373819e+00
1.677382686205051709e-01 1.273348154980061597e+00
3.044515988411652385e-01 1.350543868339554310e+00
3.596511128873997043e-01 1.449221646652209650e+00
3.715178607477072070e-01 1.570256959173143230e+00
3.603889078377550126e-01 1.707263222531405722e+00
3.378832290347562051e-01 1.856022178640123199e+00
5.464684161316948341e-01 1.997338855047722017e+00
1.262755894144205637e+00 -2.053411849002748646e+00
5.138781743311807704e-01 -1.966938318868083568e+00
5.508955869421268137e-01 -1.800123428237560885e+00
5.857762355363566042e-01 -1.640818398075497564e+00
6.117459489079314361e-01 -1.491942728354670900e+00
6.177731833331459033e-01 -1.358583842414620380e+00
5.859681481194065622e-01 -1.247125767566666710e+00
4.848179847142035648e-01 -1.166150033253374296e+00
1.964203767500296294e-01 -1.166128644983169371e+00
-4.748879755917517764e-01 -1.004925761199383816e+00
-1.074184196289430515e+00 7.408460323518588353e-02
-3.338231514889051788e-01 1.053593315323956947e+00
3.177195784073187368e-01 1.152203542746355280e+00
5.506198229214955830e-01 1.144326740804917142e+00
6.497451543084076242e-01 1.217204524447241143e+00
6.791907929041788305e-01 1.331710416545865083e+00
6.703250115460579472e-01 1.470697151407405201e+00
6.407409530394430064e-01 1.624990922372373969e+00
6.022325625385857029e-01 1.788704835881634203e+00
5.618116946004827472e-01 1.958834737242748814e+00
1.471838254383494693e+00 -2.009395316756270145e+00
7.556023361034579500e-01 -1.902514225779121659e+00
8.041392819819337401e-01 -1.719271492267718582e+00
8.531131909041125283e-01 -1.539371480108275625e+00
8.956449562955934862e-01 -1.365644315858665969e+00
9.202504255987354886e-01 -1.203847014688453010e+00
9.104559307383753852e-01 -1.067271818826738494e+00
8.354287330693263014e-01 -9.864223914017296035e-01
5.182242506572473095e-01 -1.032623045498387349e+00
-2.235656810945909068e-01 -1.035984899884389465e+00
-1.051712749305796724e+00 5.709707247395041235e-02
-1.726615050684757735e-01 1.104695500982000311e+00
6.423818717845073412e-01 9.819809972149986521e-01
8.853124015598974328e-01 9.851305153247169599e-01
9.713884071068079606e-01 1.039308724787943339e+00
9.750173586136565707e-01 1.170495783419386093e+00
9.464087576005772995e-01 1.335983521310604827e+00
9.022446214554916688e-01 1.515729116929979803e+00
8.518214069718612613e-01 1.701211884685994047e+00
8.013394223280820849e-01 1.888876475897344642e+00
1.524531184594345667e+00 -1.958919758069078476e+00
9.823294480208490942e-01 -1.825442754110615518e+00
1.037771380550357891e+00 -1.619565713050639788e+00
1.094122651764309673e+00 -1.408632935714854595e+00
1.142220293602897785e+00 -1.194270998592866562e+00
1.167125371126705113e+00 -9.893274713925086505e-01
1.144712945705225859e+00 -8.257859106726992415e-01
1.021631787209744902e+00 -7.406016070203701451e-01
-3.894861906891958769e-01 -9.818726239209949469e-01
-7.615298873219811249e-01 -7.238323152307661879e-01
-1.017352989826440623e+00 7.096300011355849424e-02
-6.610301259982886979e-01 7.935536511314420505e-01
3.743135774288975925e-01 1.031661629837984595e+00
1.040337334789957158e+00 6.862710562986638063e-01
1.164550669183673559e+00 7.148135473850296684e-01
1.210865947224572858e+00 9.254699498321242723e-01
1.187298737823707873e+00 1.158796828823919212e+00
1.137881883723712573e+00 1.381660376310429816e+00
1.081311052987125931e+00 1.597440087633623884e+00
1.025234550260098132e+00 1.807583478841895630e+00
1.576725928217934003e+00 -1.906331719199235941e+00
1.189961449727082510e+00 -1.740910484723279916e+00
1.244918847576316878e+00 -1.508029984320091499e+00
1.296709767573345440e+00 -1.257636226073763686e+00
1.328040782313800738e+00 -9.805624164290844824e-01
1.268396091055000729e+00 -6.499863833933436918e-01
9.338207386389192344e-01 -6.224422429427420855e-01
-4.042158188668554253e-01 -8.921967762366694865e-01
-8.148264147000116031e-01 -4.135942071012835841e-01
-8.265176280977216683e-01 -2.038375847161010834e-01
-8.323528337048372583e-01 1.908068898166296939e-03
-8.256618535213312571e-01 2.054546249723536999e-01
-8.167833046595484037e-01 4.260685579412313850e-01
-4.160355414210297753e-01 9.160338592561504401e-01
1.166124669904450295e+00 4.811459747546869559e-01
1.308158750631485123e+00 6.545912789561858514e-01
1.356149062532706839e+00 9.414154946046449091e-01
1.335277654735151920e+00 1.226158665218531230e+00
1.285180795077649263e+00 1.482512332916424258e+00
1.230220783034645660e+00 1.719713292532836668e+00
1.669838752243824720e+00 -1.856628849755175059e+00
1.376577240533761737e+00 -1.656245451374538824e+00
1.422335169133862598e+00 -1.395892569550037710e+00
1.453383127223520699e+00 -1.104111546331620453e+00
1.421332958939025559e+00 -7.636934992369975861e-01
1.273538746067406358e+00 -4.518721459802913509e-01
-1.636029384051722047e-01 -9.820192327261135778e-01
-6.144391534117338294e-01 -6.172036276847229219e-01
-6.277825818326103757e-01 -4.036814875973763206e-01
-6.315963499330954356e-01 -2.005894446073112347e-01
-6.329184683251167787e-01 1.184299991560231261e-03
-6.324327052174464336e-01 2.033905191880049090e-01
-6.313771722034060563e-01 4.077352172664473473e-01
-6.225033508984709751e-01 6.139938305374060823e-01
-1.587200220723226224e-02 1.027487079235213319e+00
1.203710054534700591e+00 3.672020207244329759e-01
1.458757052240108765e+00 7.399102720961383550e-01
1.485803078730637994e+00 1.070341368294958961e+00
1.459174724291019354e+00 1.366686321367192924e+00
1.414353717476112493e+00 1.631942077509571210e+00
1.716219346545185820e+00 -1.810187167946489595e+00
1.543396677968067454e+00 -1.579485935136121455e+00
1.572323034161618560e+00 -1.295892306798437366e+00
1.569603764828396253e+00 -9.717913889100222580e-01
1.474703815058961975e+00 -6.043409368369752066e-01
9.953257316463411941e-01 -5.969810742868076892e-01
-3.908038246763119172e-01 -8.207592590278216527e-01
-4.275373543357433026e-01 -6.068143338120209895e-01
-4.315927642101769490e-01 -4.028130837345653137e-01
-4.334027033460994272e-01 -2.007563333899467228e-01
-4.343173492833855009e-01 6.002810606765608160e-04
-4.347187850741627280e-01 2.020124027417986856e-01
-4.343771475791926018e-01 4.038964174633572490e-01
-4.288551173327729282e-01 6.075051639719555308e-01
-3.882303613924884544e-01 8.371756086267064800e-01
6.970579453216214638e-01 8.717545427718361717e-01
1.494973952345633794e+00 5.545463350901833621e-01
1.601426672161588849e+00 9.378664999982563311e-01
1.606046464932449735e+00 1.264199797628566602e+00
1.578642004151591172e+00 1.552449426070657168e+00
1.799238844584908126e+00 -1.771552147452409631e+00
1.694693817378791767e+00 -1.517670791522420126e+00
1.703020769194010464e+00 -1.219369576152188106e+00
1.666763689173872631e+00 -8.785573305465730343e-01
1.513804624080861361e+00 -4.822290228780982679e-01
2.461626989299706969e-01 -9.730092012161359882e-01
-2.144321266056701258e-01 -8.067766079596105921e-01
-2.308153090343632030e-01 -6.039803286612484001e-01
-2.336457433829380037e-01 -4.022000210285430200e-01
-2.347025400533283290e-01 -2.009386235346879990e-01
-2.353447933994151642e-01 -4.517139820435281112e-05
-2.359338969838397637e-01 2.007123932915316211e-01
-2.364362269351876489e-01 4.018420500212239732e-01
-2.356440617247316516e-01 6.050701874235546729e-01
-2.246344560081469377e-01 8.142838494544973882e-01
3.519555898311493292e-01 8.970694252444609829e-01
1.502238480138865961e+00 4.257656978961887884e-01
1.695046591637085820e+00 8.368432133154418695e-01
1.734383316720694790e+00 1.185021326578391099e+00
1.727469635187982799e+00 1.488377262047663629e+00
1.827940243984187640e+00 -1.749300123104178928e+00
1.836728829554643339e+00 -1.475208247200393341e+00
1.825295931576964348e+00 -1.172065244707895193e+00
1.762446690125030191e+00 -8.278110019572200162e-01
1.559569456031060675e+00 -4.230817066892268996e-01
4.190512715603601501e-01 -8.883458730187693275e-01
-2.193554217577844967e-02 -8.064296812583130469e-01
-3.274730070300573004e-02 -6.026560698054527210e-01
-3.480818888138068751e-02 -4.016154571738819179e-01
-3.550096245887188195e-02 -2.008983794527731681e-01
-3.581411717761745495e-02 -5.244515699775096317e-04
-3.619114713592316152e-02 1.993629226585747483e-01
-3.716315258388022680e-02 3.988627581383564213e-01
-3.893070365410396944e-02 5.988798642623389679e-01
-3.387706834562149993e-02 8.022207891050594508e-01
4.019150846285609036e-01 8.948991229292169169e-01
1.540016548953414111e+00 3.657143486299505586e-01
1.783716007263527414e+00 7.796626632069296736e-01
1.853730409499626974e+00 1.134818048045557637e+00
1.866983830516051990e+00 1.444094003030796047e+00
1.980514221827274657e+00 -1.726575652563802965e+00
1.976025423261648095e+00 -1.453158849493290328e+00
1.948640105693647984e+00 -1.154138259714772463e+00
1.869770712031745941e+00 -8.196149578129904301e-01
1.651615819799425511e+00 -4.287979916056187113e-01
6.697536346354493464e-01 -8.048423090089716903e-01
1.777220472038005261e-01 -7.945671561927991622e-01
1.672867637780636463e-01 -6.005465932548250674e-01
1.646489481707851810e-01 -4.009048972639097097e-01
1.640752267477841586e-01 -2.005285493698223953e-01
1.643193658640514365e-01 -4.884287798463662553e-04
1.648840203636014468e-01 1.985305854092296596e-01
1.650966947415178632e-01 3.957043278902939720e-01
1.638809298774891454e-01 5.901550364997802944e-01
1.656857394948214879e-01 7.812819832530867314e-01
1.099630743940861244e+00 4.171052660497100439e-01
1.632645253110633465e+00 3.658902849111466682e-01
1.886100450488186420e+00 7.704029292983206600e-01
1.973745441948790758e+00 1.115487944203630066e+00
2.054413327353088903e+00 1.421965422130908818e+00
2.233978865313740236e+00 -1.719772787282023652e+00
2.219215825108122875e+00 -1.452169824201179571e+00
2.130774569417932085e+00 -1.162288658080736781e+00
1.995196493131039750e+00 -8.461318955397316710e-01
1.794255324872821911e+00 -4.859710714310516155e-01
9.874895334861486518e-01 -5.294730426417484370e-01
4.138281952525687535e-01 -7.988141331547626844e-01
3.683500145991260855e-01 -6.010637957580067248e-01
3.643398779413276611e-01 -3.999536478900193037e-01
3.637535631297771355e-01 -1.997258591350558055e-01
3.646543842319091011e-01 5.257278152224497975e-04
3.671239061481301191e-01 1.993890495727091983e-01
3.709726865094878367e-01 3.949177604279198728e-01
3.773783024679117637e-01 5.836415294233749940e-01
3.913728747594542590e-01 7.488520061614918344e-01
8.840809665018808383e-01 5.871831607757380667e-01
1.793956796616977156e+00 4.377694305494400639e-01
2.061337772310004812e+00 8.009850342431469317e-01
2.204019954958863270e+00 1.126300965985607361e+00
2.244221798300814363e+00 1.419954788467843620e+00
2.489988992435107296e+00 -1.726542708189559461e+00
2.418199680112074645e+00 -1.465602206119945627e+00
2.375304715650498277e+00 -1.192721715790978632e+00
2.242630795760493179e+00 -8.988185954301955993e-01
1.976917186119132586e+00 -5.807952668199918289e-01
1.531506775368080442e+00 -2.335365373400150879e-01
7.467379043576485298e-01 -6.780167383418790328e-01
5.644202438459035021e-01 -5.840019624168771850e-01
5.664378602063316892e-01 -3.977259723944830405e-01
5.629260968642604279e-01 -1.987168679955567119e-01
5.642781617351326773e-01 2.804047384794432045e-03
5.693467116661216076e-01 2.029807009328679357e-01
5.790574669924956064e-01 3.984629736611117190e-01
5.936017803600156517e-01 5.863367992103956094e-01
7.787873863996568335e-01 6.181087278111460082e-01
1.587218676096892489e+00 1.984136011452359294e-01
1.986581122589749837e+00 5.389218186776196795e-01
2.257979383564900910e+00 8.578907501075943021e-01
2.395378170253132044e+00 1.156921679781968582e+00
2.490702552345582799e+00 1.437394226671097952e+00
2.701646291093423358e+00 -1.739944845558767605e+00
2.675690548280213577e+00 -1.492508169533583562e+00
2.632289529045953813e+00 -1.236377429494976310e+00
2.508484947176079949e+00 -9.665595492564966751e-01
2.332168711045786047e+00 -6.882157758682773130e-01
1.943771638697536108e+00 -4.041356432073766047e-01
1.405524797333997045e+00 -1.551863409441425756e-01
8.872575975152650063e-01 -4.482183626248988362e-01
7.790441853842718922e-01 -3.999064327656587370e-01
7.582828242991147549e-01 -1.944101352841828834e-01
7.631423437785126440e-01 4.676688815176464550e-03
7.706691309568998172e-01 2.097999776175844544e-01
7.873707708276554973e-01 4.036593358309427115e-01
8.584428205080970598e-01 5.849317180683480943e-01
1.494936869316957351e+00 1.044038702336775037e-01
1.965290247383135958e+00 3.675800693327687663e-01
2.345238562507219182e+00 6.496665694141497971e-01
2.524128654984875819e+00 9.297657710989297719e-01
2.650834758687864223e+00 1.203054074401705753e+00
2.696059494860389094e+00 1.462550328872342931e+00
2.969529257443757064e+00 -1.763550613510092901e+00
2.942667345737605356e+00 -1.527331439746291153e+00
2.902091252294706880e+00 -1.286918851714591971e+00
2.788916399736676155e+00 -1.037678671491565785e+00
2.642101309294930367e+00 -7.882354175326933277e-01
2.447056534828549790e+00 -5.479801008556152153e-01
2.070579962099775351e+00 -3.284603142562500522e-01
1.684598219645516259e+00 -1.610728134805779477e-01
1.250299523532647505e+00 -7.680663864747587499e-02
1.020332396542423137e+00 -2.490686798550810210e-01
9.849943915437734399e-01 -6.051379165079365935e-03
9.740406358902196082e-01 7.576687913013463449e-02
1.128900670800903283e+00 3.230362689923313435e-02
1.699928495030438302e+00 1.059336536771174619e-01
2.089521400509137816e+00 2.863213940757630138e-01
2.461200800862015647e+00 5.100114769639902956e-01
2.655827439060272521e+00 7.520644499216138090e-01
2.804113090924464480e+00 1.003925510002365185e+00
2.918911089786523583e+00 1.255958130586942723e+00
2.960865041038133860e+00 1.498943463536532628e+00
3.244212037505347368e+00 -1.789380295716607616e+00
3.218221368877321797e+00 -1.563031076873569347e+00
3.130990745073867654e+00 -1.330800582916703556e+00
3.079779645206110583e+00 -1.103513802203907934e+00
3.010578758837017421e+00 -8.806805470526872792e-01
2.863679850856807096e+00 -6.626799728137167111e-01
2.631012464989324062e+00 -4.604611287799015851e-01
2.432855924609565346e+00 -2.964025909234314082e-01
2.174728514795596812e+00 -1.716673129296555911e-01
1.948449158064086584e+00 -8.629956527864161842e-02
1.900206169372679277e+00 -2.531540025360603727e-02
1.951027954107063644e+00 3.673098876877863711e-02
2.179468688708330770e+00 1.238005159021835361e-01
2.442407674906944770e+00 2.528651383697205768e-01
2.642450768591320553e+00 4.211037366487228595e-01
2.875567167210050457e+00 6.269606840740158393e-01
3.023250227703508930e+00 8.475073202314374887e-01
3.093761254725833965e+00 1.072298945590013153e+00
3.146301549815557763e+00 1.301634329921619981e+00
3.234298672520234064e+00 1.536192575525509918e+00
3.524970536924926012e+00 -1.816509815315881182e+00
3.501146136141279452e+00 -1.598469808362419808e+00
3.418921404561110489e+00 -1.375613245488680247e+00
3.377410084509659072e+00 -1.160243843542529074e+00
3.325235339971533310e+00 -9.504672211924474201e-01
3.207085230552324084e+00 -7.449662048119638502e-01
3.133012933982430415e+00 -5.600244782641263797e-01
2.997480564453462559e+00 -3.915199325793516372e-01
2.866295911261817153e+00 -2.478526527294214743e-01
2.754346424329072285e+00 -1.271227657271424283e-01
2.735603462778283479e+00 -2.099553721803384260e-02
2.756861275129198763e+00 8.556448002840474909e-02
2.871288387151630150e+00 2.079257259941013347e-01
3.004749575508006476e+00 3.540035638013280805e-01
3.141877836183816886e+00 5.251987895041968502e-01
3.217310340068598951e+00 7.121177411992460904e-01
3.336567630845108212e+00 9.196882057725430659e-01
3.389946684577571201e+00 1.131154218342370399e+00
3.432577813236789677e+00 1.348221862977912355e+00
3.515424531598040137e+00 1.572979125444154525e+00
3.811223657291253897e+00 -1.842658782173155263e+00
3.740248498855986536e+00 -1.626685906077681931e+00
3.713297795153698289e+00 -1.416219151094239681e+00
3.680388939338972598e+00 -1.208976707389600280e+00
3.641364692863468200e+00 -1.007067819104028317e+00
3.596967608003291961e+00 -8.130963651649323332e-01
3.493045357797115447e+00 -6.248017778454374449e-01
3.444630091418072748e+00 -4.551272949506503518e-01
3.403015256726142912e+00 -2.992504136435501505e-01
3.314368025298926934e+00 -1.536866319684041526e-01
3.304638579120334541e+00 -1.781164865617335114e-02
3.316451954030393168e+00 1.183127943912682944e-01
3.406959343692225861e+00 2.652501035470938850e-01
3.450410187084654190e+00 4.221867653896467232e-01
3.500447339571571170e+00 5.931646115099680205e-01
3.605636860789099174e+00 7.831789572896687979e-01
3.651277315464991347e+00 9.785184769421408912e-01
3.691430755521433404e+00 1.181802084310075829e+00
3.725352960447283923e+00 1.390433941410658125e+00
3.753181838968241202e+00 1.602299301429966905e+00
4.101949434202154521e+00 -1.865437032829111885e+00
4.034004835546582513e+00 -1.655839977469214075e+00
4.011865178241967200e+00 -1.450669953978576565e+00
3.986074740874459899e+00 -1.248652576316165552e+00
3.956941006841242281e+00 -1.051181481887619507e+00
3.925387427565603993e+00 -8.597901943926876678e-01
3.893158974820302376e+00 -6.758922399938382952e-01
3.862889893314856771e+00 -5.003607266074511228e-01
3.837877007228558845e+00 -3.330320420148418226e-01
3.821476867985143855e+00 -1.723412428999581414e-01
3.816241420337573409e+00 -1.533486156299867717e-02
3.823120808285222161e+00 1.418154248839622877e-01
3.841131022750440938e+00 3.029286507037267095e-01
3.867678705451264243e+00 4.709270306320883503e-01
3.899367840679504482e+00 6.473188511068928008e-01
3.932884788934702058e+00 8.322012409039278857e-01
3.965601079440047805e+00 1.024650378367481851e+00
3.995781540963036615e+00 1.223225411248616723e+00
4.022504719219383240e+00 1.426378316167413951e+00
4.045459430451881389e+00 1.632702597440185865e+00
