7.592534965438998418e-01 -2.150468362909741860e+00
1.644126936918513249e-01 -2.056796402636256182e+00
-1.337526009223306001e-01 -1.918838028108583504e+00
-1.466811034890877496e-01 -1.775623294421368126e+00
-1.778785009947051465e-01 -1.640112537543783944e+00
-2.380605775137438485e-01 -1.509411223797582080e+00
-3.419928922567825880e-01 -1.376345960071513552e+00
-5.173451788027891851e-01 -1.221392456854184516e+00
-7.757490698454218014e-01 -9.769179109961465546e-01
-1.059814409058079887e+00 -5.571760199199100594e-01
-1.180569916031033673e+00 7.646284745131534666e-02
-9.924395737631559467e-01 6.791859652126397418e-01
-6.766647007331589858e-01 1.055583615555755861e+00
-4.258972958368982820e-01 1.266302266821993205e+00
-2.545166236462087506e-01 1.408379477409241076e+00
-1.542657276482739814e-01 1.530178656727464448e+00
-1.015449778123071467e-01 1.654860003184967399e+00
-7.720103988915133497e-02 1.787652536898238331e+00
-7.002467236946854912e-02 1.929383373042534267e+00
2.740495834467578939e-01 2.054715462889916466e+00
9.854031539547672969e-01 -2.118378264716470838e+00
4.677103145816522978e-01 -2.029077112218819146e+00
1.390927093506295620e-01 -1.896924030873955003e+00
1.433757669160293513e-01 -1.754703899692463764e+00
1.323017327367138618e-01 -1.623990687380982845e+00
9.253431402854944698e-02 -1.506261600890177688e+00
2.312208874387849944e-03 -1.397756670776996835e+00
-1.602598670721220031e-01 -1.280025804753022411e+00
-4.696732093069603264e-01 -1.119664836025510812e+00
-9.018399812684967376e-01 -7.189728713118986869e-01
-1.129570075397346995e+00 8.948463074628158764e-02
-7.952552102553456237e-01 8.420401693681059951e-01
-3.503620383422331175e-01 1.170460615344182997e+00
-5.508093265048602527e-02 1.307189837428553547e+00
1.033296072560722367e-01 1.399045190317564913e+00
1.784955641514922309e-01 1.504606743129694557e+00
2.093629507696592174e-01 1.623311744256255684e+00
2.140609564389446273e-01 1.755104705788517405e+00
2.042531182644696519e-01 1.898296752077536231e+00
5.251579155303066626e-01 2.026839239202566034e+00
1.205796292877368003e+00 -2.080815953678490260e+00
6.678451657932864549e-01 -1.992087403552222691e+00
4.106181570279414661e-01 -1.852231810126185207e+00
4.328779225031204048e-01 -1.702559515872606122e+00
4.441538307308917632e-01 -1.564014834902571316e+00
4.332287358805994582e-01 -1.441023438893296982e+00
3.764134342212112072e-01 -1.343239527800101030e+00
2.329159071926535929e-01 -1.276013060538995436e+00
-6.829671240248044728e-02 -1.179545484759842555e+00
-6.546180851612106721e-01 -9.006426319549316606e-01
-1.093672487114861758e+00 1.008377934905423656e-01
-5.167099332118861854e-01 9.973087607088310103e-01
5.274956607091549343e-02 1.204052682311546940e+00
3.405221292333677208e-01 1.257832532893376820e+00
4.667467073413635870e-01 1.324084361765289763e+00
5.131651763425292279e-01 1.424414344034755198e+00
5.188060392444718838e-01 1.549889377826020098e+00
5.024857316674703478e-01 1.691472175094752561e+00
4.753275495628052627e-01 1.844182356426056435e+00
6.765517521319177607e-01 1.982649613410994993e+00
1.419397843983505769e+00 -2.039086153600785600e+00
6.338870012275165111e-01 -1.955998643256910752e+00
6.734787096890156866e-01 -1.785343273032643285e+00
7.108673105166228856e-01 -1.621181843938527489e+00
7.393010208834719377e-01 -1.466670968390816565e+00
7.482659214856310914e-01 -1.327698994897883678e+00
7.207965778078513353e-01 -1.212649457307849232e+00
6.228019799791892908e-01 -1.131913303339436405e+00
3.497742649978905494e-01 -1.134434720219402726e+00
-3.369587033885034222e-01 -1.059555457334548478e+00
-1.069556134886644028e+00 9.603092228554052645e-02
-1.629868885540348145e-01 1.096927641995855573e+00
4.913547481409873408e-01 1.098963842507103328e+00
6.966530850577439260e-01 1.092744963173417849e+00
7.921199086795913669e-01 1.169042216422977676e+00
8.188586406824895914e-01 1.289579855840811362e+00
8.081989853856290651e-01 1.436119472764370020e+00
7.766362548836198698e-01 1.597824515034123483e+00
7.356465510556435827e-01 1.767884818375312861e+00
6.924175799598508707e-01 1.943057150888501283e+00
1.575139377242413818e+00 -1.993563736780761486e+00
8.722518823667901877e-01 -1.886620569976881878e+00
9.217775347711163469e-01 -1.698288953677401958e+00
9.709982474501288596e-01 -1.511915165352736512e+00
1.012831791848325391e+00 -1.330076248607916956e+00
1.035650792534134279e+00 -1.158119271982078091e+00
1.023367778199640865e+00 -1.009965795575035852e+00
9.481975095935613052e-01 -9.184498950419547336e-01
6.396212635817557501e-01 -1.006126771298355704e+00
-1.096959098397273791e-01 -1.050794548782434168e+00
-1.050736404613672237e+00 7.272677656805995317e-02
4.598813332036516544e-03 1.116406826242524852e+00
7.837850300434793249e-01 9.300590308468341671e-01
1.017153826563640395e+00 9.171938574524416410e-01
1.095417883748251997e+00 9.738608281958429647e-01
1.099050088496083655e+00 1.115793787435786832e+00
1.072223391540644721e+00 1.291449306164790034e+00
1.029366782579528961e+00 1.480113826221857165e+00
9.791130252952270352e-01 1.673257099625915956e+00
9.277294010108806388e-01 1.867193203057758710e+00
1.626868235723292200e+00 -1.942623527190163069e+00
1.094604469002453229e+00 -1.805844947919930332e+00
1.149080133219529287e+00 -1.594124648346958661e+00
1.202528105629625088e+00 -1.375745151570135105e+00
1.244519875470955661e+00 -1.152289007654928810e+00
1.259256594181977773e+00 -9.370752952798968582e-01
1.223118279183559753e+00 -7.611174593592394677e-01
1.078336424717484032e+00 -6.534030339463295922e-01
-2.886309371978493798e-01 -1.019959447748285397e+00
-6.956217397732287200e-01 -7.720875883171938181e-01
-1.018983637020357991e+00 8.155766654874918586e-02
-6.071531833901426811e-01 8.378376697018827812e-01
4.685162003622777571e-01 9.748096992325006038e-01
1.089783815573549308e+00 5.873727273947975114e-01
1.232207987133992599e+00 6.282661221555994047e-01
1.307715601464121358e+00 8.575919470953133894e-01
1.297722628466545514e+00 1.106332631730958527e+00
1.254725996086349049e+00 1.340101523059544109e+00
1.201335138996211915e+00 1.564438899958925377e+00
1.146426302526581509e+00 1.781509166544246181e+00
1.678035233820136973e+00 -1.889619665689721506e+00
1.297383663717477154e+00 -1.719064971568550426e+00
1.349289850846856265e+00 -1.480253570136857322e+00
1.394701783691750352e+00 -1.222656016726553219e+00
1.413449582908637536e+00 -9.374240576872197028e-01
1.326653895632641245e+00 -5.981827140598742210e-01
9.046423268072504298e-01 -6.489319041436127922e-01
-3.867141002836604891e-01 -8.962741519622760000e-01
-8.151828392905084986e-01 -4.148289832994103699e-01
-8.292796959771637777e-01 -2.039308281762421127e-01
-8.354605740503806555e-01 1.835907694004554249e-03
-8.280830116889763559e-01 2.059255428745411232e-01
-8.208816152439911695e-01 4.297276488911555004e-01
-3.710149003853852046e-01 9.358014490093907733e-01
1.192184213603934007e+00 4.085603311481748601e-01
1.371156819622833867e+00 5.884807329414050159e-01
1.447341375463460533e+00 8.853118684611571698e-01
1.440724472855283489e+00 1.181325655926374285e+00
1.397478954883417668e+00 1.446537959395743034e+00
1.345823510324287042e+00 1.690840152545448616e+00
1.769572684091733406e+00 -1.839961752398251216e+00
1.479256685265802673e+00 -1.633619183669316133e+00
1.520177501942294063e+00 -1.367885753622888556e+00
1.541908451369192745e+00 -1.070066155990389012e+00
1.491228514188627674e+00 -7.233502907695692485e-01
1.311311217223998904e+00 -4.017110751970016658e-01
-1.402634358814329463e-01 -9.904688903012139889e-01
-6.171539659604805550e-01 -6.178961995922697126e-01
-6.309748967390612640e-01 -4.046536753262547914e-01
-6.348571092433406005e-01 -2.008675001550035144e-01
-6.362722250682016911e-01 1.207123643187520438e-03
-6.357515193584443169e-01 2.037958911999921408e-01
-6.348833275504709439e-01 4.086551109508961277e-01
-6.261681194601040890e-01 6.166320950604246010e-01
2.843484339393180516e-02 1.024255406022787085e+00
1.224693807998983086e+00 3.129840533139084391e-01
1.532831694362359221e+00 6.877112711919453059e-01
1.580420160105163507e+00 1.025570412135084597e+00
1.564086134796720540e+00 1.329844677019911270e+00
1.524515083364818668e+00 1.601814302722673444e+00
1.814984822887990124e+00 -1.793361226973598122e+00
1.641950366947287243e+00 -1.557325784353620346e+00
1.664869995824101112e+00 -1.269279000538928504e+00
1.651034775424060630e+00 -9.406727038472094682e-01
1.534202666490695588e+00 -5.695792310890566146e-01
9.705920844562208050e-01 -5.879217012212378801e-01
-3.921325193280459920e-01 -8.226272528229490177e-01
-4.307580579585917335e-01 -6.078311387982369141e-01
-4.352011368429684057e-01 -4.033481873259017747e-01
-4.370050638174496349e-01 -2.009925368187480132e-01
-4.379160529624699372e-01 6.025403371241947045e-04
-4.383438395616091610e-01 2.022112609701898212e-01
-4.380833546462388761e-01 4.041883943859760908e-01
-4.323013052137228418e-01 6.073111277736725766e-01
-3.840902969239228248e-01 8.387232188919733211e-01
7.509921759931852403e-01 8.521696893974266551e-01
1.555267085447238129e+00 5.084573364590179168e-01
1.687754238851215005e+00 8.959797948804143486e-01
1.704794123293411401e+00 1.228376119979858849e+00
1.683994640371952567e+00 1.522439864193072312e+00
1.896706800524763370e+00 -1.755112147112977583e+00
1.790037874387646388e+00 -1.496868500788909317e+00
1.791912614764908929e+00 -1.195147888482571696e+00
1.744088365339985902e+00 -8.513568264263290386e-01
1.566299913846076919e+00 -4.539573927597164715e-01
2.300890154447241542e-01 -9.729711418531656886e-01
-2.177803233079426137e-01 -8.079321291450192177e-01
-2.347278041465944709e-01 -6.046895297618298803e-01
-2.375485931375661830e-01 -4.025599878648745134e-01
-2.385273494795274452e-01 -2.010778103304088626e-01
-2.391083432047208523e-01 -3.364402050352433926e-05
-2.396719546128807943e-01 2.008242704515762200e-01
-2.401109670413566211e-01 4.020055829693714999e-01
-2.388882911537762166e-01 6.053376247600262827e-01
-2.269678717488302355e-01 8.163395568225091381e-01
3.573243938735761183e-01 8.848852220214666886e-01
1.553860323802057630e+00 3.856698886657321523e-01
1.776209139664113534e+00 7.989769700304327760e-01
1.828708301547785631e+00 1.151488176760596005e+00
1.828973921517023760e+00 1.459542825550841139e+00
1.924883623743728123e+00 -1.732934649657561277e+00
1.929847909929272243e+00 -1.456290142307311797e+00
1.912151280147166066e+00 -1.150677691255333368e+00
1.838413914526930482e+00 -8.046476864363163450e-01
1.610779512629783694e+00 -4.002814646380147834e-01
4.261263131506919932e-01 -8.825920179765678331e-01
-2.567447598269670742e-02 -8.070869167691602231e-01
-3.698262047621950210e-02 -6.029890624154051748e-01
-3.893213146598295538e-02 -4.017392202546095636e-01
-3.946255895410885617e-02 -2.008866438858277759e-01
-3.965656399241688362e-02 -4.553137962183388698e-04
-3.998128790914768499e-02 1.994516340782813979e-01
-4.092235504306890315e-02 3.990059631518224625e-01
-4.246869042620352031e-02 5.992329736742040280e-01
-3.574464090105269193e-02 8.023700823884386546e-01
4.197709863362631411e-01 8.807507393595346290e-01
1.590295909219227921e+00 3.310397195150892036e-01
1.862881631215056455e+00 7.459688859625940305e-01
1.945419881081545288e+00 1.104195011977141316e+00
1.965701930367812933e+00 1.417113960161473507e+00
2.126485963038280858e+00 -1.712449736590874849e+00
2.118592450827317730e+00 -1.437095672749993502e+00
2.085855826270299751e+00 -1.136301948190349576e+00
1.946557392748421211e+00 -8.001648143490086573e-01
1.707823448009756939e+00 -4.102499983666355599e-01
6.793906301862345787e-01 -8.017334721633645467e-01
1.738906660965240381e-01 -7.942993179457968900e-01
1.628948619046720336e-01 -6.005222761516514351e-01
1.603729626894477844e-01 -4.007175666142965831e-01
1.600764996351448644e-01 -2.002854443953592800e-01
1.605118522569868589e-01 -3.203659877549770133e-04
1.611344406621712244e-01 1.985798837889249380e-01
1.612642345832846213e-01 3.956650151858494002e-01
1.597991295360742248e-01 5.903206708245575252e-01
1.621934627247265115e-01 7.833391170655263913e-01
1.096166291150284966e+00 3.681446626528704358e-01
1.688197185672117628e+00 3.358004881265779229e-01
1.965903493201745400e+00 7.407027681974378552e-01
2.115386117723955017e+00 1.088693141407819143e+00
2.201671347657395028e+00 1.398851062934111766e+00
2.378449334657065428e+00 -1.708116610227914389e+00
2.360788316376143392e+00 -1.439467091505423735e+00
2.268087342505363146e+00 -1.147999331072682816e+00
2.125303915817978062e+00 -8.303665624074118012e-01
1.858364974708832218e+00 -4.706770014398081736e-01
9.526066849100162104e-01 -5.372809579471573560e-01
4.121626924749427490e-01 -7.965888702527733622e-01
3.636444186889691843e-01 -6.010861741499877731e-01
3.598945176914468136e-01 -3.992211699812662218e-01
3.598901053644124048e-01 -1.991226905587774043e-01
3.610518115342987167e-01 8.259582665029158817e-04
3.636028181103677648e-01 1.993806087070907618e-01
3.674119697916619076e-01 3.945188681067946512e-01
3.735454547504972744e-01 5.824127289973801691e-01
3.863744604064457411e-01 7.446198708197550031e-01
8.651248297512188490e-01 6.156162219677563385e-01
1.859409019527741069e+00 4.113411404140936978e-01
2.194939984533576638e+00 7.768607622394415602e-01
2.345306964817944984e+00 1.104479799822414732e+00
2.390235463488612488e+00 1.399706022745353717e+00
2.633777772455994093e+00 -1.717152004610877691e+00
2.559658527158032104e+00 -1.455215152439764070e+00
2.513516749381241588e+00 -1.182062139566639303e+00
2.375852337080698984e+00 -8.876192835573520901e-01
2.100191161805784024e+00 -5.684369637639562489e-01
1.571474163783396216e+00 -2.218041212231994797e-01
7.206464263424857686e-01 -6.919685236536290418e-01
5.556256415221135780e-01 -5.811659014785314215e-01
5.624266083729971832e-01 -3.955699701575248750e-01
5.595911873492898092e-01 -1.976944403690141239e-01
5.610814508334227568e-01 3.199423815822069472e-03
5.662231686891268101e-01 2.029536647328073762e-01
5.761122946894896568e-01 3.979439720957186344e-01
5.915102302159268577e-01 5.854708765507293800e-01
7.770438956712762968e-01 6.189218702782091075e-01
1.633129045300668825e+00 1.761022493687160184e-01
2.112062253305542647e+00 5.162934164505599277e-01
2.394189962985986408e+00 8.378001269021853048e-01
2.537148161673643099e+00 1.138321026426979410e+00
2.636080311412317467e+00 1.420365644421081708e+00
2.845273544422682210e+00 -1.732156176415302617e+00
2.817444413547559812e+00 -1.484516877586450567e+00
2.771691766548329383e+00 -1.228451760857375730e+00
2.644506746782665729e+00 -9.585495356746202011e-01
2.463093574515194728e+00 -6.805370131394505862e-01
2.062223020067945889e+00 -3.955214845859379436e-01
1.429339651221102736e+00 -1.472147547647860710e-01
8.915000089355261670e-01 -4.393511694161565395e-01
7.781107900806417677e-01 -3.983300150648713123e-01
7.558749745961670374e-01 -1.933729967131520844e-01
7.605201980732271272e-01 4.876884517715241070e-03
7.678350330823556780e-01 2.098318075561807772e-01
7.850968854305692135e-01 4.019471485706423985e-01
8.451889509851659987e-01 6.089345214072068302e-01
1.530078643871479960e+00 8.642085855677386630e-02
2.085864379049143569e+00 3.485969090290088057e-01
2.478448700097218182e+00 6.329803577528793079e-01
2.662942590175923385e+00 9.136323851684733377e-01
2.793420064769554401e+00 1.187740315220664034e+00
2.841356451181408005e+00 1.447724504728289174e+00
3.113250150821000428e+00 -1.757434268898336649e+00
3.084959302713248697e+00 -1.521230783448279000e+00
3.042694031785909470e+00 -1.281046046436636443e+00
2.927210400933671242e+00 -1.031936526112569696e+00
2.777310460421908100e+00 -7.829201517337339711e-01
2.577888723037736973e+00 -5.434937053562166609e-01
2.191466140445561539e+00 -3.241257944620825615e-01
1.734512742369413774e+00 -1.581218155241247425e-01
1.252344396541864358e+00 -7.837412036640187263e-02
1.014387797472785735e+00 -2.802723721289493986e-01
9.877850706835583638e-01 -7.126879801052343408e-03
9.740481651390590079e-01 6.809403085860089855e-02
1.122746499378756813e+00 2.284382493098048236e-02
1.751218403889404307e+00 9.225921993403832233e-02
2.211977247676309322e+00 2.719899058648936885e-01
2.593817492914885392e+00 4.966830547347322322e-01
2.793222373702935357e+00 7.386546054267899564e-01
2.944959928972350927e+00 9.907370563448697487e-01
3.062363714549941829e+00 1.243207474112661082e+00
3.106304017865010980e+00 1.486401658839159090e+00
3.388196493772062112e+00 -1.784622908135083730e+00
3.361119592554110636e+00 -1.558408933884010583e+00
3.272504746962289435e+00 -1.326218730010366054e+00
3.219852696243620915e+00 -1.099419404337975026e+00
3.149047053784182371e+00 -8.773083800758292305e-01
2.999872932646870272e+00 -6.600226277274457987e-01
2.763618898262543588e+00 -4.585412112490931946e-01
2.561555776640644488e+00 -2.958287041638047454e-01
2.297152596722950690e+00 -1.725410200529451654e-01
2.063204311935768587e+00 -8.911906338421504703e-02
1.961272584956413656e+00 -3.064604823297579703e-02
2.066079983102098172e+00 2.906744496326244334e-02
2.302473252975641760e+00 1.148700497883825139e-01
2.572076572970170005e+00 2.432448444484144046e-01
2.776395684115909201e+00 4.107373810924437318e-01
3.013412458234113522e+00 6.165523620528914339e-01
3.163691758012575850e+00 8.368934839496107170e-01
3.236141580986005906e+00 1.061341956308826440e+00
3.290421408437516515e+00 1.290559494454461609e+00
3.379999045819410242e+00 1.525498495798550902e+00
3.669305127589526982e+00 -1.812844717800667915e+00
3.644654090595643048e+00 -1.595000259673255094e+00
3.561390381219597501e+00 -1.372273971790576752e+00
3.518877034208734322e+00 -1.157365578919676175e+00
3.465653376545045017e+00 -9.482092554621378566e-01
3.346090654409710208e+00 -7.433197287022280664e-01
3.270876678784380154e+00 -5.593398862675457162e-01
3.133746302099359671e+00 -3.918165554681226626e-01
3.000937797895674830e+00 -2.493132952046893946e-01
2.887531195929330607e+00 -1.299119223536979451e-01
2.868593935652851812e+00 -2.517921974715650255e-02
2.890348336116556727e+00 8.004284724761259739e-02
3.006534843847418870e+00 2.013718092954421557e-01
3.141925292301714912e+00 3.466347855894811869e-01
3.280950637282864513e+00 5.172193710565570202e-01
3.357842184343737379e+00 7.034500652772113227e-01
3.478778427154440855e+00 9.107868126288528599e-01
3.533486520262730135e+00 1.121916801921849949e+00
3.577374277981871131e+00 1.338811040370071481e+00
3.661434127935962568e+00 1.563782548731560640e+00
3.955938867935197667e+00 -1.839869081630213010e+00
3.884238648927302417e+00 -1.623976858410169255e+00
3.856594608716008565e+00 -1.413825459001485596e+00
3.822973876111974256e+00 -1.207005409704553722e+00
3.783237922002512299e+00 -1.005630639396198012e+00
3.738153375913948917e+00 -8.123030515347570146e-01
3.633300785365539909e+00 -6.246610157188206003e-01
3.584303861842762728e+00 -4.558419892798658002e-01
3.542253429203183757e+00 -3.008806476235714733e-01
3.452949279762226986e+00 -1.562747209418360594e-01
3.443219586405890542e+00 -2.138540867043212113e-02
3.455313887376638693e+00 1.137838866305787566e-01
3.546750081813050404e+00 2.599589836045760327e-01
3.590916886911178274e+00 4.161109719227055748e-01
3.641815660732364179e+00 5.864005385005364168e-01
3.748181859974066832e+00 7.760416971822373666e-01
3.794767739247889793e+00 9.709423745245074899e-01
3.835875163307770563e+00 1.173910127656890845e+00
3.870731964740716791e+00 1.382346664661678881e+00
3.899454789831958479e+00 1.594128943460192405e+00
4.247043151802158967e+00 -1.863349657301142992e+00
4.178529684076727868e+00 -1.653870362652141601e+00
4.155871318117768887e+00 -1.449002081602465797e+00
4.129564629187821190e+00 -1.247365600089633597e+00
4.099932690913894895e+00 -1.050355759075651152e+00
4.067917444076243783e+00 -8.595030263185037267e-01
4.035285043235783853e+00 -6.762130247605021571e-01
4.004693001398750951e+00 -5.013461425318826992e-01
3.979462031270264433e+00 -3.347220473907421279e-01
3.962970426803165580e+00 -1.747565663237775346e-01
3.957785801821914085e+00 -1.847621346889806448e-02
3.964864017186952250e+00 1.379667737760637003e-01
3.983214908947168453e+00 2.984095876465799324e-01
4.010228275398027620e+00 4.657910118623370677e-01
4.042484155702955384e+00 6.416338854789027657e-01
4.076642039474489998e+00 8.260470960139640884e-01
4.110046931060012732e+00 1.018114880953245649e+00
4.140939426040344706e+00 1.216400150482078280e+00
4.168377074068115640e+00 1.419354322622947251e+00
4.192031312924297204e+00 1.625566541553520539e+00
