2.140036872925184852e+00 7.217541975820655764e-02
2.183116912519301511e+00 -2.529053811681432687e-02
1.242392519339489576e+00 -6.824610669345007596e-02
1.282475138717512397e+00 -8.848780730144883977e-02
1.324987896598302406e+00 -1.217324424052266402e-01
1.363893284411623386e+00 -1.786953877309251648e-01
1.384675772713019004e+00 -2.778829908309950469e-01
1.328459493300286010e+00 -4.552567189218050814e-01
1.024259965172883424e+00 -6.343203210157992711e-01
4.923967396056337376e-01 -5.223436719927568861e-01
2.198008385139497978e-01 2.031416379519240811e-01
7.447253667951149181e-01 7.810869124362977978e-01
1.329144894343807115e+00 6.900461235239963020e-01
1.548192252075233144e+00 4.645479955699526875e-01
1.584661390161697492e+00 2.558549761815486212e-01
1.539880474241855257e+00 1.484377513959314054e-01
1.481141073954443943e+00 9.639273652210157695e-02
1.424051979475088991e+00 6.982787240660158490e-02
1.372372547322883163e+00 5.529057330364709616e-02
2.297316734095972368e+00 -1.183154137835238165e-02
2.117717773523242641e+00 1.001648570590330384e-01
2.183230186899015823e+00 3.496351068987851168e-02
1.259801094278249600e+00 8.030554080393643643e-03
1.306000718447499320e+00 1.285321418611037880e-02
1.359864952193081900e+00 1.241220447444816091e-02
1.421229604580519723e+00 -6.902884739215724846e-03
1.480102692855519209e+00 -7.421330687073254828e-02
1.512855221539129769e+00 -2.066223694723364201e-01
1.412383913002008606e+00 -5.362402256683080903e-01
7.043482601673480836e-01 -7.516082420450993506e-01
1.506546207180002317e-01 2.423146462793452360e-01
1.086365522662194438e+00 9.074650629824714265e-01
1.684315470831450057e+00 5.386756762019542233e-01
1.733180806522609751e+00 1.102489222944460778e-01
1.648063156137244967e+00 -2.354462236105732062e-02
1.570285144661495158e+00 -6.228625296302892078e-02
1.500341235057484734e+00 -6.568124663356815496e-02
1.438717368732163271e+00 -5.432789823726497797e-02
1.384739776679157819e+00 -3.975433239944865110e-02
2.288221307723343312e+00 -7.236843222339099657e-02
2.090480961411182115e+00 1.202299025218411255e-01
1.182058497237552519e+00 1.199836149105696914e-01
1.250467824282409879e+00 8.849553236102444820e-02
1.289158969519278886e+00 1.201375407353972857e-01
1.332141409896310913e+00 1.573464220783122036e-01
1.381689453743001561e+00 1.945211345098136202e-01
1.450059925160885665e+00 2.149119723007582305e-01
1.590084292170912628e+00 1.434587498530897898e-01
1.587580535679423477e+00 -1.781332386121041444e-01
1.019636473112599750e+00 -7.441311347822644473e-01
9.168021708292554972e-02 2.872614477786090692e-01
1.443563603123046768e+00 6.976391433818412979e-01
1.824424345103884626e+00 -3.447816594701654663e-02
1.725303126512151675e+00 -2.220208703640952352e-01
1.602445434957122883e+00 -3.167128075830110134e-01
1.516653307709839638e+00 -2.853686836677487570e-01
1.458804889134740046e+00 -2.324886729385343964e-01
1.410851739402341209e+00 -1.807843787309326711e-01
1.367493191915820860e+00 -1.366619274025680508e-01
1.293424131426561541e+00 -1.590109189583184257e-01
2.061318315237143928e+00 1.318092229649077407e-01
1.193486231887611604e+00 1.203326795388604542e-01
1.216165642087484011e+00 1.608951376390056753e-01
1.237242123423148099e+00 2.117554873189156639e-01
1.257271879410747140e+00 2.706179032401812568e-01
1.282708607537848433e+00 3.301417545285655342e-01
1.326546535452070907e+00 3.709559444860640043e-01
1.364641965715160499e+00 3.640606499023744114e-01
1.503215728363533232e+00 3.873475947928243235e-01
1.519270783446998507e+00 -5.254877813554065247e-01
4.033717711862592342e-02 2.461155990863053422e-01
1.917989811953958013e+00 3.763422260797733565e-01
1.666495017787505084e+00 -6.840232665306752446e-01
1.433935543976721405e+00 -5.418652723291058626e-01
1.395511385094482470e+00 -5.104856188751369928e-01
1.370193471335780178e+00 -4.459975644569907915e-01
1.357467762503105080e+00 -3.667920071864548270e-01
1.343032091729224442e+00 -2.895046689083403679e-01
1.322663981202924610e+00 -2.232329398365379414e-01
1.297973472707525833e+00 -1.703166459247989206e-01
1.027074391592746272e+00 1.583666977596232817e-01
1.157456800554407472e+00 1.670200036915051589e-01
1.163857164008663014e+00 2.186107885185450128e-01
1.161968330727287224e+00 2.837576390373810487e-01
1.149699859004707836e+00 3.654958057267222449e-01
1.125042424117830286e+00 4.695936349875460825e-01
1.092604851057108029e+00 5.928401999781939269e-01
1.094344155968093091e+00 7.142231617494417817e-01
1.241005156347890992e+00 2.679440242602957878e-01
1.241983842667844895e+00 -9.693925850248055753e-02
5.894306973964068448e-03 1.758480935067754380e-01
1.845308327022499251e+00 -7.152085785187328650e-04
1.457316637014278049e+00 -5.823513735479844966e-01
1.281274927319929091e+00 -7.249256934104328920e-01
1.195715847301302537e+00 -6.795100814672639933e-01
1.205863390099986221e+00 -5.627619195441846411e-01
1.232159756508735438e+00 -4.581239036042301649e-01
1.251677768543338898e+00 -3.678077207162118722e-01
1.258458722308229749e+00 -2.902708557295494152e-01
1.253368722412665726e+00 -2.264459020324341987e-01
1.017438636299826671e+00 1.625414100575883203e-01
1.112534509320415976e+00 2.008457771088245913e-01
1.099515946954518819e+00 2.586138827892333625e-01
1.066347130793562359e+00 3.316849642092267736e-01
9.997927752776138988e-01 4.205635123310980661e-01
8.898785122737241648e-01 5.199915449425217551e-01
7.389882643066884027e-01 6.411935588393170571e-01
4.277249354806165194e-01 9.312483996771091510e-01
1.231425709621359443e+00 -4.206235881563814560e-01
7.791920214780682086e-01 -4.669481976243529120e-01
-2.593790814489016841e-02 1.254894313997134692e-01
6.036433499012892057e-01 4.613874186533679644e-01
7.910346702230807159e-01 -5.663986935692083557e-01
3.481167254217629736e-01 -1.038736391964476091e+00
5.961107888389305387e-01 -8.659806089925212724e-01
9.271450226317891063e-01 -6.774584463539153889e-01
1.075582121944892000e+00 -5.266684853580133607e-01
1.147243899249785759e+00 -4.202093992962867008e-01
1.184365753578756175e+00 -3.359058152097817440e-01
1.200065042086714939e+00 -2.670045395325877924e-01
1.007210835919912340e+00 1.662184946092466753e-01
1.063985711600071049e+00 2.202494085621901354e-01
1.030700026134751868e+00 2.777734585360803199e-01
9.637125818974557889e-01 3.467405718284531924e-01
8.344508652836390983e-01 4.232411170028531067e-01
5.592065447996517058e-01 5.107449663791413519e-01
-3.384734273402781879e-01 -4.585013521471447695e-01
3.548869177291317373e-02 2.119781025238646338e-02
-2.956599969248096399e-02 3.458840166752014892e-03
-3.083148795592647456e-02 -2.826596357366301278e-03
-3.159919439985310607e-02 -3.463782790666553816e-03
-2.692695800380069671e-02 -1.635560754883612095e-03
-5.960829517665321847e-02 1.462584904808237121e-02
4.797816990986524255e-01 1.812705707030091151e-01
1.994027196524807699e-01 -7.011437727457977553e-01
5.908779596890654240e-01 -6.454293394356649394e-01
8.862737336653105924e-01 -5.531955467403167903e-01
1.034553180287677732e+00 -4.459416853803456759e-01
1.107403352854128276e+00 -3.608570778065765539e-01
1.143999181603477577e+00 -2.916330455649072118e-01
9.918660062303007452e-01 1.651352829589574078e-01
1.017429168428234609e+00 2.255046675791201882e-01
9.671834045809374336e-01 2.768038238894582337e-01
8.724314850133122468e-01 3.332425506623291622e-01
6.843379921984256153e-01 3.918651475991028477e-01
3.367644966539031226e-01 4.998252159852443199e-01
1.847593520216348484e-01 -3.347950767075349998e-02
-4.301994276663707178e-02 7.555717364328154440e-03
-3.794623381030404197e-02 -6.576328120973726904e-03
-3.464810332735719645e-02 -3.105336821058769792e-03
-3.311679864037966187e-02 -9.196894465579184743e-04
-3.150104642862012333e-02 1.686479705956326442e-03
-3.125197466297648108e-02 3.149002182992052638e-03
-3.103783342881692026e-02 1.971689753204277848e-02
2.948845422734842070e-01 -1.046406174851222635e-02
1.800719598922609910e-01 -5.322004417581503999e-01
7.214818596869301270e-01 -5.089742336282728763e-01
9.300146938469856517e-01 -4.404490017815853586e-01
1.035391095421404284e+00 -3.656405267839260009e-01
1.090427586153742912e+00 -3.012542257556201086e-01
9.823471408358752655e-01 1.663338174988004403e-01
9.775798180984635044e-01 2.190156290194917865e-01
9.166004888349710278e-01 2.608219200240809998e-01
8.052525799388494665e-01 3.020943509346265543e-01
5.838762675829478610e-01 3.348678754446484107e-01
-3.792973757844538274e-01 -7.882802923525673855e-02
-7.139243564710114065e-02 -8.310411323912738832e-03
-3.866476933492279944e-02 -6.135468833301953306e-03
-3.904639393907870931e-02 -2.976055157342837564e-03
-3.691883677453147022e-02 -1.248842359953278563e-03
-3.513740935001660043e-02 6.807034818128037974e-04
-3.375472011976891201e-02 2.624153155569733907e-03
-3.274346397352939642e-02 4.198437160980941427e-03
-3.233666778775258488e-02 1.167827718539699933e-03
3.320811767685605265e-02 6.065928031401233989e-04
4.679655548232422024e-01 -1.429662569101461944e-01
5.888942114757733659e-01 -4.458042269916192013e-01
8.515619003432450818e-01 -4.093247012412810637e-01
9.764387667163988427e-01 -3.529977382176207601e-01
1.043867051052227435e+00 -2.979067259446368521e-01
9.698690463517485316e-01 1.620509068749063641e-01
9.470756071484534022e-01 2.043520399024647827e-01
8.824149505188128018e-01 2.360041071045969052e-01
7.674587867026141375e-01 2.625889301330074921e-01
5.180795047481007165e-01 2.697220604530589649e-01
-3.101244681081212762e-01 7.154869668946574682e-03
-5.383985306398549747e-02 8.401595924259598960e-04
-4.422206628186736710e-02 -2.814893751608186449e-03
-4.084074672017439650e-02 -9.124154464597361222e-04
-3.863109961308661133e-02 6.920502318172626951e-04
-3.686607254290315272e-02 2.209896937515751485e-03
-3.553967527929156184e-02 3.843007042720646745e-03
-3.410163074394795268e-02 5.785133119343724602e-03
-3.032788467705548052e-02 9.014361636657045040e-03
-2.895081404543921669e-02 3.393840408088338173e-02
-1.107404370990439091e-01 -7.507958878248763290e-02
5.056808009241118285e-01 -3.860509886381617295e-01
8.037633807028489175e-01 -3.685863805585201103e-01
9.349437793684625131e-01 -3.289549695877643787e-01
1.007174521586369886e+00 -2.848265464053366669e-01
9.647872181085173082e-01 1.611348045034600440e-01
9.263426083261859789e-01 1.850448321102626803e-01
8.640624859330203744e-01 2.075826675691538614e-01
7.564313668007519587e-01 2.227749030557975574e-01
5.090922674428504102e-01 2.164948995435557744e-01
1.914644287516863858e-02 5.351428554722726522e-02
-4.295723088031557640e-02 8.573470809970700022e-04
-4.464752739454051766e-02 5.692117354134087950e-04
-4.227275242310797598e-02 1.570149148591541265e-03
-3.989714588192164874e-02 2.727896587717859242e-03
-3.812928015173405044e-02 3.634593667488408928e-03
-3.720907047675357099e-02 4.736582801094572220e-03
-3.696773992212640247e-02 6.935517830005059892e-03
-3.632935112503628966e-02 1.167202911947144012e-02
-2.980319157757931048e-02 1.240518025079983752e-02
5.406675612479495963e-02 -1.762786491110044929e-01
4.959759493000358010e-01 -3.331943019319379973e-01
7.867236456819011181e-01 -3.273677890078350861e-01
9.109210001706556925e-01 -2.996554656242489401e-01
9.810435246423344635e-01 -2.656624878659989974e-01
1.961797287375849352e+00 1.307731026348774861e-01
1.930058826416230833e+00 1.490379217349068197e-01
1.880002702165012307e+00 1.658647791109635061e-01
7.663831948248964743e-01 1.866769253572158893e-01
5.621072177098968004e-01 1.758546501662544281e-01
3.802273756082142492e-02 1.807179523183044187e-02
-4.711350749238478464e-02 1.095943658064068779e-03
-4.590517835479818176e-02 2.062560753419306284e-03
-4.368636682022433715e-02 4.251810267202295844e-03
-4.050964667724812895e-02 5.132299685993801583e-03
-3.844853479726811213e-02 4.925843485645571562e-03
-3.806881618949050500e-02 4.689858091287024688e-03
-3.981113695720771284e-02 5.366836904239632652e-03
-4.487995327471487605e-02 1.015604470717609668e-02
-4.680090557701677145e-02 3.407889350284173946e-02
-1.194163707511563532e-01 -4.805339273091130403e-01
5.527612551246325889e-01 -2.894583810705937399e-01
7.951626234316112596e-01 -2.884938425047472998e-01
1.923116546945641714e+00 -2.544094732321596775e-01
1.975890843599015012e+00 -2.191722966911754666e-01
1.947635839180574147e+00 1.077603128572917901e-01
1.920562121457203730e+00 1.176206815033107034e-01
1.880711017826087961e+00 1.325899115222083091e-01
1.813163035195845207e+00 1.465980597569362665e-01
6.427566551615988555e-01 1.450467877424145291e-01
-5.510299112372046837e-01 -1.199834722183816260e-01
-3.639208619425305519e-02 2.296034169640028336e-02
-5.055759162424483533e-02 4.219393147531233859e-04
-4.592148044787640326e-02 9.280915722807318163e-03
-3.963074630277688137e-02 8.558618156833678464e-03
-3.714193894746058849e-02 6.160655886478350052e-03
-3.689882776729491026e-02 3.929063370111539506e-03
-3.884261019572144563e-02 1.063808865917670755e-03
-4.622840039518631011e-02 -5.908308748577929814e-03
-7.749202443315625355e-02 -3.734837123241432910e-02
-3.215012642242455199e-01 3.347044107110167532e-01
6.544765180700116147e-01 -2.551402866225541688e-01
1.846804368720621259e+00 -2.295559993676882515e-01
1.919312706106969468e+00 -2.073731556894637396e-01
1.963857477472488622e+00 -1.922016914665154175e-01
1.941193794266107719e+00 8.660309344957912991e-02
1.919417907709277227e+00 9.594603648944743934e-02
1.889005625126888521e+00 9.853210322584907144e-02
1.842205586296841169e+00 1.036424363295786605e-01
1.748854824333131663e+00 1.146242770434209024e-01
3.996582323888133170e-01 1.108675068155464960e-01
-3.509246919950416710e-01 -1.391957871805985236e-01
-9.597578808464177214e-02 3.017280856720728349e-02
-4.201050696872211943e-02 2.325280485505894223e-02
-3.484556096158495514e-02 1.239155235987726353e-02
-3.389708778993189009e-02 6.826820078949773739e-03
-3.380803115106722351e-02 3.601818776217099397e-03
-3.339562426192430045e-02 -8.459496819206704585e-04
-2.958574824724903227e-02 -3.775838499694982118e-03
-2.488916904463105498e-02 -2.168353792351080181e-02
4.583706812167743783e-01 -2.136058083044767020e-01
1.769963623566678024e+00 -2.155980109408062451e-01
1.871190158303677853e+00 -1.912697793236635690e-01
1.923622093977929381e+00 -1.768985695251735490e-01
1.957586584870393276e+00 -1.618324209756131782e-01
1.939662053196045788e+00 7.162991640740695720e-02
1.922137705920846207e+00 7.351806195308904779e-02
1.900110424979337909e+00 7.289391455772831208e-02
1.868410874011039668e+00 7.367430092556456755e-02
1.820559677536196519e+00 7.055105488585267093e-02
1.703458507143711165e+00 7.937467854108867793e-02
2.305805674368862357e-01 7.724441026565345703e-02
3.235548368997511609e-02 1.256987376612460627e-01
-1.398053566048067589e-02 1.453915439143512595e-02
-2.553629928588982065e-02 1.155580590638017983e-02
-2.968824492233371193e-02 4.496741826384247770e-03
-3.250489506402996082e-02 6.138696565805068506e-03
-2.276653110567224136e-02 -1.695930543452052117e-02
-2.251993913453953222e-01 3.002054889179203712e-01
3.487867835687575857e-01 -1.716361392372158512e-01
1.723543084762074962e+00 -1.811389444176881025e-01
1.842643022979394862e+00 -1.591886594257879428e-01
1.895525112912813892e+00 -1.537335818896080897e-01
1.931088441098959052e+00 -1.457966216140504090e-01
1.956663539702834020e+00 -1.410362227709704430e-01
1.940540445731811170e+00 5.599823259830085526e-02
1.927173745141198546e+00 5.582576417204774405e-02
1.911356834777522495e+00 5.366230788435275706e-02
1.889713246649484146e+00 5.240087407732038627e-02
1.860764973147971846e+00 4.835151091015397334e-02
1.819654517655017179e+00 4.051055676216420987e-02
1.726218953460180172e+00 3.903305355099182666e-02
5.034367606836112063e-01 2.689185187701241542e-02
-9.105454734800778188e-03 -1.566121011772799582e-02
-7.674480136978467648e-02 -3.771208878661813091e-01
2.378142698460368465e-02 -1.023790051733234480e-02
-4.142815747665904227e-03 -7.406268125230387744e-02
-8.502092930467042287e-02 -9.333812581409520193e-02
5.163385473963296723e-01 -1.315390595095427551e-01
1.741132262826714516e+00 -1.371483905968884365e-01
1.836875894279816679e+00 -1.274684372688335843e-01
1.881965167638464553e+00 -1.280613491851743946e-01
1.914535273101006352e+00 -1.258105229041726059e-01
1.939109236001145709e+00 -1.215407657594096275e-01
1.957851758103840600e+00 -1.194601584829155516e-01
1.943028293921034155e+00 4.329991960777876403e-02
1.932870787910908383e+00 4.200066357477724027e-02
1.919910325660345141e+00 4.158330895218777939e-02
1.906413904882801713e+00 3.697389654040708629e-02
1.891372204690487502e+00 3.015246243887705763e-02
1.870021354664120672e+00 2.338053449001537692e-02
1.836330345305513534e+00 1.637271595021062148e-02
1.799617349384690312e+00 3.635721517004586022e-03
1.740627981518599876e+00 -1.007468150085830128e-02
1.668596801909927096e+00 -2.846271979909755986e-02
6.161339539013607203e-01 -5.243635527450085654e-02
1.671395185533248950e+00 -7.418486189462067393e-02
1.746169854866973736e+00 -8.611368534679363085e-02
1.808940517572781292e+00 -9.251899256506808389e-02
1.849269799439211992e+00 -9.944420863686530276e-02
1.886052877242260450e+00 -9.969278143746755638e-02
1.910557004665131231e+00 -1.015151643763889805e-01
1.928874360779335939e+00 -1.046581569826788016e-01
1.945303010622484674e+00 -1.056787217752513247e-01
1.960202905080068225e+00 -1.019965569550683182e-01
1.946337044486303514e+00 3.310034022773699486e-02
1.938611885184672312e+00 3.123439590291826953e-02
1.928888471373226832e+00 2.997129421533910668e-02
1.919513277759544723e+00 2.561026091409494831e-02
1.909694985954067947e+00 1.974962173793803552e-02
1.896453567197112555e+00 1.395551897310275298e-02
1.885756724938128182e+00 4.873926621467771989e-03
1.870763740492608740e+00 -4.409208328182647255e-03
1.855523149701929331e+00 -1.541749760408970757e-02
1.841848179165506805e+00 -2.797538073695782571e-02
1.840056446084746389e+00 -4.112805575603799280e-02
1.844771942160622569e+00 -5.373266541980115801e-02
1.861379206829742783e+00 -6.341432999143561955e-02
1.879591556541204689e+00 -7.103017150566406923e-02
1.897503340194835575e+00 -7.671091889316757062e-02
1.911299094946167898e+00 -8.313756717812796626e-02
1.927151270734632771e+00 -8.525823671372313728e-02
1.939713907706336560e+00 -8.835932141650887361e-02
1.951587550576491248e+00 -8.992732567956761291e-02
1.963029955798192061e+00 -8.783572193675491524e-02
1.949936318183992823e+00 2.493367453799484948e-02
1.943157352417763883e+00 2.413891276388122065e-02
1.936680646877946721e+00 2.114904867187597168e-02
1.930029274972114850e+00 1.715323177839424978e-02
1.923378758686891343e+00 1.210671291155823726e-02
1.916955266199277252e+00 6.027534556268034430e-03
1.908245726492394434e+00 -1.478739871893355656e-04
1.902815202956410934e+00 -8.218802562345424445e-03
1.898757882238690353e+00 -1.685350201530056227e-02
1.892618491545735138e+00 -2.590076207283859358e-02
1.892658359730840401e+00 -3.518629250253271085e-02
1.895346507642736711e+00 -4.417558198199005720e-02
1.904131995340989203e+00 -5.131809928810251303e-02
1.910919639635368705e+00 -5.868253802791412177e-02
1.919080190535852770e+00 -6.513084025505679053e-02
1.930198818229795776e+00 -6.858840714284418494e-02
1.939145198292817396e+00 -7.267713679926188219e-02
1.948168676133376742e+00 -7.560417282645261194e-02
1.957004918209181543e+00 -7.739415340236512064e-02
1.965453086460970500e+00 -7.812663802197512830e-02
1.953517661998142696e+00 1.838888900609519927e-02
1.948202518238576930e+00 1.724858230586981400e-02
1.943363662897642286e+00 1.438905164531050461e-02
1.938548188330677657e+00 1.078621212642353298e-02
1.933902463233597047e+00 6.428514775526823072e-03
1.929600226607189661e+00 1.344597067698405368e-03
1.925840672656603969e+00 -4.391068961410281822e-03
1.922842752894292628e+00 -1.065836550082177765e-02
1.920831411993547677e+00 -1.729917787816656616e-02
1.920011564095825518e+00 -2.413150148679338303e-02
1.920531088940327313e+00 -3.096583792542420208e-02
1.922444206934691424e+00 -3.761831544243056380e-02
1.925693230884248042e+00 -4.391751455515651575e-02
1.930119533116887443e+00 -4.970743407983892886e-02
1.935497237990293939e+00 -5.485145906797965487e-02
1.941572598143410877e+00 -5.923956365351928238e-02
1.948094962686750531e+00 -6.279672866845016632e-02
1.954835288297814166e+00 -6.548848464810685943e-02
1.961595194481625892e+00 -6.732107924408214927e-02
1.968210630916100046e+00 -6.833652558342943883e-02
