2.116524624405351496e+00 8.399790700820974898e-02
2.171271915108796691e+00 2.756633276732726231e-03
1.235083541980226407e+00 -3.675660882595491868e-02
1.275933757506611199e+00 -4.722188242200791447e-02
1.321334688622109788e+00 -6.752600380128474800e-02
1.368358441621516208e+00 -1.080289549245360692e-01
1.408833852914604723e+00 -1.878741000749107326e-01
1.406750555418326831e+00 -3.560188658520626603e-01
1.123675208957721772e+00 -6.185465428059999660e-01
5.466405496720293522e-01 -5.763379424845287424e-01
2.054311250967530145e-01 2.657813878726488777e-01
8.973199907717464008e-01 8.461212507801225691e-01
1.482938143589537461e+00 6.053466612685219905e-01
1.659427184665315025e+00 3.407773825384936006e-01
1.636754359138266723e+00 1.313162116021097392e-01
1.566374090385727280e+00 4.966059208316424278e-02
1.498427174093254655e+00 1.980895200804137779e-02
1.437820621098101936e+00 1.051151113030721236e-02
1.384657692137476470e+00 9.172992922593204562e-03
2.297715610721136503e+00 -5.224964647443758325e-02
2.092449432734972525e+00 1.060157342678382519e-01
2.161060960764623395e+00 5.793089757150896024e-02
1.240942973093368984e+00 3.751590727316762158e-02
1.282656209001430625e+00 5.099699981028235629e-02
1.331380455280976038e+00 6.239808264881679251e-02
1.389068147352791049e+00 6.041793725169625207e-02
1.453441274711804176e+00 1.838821891364769007e-02
1.509663428063030111e+00 -8.594348369927205800e-02
1.513265117022378536e+00 -3.749697248332696797e-01
8.693337330499623095e-01 -7.637240980099361254e-01
1.503824724847316607e-01 3.192937401650893237e-01
1.328343836452745119e+00 8.729689085729352982e-01
1.854801112115600281e+00 3.220729384926676042e-01
1.732755183398684284e+00 -6.185375543043712676e-02
1.626914864819116069e+00 -1.487507585125048271e-01
1.548988720736393487e+00 -1.580481229669359333e-01
1.485115994404359707e+00 -1.400994137842145326e-01
1.430218722289660960e+00 -1.129474466247989972e-01
1.381629299943126332e+00 -8.621477311655088849e-02
2.278919208789366824e+00 -1.091776244591143447e-01
2.065319925871168305e+00 1.202374728984924590e-01
1.156212931612965011e+00 1.303004083432878768e-01
1.222275749040866666e+00 1.109934650100117132e-01
1.253289261709293445e+00 1.473033929921755414e-01
1.286642503175307040e+00 1.899574399721478957e-01
1.324354082867788218e+00 2.341154665024499926e-01
1.377209463527715894e+00 2.682455938877633117e-01
1.502047598201936562e+00 2.517000446412621661e-01
1.573598674678555520e+00 -4.205748027287478652e-02
1.115001989984731212e+00 -7.871689790894255134e-01
1.092895021739945932e-01 3.313529989390777697e-01
1.595141378822546807e+00 6.200390288128336813e-01
1.764180845728111624e+00 -2.242524971449885718e-01
1.643392696074383208e+00 -3.584928300482049246e-01
1.527846660807694379e+00 -4.010892316426270532e-01
1.462367039283803738e+00 -3.507589350317314447e-01
1.420119223267845454e+00 -2.879001122467856333e-01
1.384799607330334359e+00 -2.281972951673495453e-01
1.351228566845029233e+00 -1.767937629086010765e-01
1.278965633580503081e+00 -1.857015057275006320e-01
2.037813761720684180e+00 1.266769355294762867e-01
1.166622928093115741e+00 1.322141270146128811e-01
1.182632744533386626e+00 1.738499461214606800e-01
1.195685976149732932e+00 2.253123712448244775e-01
1.206812429451973090e+00 2.847028511327873157e-01
1.223675944980179953e+00 3.465196923571428611e-01
1.263653742573923600e+00 3.943621390402709537e-01
1.312857210350594883e+00 3.782844751235883707e-01
1.341503577088248633e+00 4.389906069716067449e-01
1.563879516615791276e+00 -3.081286697629698201e-01
6.090547008107931315e-02 3.050303906873464421e-01
1.871131371360837736e+00 7.584992013517928566e-02
1.357085339517632994e+00 -7.487575039111140640e-01
1.380451700358651612e+00 -5.770146907247943879e-01
1.333823855158337679e+00 -5.560089067004405639e-01
1.314022480327442288e+00 -4.848262109424636424e-01
1.311838078718652767e+00 -4.017122944362503945e-01
1.308566533761182926e+00 -3.221595137273299825e-01
1.298293473714900781e+00 -2.534804533593216780e-01
1.281872754125479075e+00 -1.975282961053461683e-01
1.010089215483808367e+00 1.497118823520098285e-01
1.128622574533878486e+00 1.716521377484891142e-01
1.128674527616051249e+00 2.216831443781190347e-01
1.119349716206955003e+00 2.843867313820165887e-01
1.097897054739766842e+00 3.639864141254557928e-01
1.059039818402139455e+00 4.698951842412232849e-01
9.994266782443987918e-01 6.056091384207619166e-01
9.841569509462997356e-01 7.552184212831968280e-01
1.366200792028538835e+00 2.889744918203538959e-01
1.264625549116099590e+00 1.159860950112701766e-02
5.233637206921134925e-03 2.242035378182891392e-01
1.760139080203918294e+00 -2.690361589156125000e-01
1.440833126363386674e+00 -7.627602130571629058e-01
1.150795688298101416e+00 -8.049627036409888747e-01
1.090922244597658519e+00 -7.132397933374112764e-01
1.136054057425344599e+00 -5.847444162287600555e-01
1.181923047086552936e+00 -4.772809856760328873e-01
1.213951193333277390e+00 -3.872152797678335423e-01
1.230442532035051828e+00 -3.103018771599240222e-01
1.233397063508226754e+00 -2.463214091069280687e-01
1.000833942138591448e+00 1.528345985386045103e-01
1.084008810976043957e+00 1.985019703462946317e-01
1.065630106898627805e+00 2.524859383332095919e-01
1.026167783286668911e+00 3.201970811193348698e-01
9.506596372595040867e-01 4.020315662937922196e-01
8.257268798432382262e-01 4.888811299707376268e-01
6.582674671524089138e-01 5.906589427423850625e-01
1.535704780454369145e-01 6.614723080420722434e-01
1.289729491676939066e+00 -2.625580213874312285e-01
7.373230019679335445e-01 -4.737042827548091917e-01
-2.410930979950455175e-02 1.526749258502552442e-01
7.668610065851610980e-01 4.558623014261001249e-01
4.076640104794026498e-01 -1.676129799471603454e-01
1.558060955476526198e-02 -7.751717567646844165e-01
4.418658657611814200e-01 -8.277760121887297595e-01
8.507864563147775616e-01 -6.597386031662583195e-01
1.023629930618445316e+00 -5.246208787097462745e-01
1.109117581886503112e+00 -4.262177583106385170e-01
1.155702994631333080e+00 -3.462406462557049425e-01
1.178799640759363276e+00 -2.796583221141507036e-01
9.910790912018284660e-01 1.554589696332593363e-01
1.037591654196082125e+00 2.118715231137684174e-01
1.000519197532521831e+00 2.638476034933812664e-01
9.296285729448745538e-01 3.246117256351681579e-01
7.967154538057094060e-01 3.878792655811408308e-01
5.084316198974447865e-01 4.643995129889834650e-01
-1.393623638647358554e-01 -5.202492879765379108e-01
-2.531866473417204721e-02 -1.538727341548146686e-02
-5.000133208847559046e-02 5.978708268111788959e-04
-2.952761368690317786e-02 -9.070844113711855686e-03
-2.766619868913501937e-02 -9.915213011448634553e-03
-2.605042995098156774e-02 -8.231755452077858110e-03
-3.052883689892104888e-02 6.545246578266747210e-03
2.240465654998867462e-01 -7.409233671217738126e-02
1.093655222781322045e-01 -5.845258820666133781e-01
5.297880500048571806e-01 -6.069580197820242384e-01
8.445669314600346977e-01 -5.319296467652431248e-01
1.001035576368097590e+00 -4.390418024521043350e-01
1.080892590744961135e+00 -3.623522189407714089e-01
1.123518012321437887e+00 -2.977707015807685709e-01
9.770612996807890305e-01 1.532205837687610206e-01
9.944213181340578744e-01 2.124892800990056951e-01
9.423729974326011671e-01 2.571985622272562333e-01
8.472159484601283763e-01 3.039393794740697929e-01
6.598178179458988879e-01 3.492874028593653812e-01
2.644252892982809633e-01 4.291210042586831030e-01
-8.160859120042359208e-03 1.533294907279819999e-02
-3.852796897008908816e-02 2.693938123882558613e-03
-3.347191022029945978e-02 -6.190323964856129201e-03
-3.112219479463717783e-02 -7.090855715610942106e-03
-2.866640093631433669e-02 -6.733581474866263267e-03
-2.634495012067119765e-02 -5.568316189631692531e-03
-2.458243165816456979e-02 -3.025352754481226442e-03
-3.459930232162164443e-02 1.884225162748103671e-02
2.877144921383632536e-01 7.655232076809572253e-03
1.365728114908061896e-01 -4.752732689221577100e-01
6.959308454726198523e-01 -4.811598429954962453e-01
9.054313036125754000e-01 -4.251521469841126888e-01
1.013494836430775203e+00 -3.603371011457027762e-01
1.072376732532364096e+00 -3.020945836106501692e-01
9.681818469286437301e-01 1.536165472906040330e-01
9.585545706185022441e-01 2.029765864084732696e-01
8.977059533454955220e-01 2.380437153251215576e-01
7.889578205280782797e-01 2.700103752396306178e-01
5.701802696645202895e-01 2.908413422931080405e-01
-4.679298081629595374e-01 -3.570429186846700298e-01
-6.088015164104058213e-02 -3.989704725820549663e-02
-3.073928600866167316e-02 -6.458996289866387672e-03
-3.262968115454439183e-02 -5.029658496443941730e-03
-3.117425492173704626e-02 -4.996151099941168079e-03
-2.927546836383782339e-02 -4.651809140656043909e-03
-2.759031872144125652e-02 -3.960375022529345930e-03
-2.692528890031005775e-02 -3.400390137403497964e-03
-2.979090978888567290e-02 -9.798934704799968851e-03
3.114348529631097776e-02 -3.874744825022029271e-02
6.618700249271989300e-01 6.850493111339563124e-02
5.744926914107814087e-01 -4.169149089887353998e-01
8.365605435716455540e-01 -3.910981878374055198e-01
9.603136382402891469e-01 -3.437759455985985313e-01
1.029242456776928938e+00 -2.950808932914091853e-01
9.570830060404245110e-01 1.486789144579419297e-01
9.320076195293726107e-01 1.868284160248883385e-01
8.689257260903499036e-01 2.123248541398750910e-01
7.584638723547014738e-01 2.309890807228269227e-01
5.151946923022497904e-01 2.279156619159934671e-01
-2.353915987491952688e-01 -1.302286971236141233e-01
-4.710165551103170228e-02 -2.561172911149196905e-03
-3.616455394143375940e-02 -5.254206810791427033e-03
-3.330702188843819023e-02 -3.754443646200616991e-03
-3.146058221293371315e-02 -3.241525210069209299e-03
-2.969829864046890852e-02 -2.929977085284896608e-03
-2.814643871120843521e-02 -2.528102940808087638e-03
-2.634155478507878290e-02 -2.154628663343401487e-03
-2.061283690554819442e-02 -1.984293937704798179e-03
6.828330813439132535e-03 2.090278078648418608e-02
-1.615708360428665460e-02 -1.537288336373386112e-02
4.987844774039998930e-01 -3.584676504734034541e-01
7.964024771567921324e-01 -3.507751169724921403e-01
9.242838982671714998e-01 -3.183824871199842921e-01
9.962246991024984455e-01 -2.799857048453289754e-01
1.964997831174335463e+00 1.315351988626963509e-01
1.932242467691012600e+00 1.522936285310030058e-01
8.549006101025384829e-01 1.846028161534506162e-01
7.525817137696584336e-01 1.934994796509863779e-01
5.135107558570521924e-01 1.796711228204244670e-01
3.199724432778661837e-02 6.013290752525785737e-02
-3.592670636818977997e-02 1.385736509682060922e-03
-3.607231077230088623e-02 -1.618515665552493384e-03
-3.387583406661758001e-02 -1.609761792877938353e-03
-3.169246644977918165e-02 -1.330496201876794817e-03
-2.988650431584193717e-02 -1.347513671315441440e-03
-2.863929200855411944e-02 -1.223050840557030929e-03
-2.769761809235125882e-02 -9.886685394863529985e-05
-2.605310322321156141e-02 3.922524167837053433e-03
-2.833033659617312586e-02 8.059741737557064509e-03
4.997629666670116294e-02 -1.124003198597299524e-01
4.962213473428512822e-01 -3.098054820128910425e-01
7.846148684907365833e-01 -3.116188552928111921e-01
1.927660133709184542e+00 -2.757320069118022188e-01
1.990179077365198834e+00 -2.438562711034316377e-01
1.949820152029327236e+00 1.140969002228170992e-01
1.919629823363502519e+00 1.273856613921129921e-01
1.873560310081532121e+00 1.379285695659735744e-01
1.793258444382688443e+00 1.539309684941682632e-01
5.703144483690205657e-01 1.445163725951729983e-01
2.355231879561651420e-01 2.111879024071268950e-03
-3.213045656367529562e-02 -6.649568289989122357e-04
-3.610609915585333979e-02 -9.941287676970417264e-04
-3.452103813183114711e-02 8.132599723313124578e-04
-3.151172047029904971e-02 9.790899201119168237e-04
-2.941890918859366849e-02 1.347167633241699337e-04
-2.865871978691670804e-02 -7.325464688852326590e-04
-2.966825716889488762e-02 -6.743964932590736268e-04
-3.309922150144534864e-02 3.248170160076991470e-03
-3.143222343277986275e-02 1.906155200660475738e-02
-2.489050584924096809e-01 -2.167038692232888530e-01
5.590492941859315223e-01 -2.716606792101959322e-01
1.823147589390087475e+00 -2.669452672224585932e-01
1.917242772917121085e+00 -2.372388117615685243e-01
1.968293806395737366e+00 -2.089154424443342151e-01
1.939858439856322114e+00 9.216920882092438649e-02
1.914794306520779976e+00 9.864133735671963554e-02
1.877968822157159323e+00 1.087390371685940660e-01
1.816823188586920157e+00 1.163071557142621171e-01
6.514276329839920887e-01 1.186563064067955031e-01
-4.465489896208291176e-01 -3.476225551510771505e-01
-3.001607447761311248e-02 1.120066731927358422e-02
-4.275411376594256962e-02 -2.779402499655198554e-03
-3.583661347674741565e-02 5.912069524606066752e-03
-3.003155757291583322e-02 4.120153723963412319e-03
-2.773100410306967439e-02 1.584704172569690889e-03
-2.692031686785195665e-02 -9.027997764598724457e-04
-2.844147973017143935e-02 -4.293921943419238586e-03
-3.634745406561593062e-02 -9.647900279840616877e-03
-7.171762811334735088e-02 -1.866547367316784625e-02
-3.752662335053457143e-01 8.661111604104031192e-02
6.631009810261812021e-01 -2.423392747041146489e-01
1.851547150950501930e+00 -2.112297196901704865e-01
1.918421310392605106e+00 -1.947986174578505980e-01
1.959946512952089437e+00 -1.834555603711938154e-01
1.936279529016489809e+00 7.269201156763027694e-02
1.915969788694902975e+00 7.929296447654210489e-02
1.888696171212347119e+00 7.936060669353926789e-02
1.846717574516811400e+00 8.083224150269970043e-02
1.762891191700808324e+00 8.533329406018033692e-02
4.129851917783565751e-01 8.527295020894215538e-02
-1.944034829646599793e-01 1.771152746694776292e-01
-9.237334569500933734e-02 2.669839760099268836e-02
-2.928879680307454672e-02 1.736173166230586123e-02
-2.545903042290281054e-02 6.645098205886693435e-03
-2.507233902132928460e-02 2.780456720940090772e-03
-2.303090844288159175e-02 8.263462603079691285e-05
-2.137138795543096909e-02 -6.821150485228809172e-03
-1.985471812722283680e-02 -1.474268770144480413e-02
7.202420911629925371e-02 -6.544922432189106964e-02
4.701793926977892446e-01 -2.010111768806188415e-01
1.783822876144628644e+00 -1.964870934371748812e-01
1.876401568532994002e+00 -1.784072196005614674e-01
1.924656126901840292e+00 -1.675392686904243200e-01
1.956570375640362514e+00 -1.553106964793719569e-01
1.936318278462378251e+00 5.915919398766245063e-02
1.920459077654423252e+00 5.952689112757889728e-02
1.900826353272061509e+00 5.744887778877171003e-02
1.872494592244043909e+00 5.618027004703884941e-02
1.830134375594344887e+00 5.093787415495360654e-02
1.725158299413153129e+00 5.369452570650364714e-02
2.344823214951896606e-01 5.755921346795949550e-02
-3.762464642021463163e-02 9.835378688676282843e-02
-1.234978516535872872e-02 9.247728546342166150e-05
-1.935055214274694624e-02 3.238360912857534378e-03
-2.433275554317670605e-02 2.011163088529310458e-03
-2.037431512020565494e-02 9.264981031602550696e-03
-2.886091869390363870e-03 -2.858515391161172217e-02
-3.035238194464093264e-01 4.602552521065653712e-01
3.600132010316763331e-01 -1.614124739562669830e-01
1.744321607080265402e+00 -1.659179557204393529e-01
1.852656005625409330e+00 -1.493213513282213301e-01
1.900621608222487158e+00 -1.457471850422920323e-01
1.933340626719016075e+00 -1.396327872126668646e-01
1.957011262881893643e+00 -1.361680945583977898e-01
1.938482951840015955e+00 4.519169966823530921e-02
1.926467626104289010e+00 4.407123308689282065e-02
1.912423626501343232e+00 4.108151811932463787e-02
1.893104005044429217e+00 3.865188605093931168e-02
1.867475817911360636e+00 3.354251258171474237e-02
1.831236017001564909e+00 2.487685105587614243e-02
1.747900773496249949e+00 2.046227729977945567e-02
5.216029101180595928e-01 1.147526350789844496e-02
-4.436049676456753355e-02 -2.696486752702920847e-02
-1.572793155716390168e-01 -4.567891659086908973e-01
2.913376007123730932e-02 -9.767784567470792420e-03
1.845781820163675327e-02 -8.479076330213652923e-02
-9.083365495180857618e-02 -9.382941627042544475e-02
5.335918695514488830e-01 -1.289554215847556751e-01
1.762319217148661465e+00 -1.287524574097026198e-01
1.848785111476933807e+00 -1.213942149179952357e-01
1.889471748349097924e+00 -1.225128659257018887e-01
1.919150922259013292e+00 -1.210704117773976074e-01
1.941812105509519437e+00 -1.177250409117206742e-01
1.959175470633278682e+00 -1.163046653689893684e-01
1.941780843141558410e+00 3.393238993174471640e-02
1.932695061067200903e+00 3.204718120132155762e-02
1.921021072654526929e+00 3.082402225769566989e-02
1.909172251080523575e+00 2.588945544854227843e-02
1.896056343200393179e+00 1.900195234095283098e-02
1.877239063480572012e+00 1.200026964505769393e-02
1.847367903519674837e+00 4.523025304078664988e-03
1.815023970093538441e+00 -7.676598334990643487e-03
1.762639602299057584e+00 -2.074202982893961003e-02
1.698211919294809302e+00 -3.716207887943476923e-02
1.662508794149489821e+00 -5.744999526655660688e-02
1.700814169993545510e+00 -7.529206365706711535e-02
1.768123761602787614e+00 -8.530428149478495869e-02
1.824459794762197440e+00 -9.075743707367710245e-02
1.860673304444683929e+00 -9.685295878513772161e-02
1.893967718213966922e+00 -9.721264066155425876e-02
1.916260051097301798e+00 -9.902287226369275996e-02
1.932972738387725320e+00 -1.020872207828401462e-01
1.948084596048050621e+00 -1.032858646637459105e-01
1.962017797586733892e+00 -1.001708757428397129e-01
1.945589681850998343e+00 2.494042459609414550e-02
1.938707961990022710e+00 2.271551471879694473e-02
1.929969095193410311e+00 2.094476048927182421e-02
1.921757955959400910e+00 1.645368493689863820e-02
1.913219202727772128e+00 1.065114307890805724e-02
1.901553918013855649e+00 4.816629133870528601e-03
1.892326172586890287e+00 -3.741212826206741313e-03
1.879173925636025588e+00 -1.253610832007466189e-02
1.865808882226530407e+00 -2.272581444961166777e-02
1.853823797654669425e+00 -3.409978575808984835e-02
1.852452648920840383e+00 -4.566479157747849182e-02
1.856843849567920257e+00 -5.665422340729341782e-02
1.871891806222270027e+00 -6.499475939243526401e-02
1.888400947058296975e+00 -7.160314002052353688e-02
1.904685242635319575e+00 -7.659447917653942894e-02
1.917247756836251149e+00 -8.237561313712660205e-02
1.931787452734834654e+00 -8.433695549580559614e-02
1.943341348306286465e+00 -8.725459250163974945e-02
1.954329271637950116e+00 -8.881956412925361144e-02
1.965052216070449997e+00 -8.702048246687432709e-02
1.949496394047216308e+00 1.777176663158337028e-02
1.943364590171241968e+00 1.658280682019056679e-02
1.937663859031323321e+00 1.344799494806461597e-02
1.931858226494704844e+00 9.423083160689481319e-03
1.926099030492189002e+00 4.483735125085895612e-03
1.920578227564645468e+00 -1.337851227490696997e-03
1.912949370376315628e+00 -7.304207267880375061e-03
1.908355591699562259e+00 -1.478649594533172282e-02
1.904982802188212032e+00 -2.269187219333709468e-02
1.899674026726438925e+00 -3.099896866619371999e-02
1.899937554451043731e+00 -3.932573846941884305e-02
1.902554289733374926e+00 -4.734114207675819974e-02
1.910675360966382907e+00 -5.362118079493324863e-02
1.916958198697270133e+00 -6.019241180571259509e-02
1.924480566663268721e+00 -6.597224342977703326e-02
1.934735811467581224e+00 -6.905805087411813481e-02
1.943007062602917667e+00 -7.279076235614934109e-02
1.951375766183198968e+00 -7.550321012999910986e-02
1.959607255055640040e+00 -7.720492452499523595e-02
1.967520477974753268e+00 -7.795386658137634650e-02
1.953267584868893181e+00 1.204675726877042774e-02
1.948472998647583498e+00 1.063868419158508528e-02
1.944231766658111038e+00 7.712291962999434994e-03
1.940048288553796407e+00 4.130753495203001897e-03
1.936049672285319989e+00 -1.063485425625515599e-04
1.932385142360073749e+00 -4.963773693434128144e-03
1.929225078556475070e+00 -1.036651815488586793e-02
1.926757192931311424e+00 -1.620103347469292743e-02
1.925175729608150421e+00 -2.232314652665710192e-02
1.924659440787779063e+00 -2.857158023590049278e-02
1.925339009708998850e+00 -3.478295450751606871e-02
1.927263941513807088e+00 -4.080284093926137001e-02
1.930385354383621799e+00 -4.649000900130473291e-02
1.934564915093218485e+00 -5.171649598147199517e-02
1.939604406837633910e+00 -5.636876902777813308e-02
1.945280593384982382e+00 -6.035277822901749523e-02
1.951372532119263870e+00 -6.360135166344847713e-02
1.957677627699520029e+00 -6.607999088185277647e-02
1.964019248061595890e+00 -6.778833114807730764e-02
1.970249733664467984e+00 -6.875707219325274955e-02
