9.218962730323471133e-01 -2.141010053904861987e+00
3.332372065431298269e-01 -2.056070358605131876e+00
-1.053745737499053869e-02 -1.923925286710960414e+00
-1.948707042807135137e-02 -1.782191912860960681e+00
-4.636049167116529368e-02 -1.649276818800812450e+00
-1.023160417156214197e-01 -1.523324944571104789e+00
-2.032696954464360828e-01 -1.399009567479768901e+00
-3.814421066376250113e-01 -1.260851674650048215e+00
-6.688221448132204427e-01 -1.038776063396726901e+00
-1.008323618264842070e+00 -6.111154575433417335e-01
-1.159436273675439111e+00 1.009016426026794339e-01
-9.089282048722118201e-01 7.609180116670261063e-01
-5.357421661945422908e-01 1.120058885948947092e+00
-2.647642473783585193e-01 1.305982882682175772e+00
-9.292162639387641088e-02 1.427190252450815766e+00
1.501419601592585140e-03 1.539652030467784538e+00
4.786237978305712959e-02 1.660329035855138136e+00
6.630887514369979141e-02 1.791400781207263648e+00
6.823274859819858373e-02 1.932393993928642306e+00
4.558441854621322342e-01 2.049367371631804602e+00
1.145370742895787552e+00 -2.106599215616407506e+00
6.352827049113727309e-01 -2.022326505409624442e+00
2.634065247148304478e-01 -1.894605683125440088e+00
2.719845707029219239e-01 -1.751456103597997416e+00
2.659102207640992588e-01 -1.620161931698094193e+00
2.319281835858053586e-01 -1.503411973002666269e+00
1.476779067679310498e-01 -1.400161534460930834e+00
-1.066499432798032054e-02 -1.293983588490399850e+00
-3.252839215302557596e-01 -1.163131031681108318e+00
-8.246925726907126109e-01 -7.918595331812550153e-01
-1.114399162005869526e+00 1.181470856536014635e-01
-6.749715149502457656e-01 9.284404624674498230e-01
-1.734119926400611855e-01 1.211860108159404259e+00
1.180792372754638775e-01 1.308878917664894059e+00
2.670692042193536508e-01 1.389851146891883049e+00
3.345780844353247740e-01 1.493167643675332501e+00
3.588549393497620921e-01 1.612689862407480135e+00
3.577891584755180099e-01 1.746465705585514394e+00
3.428877134453959252e-01 1.891768013454161679e+00
7.049080375186310699e-01 2.015274391942758925e+00
1.362792333639429421e+00 -2.067575741011755230e+00
7.841379994339936488e-01 -1.979763480358443184e+00
5.335125032389326227e-01 -1.842366498854328238e+00
5.591540336801239519e-01 -1.689344207923789254e+00
5.741095890737109020e-01 -1.546872583776211618e+00
5.673417663460003091e-01 -1.419895660168682516e+00
5.162187627668552992e-01 -1.319433224874412280e+00
3.851408010391261239e-01 -1.256309917096363860e+00
8.637933003661926734e-02 -1.189219888055232044e+00
-5.506155213509767998e-01 -9.739637113826260517e-01
-1.082818488216814590e+00 1.309793202285145231e-01
-3.679952841840715139e-01 1.062828572132303195e+00
2.302443742623044576e-01 1.190198330082688383e+00
5.077158765443985367e-01 1.228524654415293904e+00
6.229203195028865103e-01 1.288152530344313096e+00
6.620897060809495249e-01 1.392476340140204938e+00
6.628657192291522726e-01 1.523680882334720099e+00
6.424666657832482919e-01 1.670813375685793245e+00
6.115144738258315726e-01 1.828303200193092781e+00
8.054298457623284557e-01 1.965238139098196113e+00
1.573414883080324067e+00 -2.025223985194904763e+00
7.512495705409316660e-01 -1.943558218534011006e+00
7.927112559776250400e-01 -1.768859948004152916e+00
8.317376238726690296e-01 -1.599674589108585732e+00
8.616520129826089613e-01 -1.439371623668405986e+00
8.726135797433985930e-01 -1.294485241666420983e+00
8.490544009513563140e-01 -1.175215370379288471e+00
7.545757608765604196e-01 -1.095951474478761956e+00
4.871277758094014199e-01 -1.094611617117785762e+00
-1.916406827843322724e-01 -1.097506816972049215e+00
-1.063143857139004167e+00 1.235069646358119000e-01
1.231973304122396806e-02 1.112309669482383745e+00
6.395367223864758532e-01 1.028411684992139419e+00
8.366297980023000846e-01 1.037343515053336551e+00
9.285095818908988274e-01 1.115859777648133822e+00
9.531879102941520632e-01 1.243015694886589806e+00
9.418360483443686260e-01 1.397593223659715056e+00
9.094182030169701836e-01 1.567091907874686552e+00
8.669242344130212441e-01 1.743876223040618179e+00
8.216637827405329775e-01 1.924488259865906326e+00
1.676620364480969405e+00 -1.978500570213455712e+00
9.859563339822874362e-01 -1.869968424490440873e+00
1.035766425385999279e+00 -1.676641708347454962e+00
1.084396239208588408e+00 -1.483981241497826842e+00
1.124509471901127045e+00 -1.294195657541268307e+00
1.144054935659919447e+00 -1.111878769253157095e+00
1.126810927662660999e+00 -9.510525535721005008e-01
1.049592858781990268e+00 -8.473898130603516599e-01
7.670036012152976479e-01 -9.792730976281244226e-01
3.394675857742904257e-03 -1.055903687444271322e+00
-1.049456854162055031e+00 9.273558921609117989e-02
1.763920417830255050e-01 1.102372475637326543e+00
9.242170966980028934e-01 8.646006183244424603e-01
1.137992653756064509e+00 8.409626436837445151e-01
1.209735112298177429e+00 9.042146973169885582e-01
1.216346704504084553e+00 1.058313881785068133e+00
1.193163545641476420e+00 1.244551725524543073e+00
1.152884084512801000e+00 1.442218185161256105e+00
1.103794812464807151e+00 1.643068897037747833e+00
1.052312318990889839e+00 1.843387254559181621e+00
1.727415643764839359e+00 -1.927209944300265487e+00
1.203889347926597964e+00 -1.786233126037573449e+00
1.256778633405086554e+00 -1.569019612933917784e+00
1.306585371473068635e+00 -1.343717358085183777e+00
1.341452254111818343e+00 -1.111883200016184903e+00
1.344387827866580620e+00 -8.876419320953287118e-01
1.292262325458653383e+00 -7.011555347794455884e-01
1.105105901875325980e+00 -5.830684155966894266e-01
-1.753334858954557762e-01 -1.051682794439271706e+00
-6.336890905512541083e-01 -8.170555960596318501e-01
-1.020069138596511271e+00 9.481318832739545066e-02
-5.421816180080351044e-01 8.800853498673822939e-01
5.220856296513115558e-01 9.416283569972925260e-01
1.106341183978010845e+00 5.036370517447090744e-01
1.283975102793367018e+00 5.439509088955130078e-01
1.396772206379216730e+00 7.906381354536690109e-01
1.402924643489273482e+00 1.053598806648302855e+00
1.367795420122940531e+00 1.297610888514262983e+00
1.318584553708307405e+00 1.530163700844769492e+00
1.265613508798404174e+00 1.754007530045225138e+00
1.777595383346426194e+00 -1.873905401015415029e+00
1.401981210583505666e+00 -1.697869329736401367e+00
1.450370327880256438e+00 -1.453685891356997884e+00
1.488903611769944346e+00 -1.189744032093429160e+00
1.494596074942969643e+00 -8.977703948704085501e-01
1.379764991795958018e+00 -5.510370127030567167e-01
8.892044080488156199e-01 -6.887575145926889686e-01
-3.766181910862112514e-01 -9.022991089651998253e-01
-8.179496068596120439e-01 -4.167956234009032590e-01
-8.319737098394351937e-01 -2.049522272426669844e-01
-8.381742063943194987e-01 9.453748759729320135e-04
-8.303385189254699483e-01 2.055981714478122835e-01
-8.236457373400465354e-01 4.320484627994721216e-01
-3.367068413108875724e-01 9.408700515961166966e-01
1.207948608657507084e+00 3.466348432174152228e-01
1.427393350951599915e+00 5.259111737257241570e-01
1.534119774652605406e+00 8.308996492278037937e-01
1.542753073148501075e+00 1.136888056005827208e+00
1.507141150262308882e+00 1.410194261823532580e+00
1.459442140059220128e+00 1.661193144574026448e+00
1.867688047308769583e+00 -1.824425617762753804e+00
1.579428860199007856e+00 -1.612168596979173696e+00
1.615254051380641487e+00 -1.341745406229548854e+00
1.627544006295314816e+00 -1.038932291420305853e+00
1.558251493334106952e+00 -6.873305363004105217e-01
1.341247446772264373e+00 -3.578408396333851438e-01
-1.280127475035930940e-01 -9.906641866644708694e-01
-6.202875413424302486e-01 -6.185434065553112593e-01
-6.342774911809991867e-01 -4.057419919027192567e-01
-6.379878774897932425e-01 -2.016583557218859513e-01
-6.392165916554115590e-01 5.898693296201788349e-04
-6.384201300611607177e-01 2.033975985441924816e-01
-6.371568175254364030e-01 4.085726944528118576e-01
-6.274393487331433317e-01 6.191093346445534218e-01
6.419540137947293834e-02 1.025455707948786710e+00
1.241039799546159728e+00 2.643164681531782190e-01
1.603985407981599831e+00 6.380741230036265366e-01
1.672442582439711778e+00 9.820955822169625815e-01
1.666774413331985283e+00 1.293349590775216607e+00
1.632894417639034979e+00 1.571459868716519326e+00
1.912192671677993783e+00 -1.777755993081232333e+00
1.738395474716685207e+00 -1.536698166808884825e+00
1.755260357029560847e+00 -1.244919844316563218e+00
1.730511948914415399e+00 -9.128214356747182956e-01
1.591922136970682633e+00 -5.393571638453563688e-01
9.327121102686508625e-01 -6.075281396742515660e-01
-3.941847870511897001e-01 -8.271035173351855008e-01
-4.336801697345740725e-01 -6.086723233827963098e-01
-4.386114368213576697e-01 -4.039502055251298906e-01
-4.402834276688676329e-01 -2.015084275353238863e-01
-4.409956679545875557e-01 1.897483316048325687e-04
-4.412052614408414342e-01 2.019216291849776634e-01
-4.407016187252068007e-01 4.040433095499567084e-01
-4.345927760100105064e-01 6.069868328596766949e-01
-3.788413402653145190e-01 8.383498450505487698e-01
8.164906535083507055e-01 8.473886880485790307e-01
1.613817006673721188e+00 4.652124376754790958e-01
1.772421201862066642e+00 8.557565997792109247e-01
1.801872739931254408e+00 1.193330922989704668e+00
1.787884041759828957e+00 1.492594003369501987e+00
1.992757651794327289e+00 -1.739973446883170460e+00
1.883683855970760934e+00 -1.477788896888441394e+00
1.879220487258185912e+00 -1.173316561781610368e+00
1.820238048402514019e+00 -8.274185924378281154e-01
1.618144324558621783e+00 -4.301042065139173975e-01
2.137348527134606824e-01 -9.809159766026545046e-01
-2.215890336873262145e-01 -8.086672512561302595e-01
-2.383705497622242153e-01 -6.052607491683089647e-01
-2.410719880871945164e-01 -4.029212131397582053e-01
-2.418843251724629717e-01 -2.013604514223674424e-01
-2.422735485250741838e-01 -2.567113897161733024e-04
-2.426427477984370584e-01 2.006773613751434426e-01
-2.428192140026549373e-01 4.019689366199371006e-01
-2.408877428460158565e-01 6.054929441888925457e-01
-2.260488485525822822e-01 8.186850383828874200e-01
3.616200043116895024e-01 8.803524884370993453e-01
1.604573761843662627e+00 3.483192489385022461e-01
1.856489751307412339e+00 7.627921953166082458e-01
1.921908067918536300e+00 1.118904845867120246e+00
1.929371994182679240e+00 1.431097418118058684e+00
2.071084009367636813e+00 -1.718702687435876841e+00
2.072514352884128108e+00 -1.439896928983825930e+00
1.997890972002085430e+00 -1.131635797000758892e+00
1.913770831906981273e+00 -7.845335502320710530e-01
1.662153896944177367e+00 -3.814244989181229117e-01
4.342041126629272441e-01 -8.760867141639858691e-01
-2.865805607581872055e-02 -8.067818465570554265e-01
-4.067292774759904972e-02 -6.030563360283941465e-01
-4.252536417542402553e-02 -4.018154980900374706e-01
-4.285636470135346238e-02 -2.009367494313746005e-01
-4.285801094850623383e-02 -5.040632942721972286e-04
-4.303307041079254547e-02 1.994253299140616165e-01
-4.383003624374488816e-02 3.991135271335483070e-01
-4.504082427689472951e-02 5.997534736793085353e-01
-3.717642115103063361e-02 8.032313876560556176e-01
4.305430065915678561e-01 8.669913140624228021e-01
1.640426744717619734e+00 2.986966194284209064e-01
1.941722970914310453e+00 7.137837687225080385e-01
2.087582923714926597e+00 1.075199380083086576e+00
2.114484274030635547e+00 1.391426231433134930e+00
2.271094815310375381e+00 -1.700106880156927902e+00
2.259958965593038993e+00 -1.423375860335866827e+00
2.222305590484633608e+00 -1.121519733896109816e+00
2.074468428019489163e+00 -7.837780944960507368e-01
1.764647750240326385e+00 -3.950665280223894515e-01
6.979286326504341442e-01 -7.989190118322080369e-01
1.714090575744037226e-01 -7.940208808455445633e-01
1.592534642445579685e-01 -6.004367658440463718e-01
1.567309872445081798e-01 -4.005020475113138523e-01
1.567099819927555149e-01 -2.000712699335381872e-01
1.573640068177326878e-01 -2.111998420026446046e-04
1.580817889393210662e-01 1.985832838178663295e-01
1.581544845877437266e-01 3.956568504367365402e-01
1.564798562510285040e-01 5.906877228312382710e-01
1.597948649890509332e-01 7.854577938565231454e-01
1.080596968971900385e+00 3.389502795824316794e-01
1.744243772196097053e+00 3.074822280600560953e-01
2.097081596313650209e+00 7.126775709765869049e-01
2.256488895096352643e+00 1.063756923714289426e+00
2.348180663206535179e+00 1.376869781273051263e+00
2.522024501106764571e+00 -1.698131017109457686e+00
2.501679898100677590e+00 -1.428817163602851936e+00
2.405045782762116779e+00 -1.136312637064812447e+00
2.255761388924205857e+00 -8.179365209733721054e-01
1.923194485767290907e+00 -4.582075151440019312e-01
9.143437497164091932e-01 -5.632852986027256925e-01
4.109077234844345505e-01 -7.949724747710641415e-01
3.594769586138610862e-01 -6.011707392724724430e-01
3.561255355677974688e-01 -3.984653880209133026e-01
3.566989277780029943e-01 -1.985521176718730296e-01
3.581133682807371432e-01 1.083881121489069753e-03
3.607530092432545965e-01 1.993363262837375971e-01
3.644689766173804801e-01 3.941009935554134480e-01
3.701005965978079182e-01 5.813173483008404752e-01
3.807516135272785429e-01 7.415869156722879607e-01
8.459507099770808836e-01 6.323820332080842821e-01
1.925635987164808771e+00 3.861716180308191193e-01
2.329138877466682800e+00 7.546892979839910920e-01
2.486566056596078766e+00 1.084016263260270785e+00
2.535884375751808140e+00 1.380418328936542371e+00
2.776991548334102333e+00 -1.709252476530381815e+00
2.700696973117582278e+00 -1.446627428816130267e+00
2.651648941295288608e+00 -1.173489322044852790e+00
2.509520452100993726e+00 -8.789226584430019917e-01
2.224965949917966146e+00 -5.593261839832250892e-01
1.612608145873299481e+00 -2.128878233411195531e-01
7.011804576689070201e-01 -6.853904865061423157e-01
5.470117379598631313e-01 -5.782586119277713932e-01
5.592326870398853789e-01 -3.935014967450073953e-01
5.569435073898906241e-01 -1.967760778929584509e-01
5.585170629729171443e-01 3.556417770660592285e-03
5.638045670532048081e-01 2.029168605973029338e-01
5.738611256898298318e-01 3.972499573935784345e-01
5.897989902817576402e-01 5.841129635184143520e-01
7.816503647798180854e-01 6.170198295159646795e-01
1.680135664897744574e+00 1.550085264552234776e-01
2.239127125896043236e+00 4.956803625764568677e-01
2.531026051551399370e+00 8.190800184411889395e-01
2.679082283914184348e+00 1.120730658548458658e+00
2.781391601509788369e+00 1.404052376145093151e+00
2.988502662071202742e+00 -1.725703778173816927e+00
2.958978858872143292e+00 -1.478034774837265308e+00
2.911134079461548563e+00 -1.222202714553918712e+00
2.780934679190800285e+00 -9.524518811882155545e-01
2.595026265682448319e+00 -6.750199879473077758e-01
2.183028778662623459e+00 -3.897756138954827643e-01
1.453407784234335365e+00 -1.414834886199547448e-01
8.894363762474166712e-01 -4.307413299720564970e-01
7.770579553741064904e-01 -3.972156892404421491e-01
7.541015769609394903e-01 -1.926689251432624483e-01
7.583083446297573804e-01 5.056829722199341660e-03
7.657817986352020156e-01 2.102626667092722668e-01
7.840299111712887292e-01 3.995488084974456733e-01
8.289897240696211256e-01 6.417050581790841868e-01
1.566274562616537747e+00 6.932309060943472878e-02
2.208765746499447680e+00 3.311970059104843433e-01
2.612790378792118950e+00 6.173315588414708399e-01
2.802350405044305770e+00 8.983502703275456636e-01
2.936286513327730052e+00 1.173092718650545985e+00
2.986725308121066291e+00 1.433433372131805106e+00
3.256719092520095504e+00 -1.752474669344946223e+00
3.227144557038080563e+00 -1.516395497500516054e+00
3.183382121785828911e+00 -1.276534987484470696e+00
3.065841637479923332e+00 -1.027691658563683275e+00
2.913218976403128657e+00 -7.792286384710224167e-01
2.709954619860662994e+00 -5.407363011014016951e-01
2.314703401521624571e+00 -3.218745846735187599e-01
1.786166057075477820e+00 -1.568852886031614768e-01
1.251109316376548541e+00 -8.154433260245504134e-02
1.002303224295385764e+00 -3.182418566831133333e-01
9.907956660782148983e-01 -8.323865565672904088e-03
9.754701771168728941e-01 6.025338251043619447e-02
1.115841171578098034e+00 1.313894174883886538e-02
1.804185074806453404e+00 7.877135071317807602e-02
2.336781186100486352e+00 2.585071859121538251e-01
2.727757828071882606e+00 4.839803859265997543e-01
2.931461602140865264e+00 7.258278452474161702e-01
3.086335929911613540e+00 9.780547544043439734e-01
3.206135927460270096e+00 1.230870865155920368e+00
3.251911774886879769e+00 1.474208470211832323e+00
3.532022236375576441e+00 -1.780866806951738379e+00
3.503974428440763678e+00 -1.554855905035003705e+00
3.414113700940264007e+00 -1.322798544374762519e+00
3.360200038063453132e+00 -1.096527528709644539e+00
3.288000163404277032e+00 -8.751519896121994213e-01
3.136827712117516320e+00 -6.586141431474283880e-01
2.897405178821559346e+00 -4.579335079560113431e-01
2.691917354695984699e+00 -2.965220604488835177e-01
2.421971146720733881e+00 -1.746328415885839425e-01
2.181209711720142774e+00 -9.296792944436031714e-02
2.075506228116344776e+00 -3.664739565358862694e-02
2.184373479917232963e+00 2.120121103748159180e-02
2.427888444643024002e+00 1.059681586576809720e-01
2.703449496827994292e+00 2.337756036017710204e-01
2.911597455160903181e+00 4.006243035932806063e-01
3.152134968458275566e+00 6.063967699893021424e-01
3.304770939158212073e+00 8.265412736248032299e-01
3.378986502247973256e+00 1.050660766568164650e+00
3.434863209964895692e+00 1.279746277187377324e+00
3.525914896140886601e+00 1.515009098561197920e+00
3.813539583873759131e+00 -1.810050323214140056e+00
3.788152764904149539e+00 -1.592443543960921026e+00
3.703955974765983150e+00 -1.369906338102095500e+00
3.660567299551424014e+00 -1.155476964915019389e+00
3.606434594470974808e+00 -9.469387046376778194e-01
3.485631321391343462e+00 -7.426701460674755007e-01
3.409437525720576456e+00 -5.595997050069619894e-01
3.270911619903824175e+00 -3.930102850398334291e-01
3.136686487143045099e+00 -2.515879630750817997e-01
3.022010691124684456e+00 -1.333918412268301212e-01
3.002929076797417274e+00 -2.988266471087884513e-02
3.025148749726674247e+00 7.417752843437465382e-02
3.142928012149961869e+00 1.946243978743973091e-01
3.280065106860409863e+00 3.391870095822506759e-01
3.420812763645367571e+00 5.092408868885172080e-01
3.499031748759681371e+00 6.948571972685200215e-01
3.621505291276457150e+00 9.019821491262017821e-01
3.677434016595812594e+00 1.112799649119767365e+00
3.722482751946336155e+00 1.329524284801811840e+00
3.807676818734580415e+00 1.554681611399474805e+00
4.100590790789068407e+00 -1.837842118624316345e+00
4.028234698724854290e+00 -1.622075792269124905e+00
3.999981412315758877e+00 -1.412258177924869962e+00
3.965740883670458850e+00 -1.205866493678559026e+00
3.925390691347987904e+00 -1.005017060564935560e+00
3.879717830538718548e+00 -8.123081786068593324e-01
3.774053341491115710e+00 -6.252994307510207905e-01
3.724567645623443557e+00 -4.572744682262562255e-01
3.682158289510118809e+00 -3.031515496104918994e-01
3.592289893199465123e+00 -1.594257899233167686e-01
3.582587059628672854e+00 -2.541881049627804992e-02
3.594957361424851783e+00 1.089011678815179629e-01
3.687252635784183497e+00 2.544097412044071804e-01
3.732083044189922205e+00 4.098646242035683951e-01
3.783776346462389917e+00 5.795404202995807497e-01
3.891226781609410601e+00 7.688517036471776978e-01
3.938686190481889504e+00 9.633545127759699511e-01
3.980677493639027897e+00 1.166032122367866464e+00
4.016403791545903879e+00 1.374285327796692435e+00
4.045962638743957562e+00 1.585985051861157125e+00
4.392096998127554386e+00 -1.861936330936664552e+00
4.323070374877922895e+00 -1.652605745263483694e+00
4.299958097092541287e+00 -1.448048503571901735e+00
4.273203994469727540e+00 -1.246792693695247367e+00
4.243144652285569585e+00 -1.050233091745702563e+00
4.210737837895815794e+00 -8.598963247517862341e-01
4.177767743656461974e+00 -6.771799803232327886e-01
4.146911726903159234e+00 -5.029323617557839299e-01
4.121511008983204327e+00 -3.369578529463950756e-01
4.104962727711881421e+00 -1.776552328076264897e-01
4.099848233085583438e+00 -2.203378336336021467e-02
4.107128521208395888e+00 1.337705219270491908e-01
4.125808158584347574e+00 2.936097438970321494e-01
4.153262234107113038e+00 4.604361505351309281e-01
4.186049779786808145e+00 6.357845669550041823e-01
4.220806670774439162e+00 8.197738336393237679e-01
4.254854569356184335e+00 1.011495320068163561e+00
4.286412683899915699e+00 1.209515627499682111e+00
4.314519922132769914e+00 1.412286262991348851e+00
4.338832133020788184e+00 1.618393176070336725e+00
