2.089683803828950914e+00 9.170015771685738337e-02
2.150767200186597172e+00 2.834780240663670181e-02
1.218515769843155683e+00 -4.646154133987263554e-03
1.257243643259293941e+00 -5.716814854476772075e-03
1.301342399924030557e+00 -1.324822766675725488e-02
1.350393810447817700e+00 -3.601999344035389933e-02
1.402565093722508482e+00 -9.060483382621947746e-02
1.448153587730842684e+00 -2.248963758908003596e-01
1.238938377247633449e+00 -5.742684760534230159e-01
6.329942525456299096e-01 -6.035771428026831531e-01
2.022627205457541710e-01 3.282124651446954311e-01
1.067846868943560068e+00 9.120116290146449423e-01
1.616722428962918068e+00 5.142778524282384245e-01
1.752771016600395360e+00 1.942242168166847527e-01
1.671551789114348097e+00 2.700622310252897770e-03
1.582637584127210451e+00 -4.809330998381429467e-02
1.510346919951042421e+00 -5.465157206016695024e-02
1.449254059634358605e+00 -4.672638676569487726e-02
1.396414790113797988e+00 -3.514003346943916223e-02
2.298661327048955094e+00 -9.290706199036091739e-02
2.065187010779247156e+00 1.078424896236939434e-01
2.132893120715555035e+00 7.592068303429946874e-02
1.213555387844081235e+00 6.399714526398313230e-02
1.248834153451766849e+00 8.386141823175462251e-02
1.289804551103341357e+00 1.037555664854648285e-01
1.339522271970162492e+00 1.146561795111586401e-01
1.400557950529150775e+00 9.421030331446801631e-02
1.464301394118552313e+00 2.286210838375675805e-02
1.535217839797938577e+00 -1.815823376555765478e-01
1.016729464264947591e+00 -7.172946089253511293e-01
1.725659750444807072e-01 3.894994400934806977e-01
1.540423835097265881e+00 7.569098700609900865e-01
1.935835189982775040e+00 4.128648255147383817e-02
1.700473069390598724e+00 -2.201075581039874662e-01
1.591521138105959965e+00 -2.581741037337336175e-01
1.521245978476109428e+00 -2.422644431549293154e-01
1.467128267177926437e+00 -2.069704352174578377e-01
1.420938846541493161e+00 -1.666953403999678063e-01
1.378936937978807231e+00 -1.294228632382554700e-01
1.282266982382771259e+00 -1.841141069438214928e-01
2.039197274006620209e+00 1.166685174353874616e-01
1.126453407105840743e+00 1.366608142303584461e-01
1.187794792798109622e+00 1.281602390909583056e-01
1.210931961811167579e+00 1.664227797066500092e-01
1.235018377083981322e+00 2.109390900875132979e-01
1.262053837133333634e+00 2.572178938041719820e-01
1.300277138399111632e+00 2.963452102407990174e-01
1.399476334115016263e+00 3.181942847289488951e-01
1.515592980749244534e+00 6.673835541349704137e-02
1.326433876048641602e+00 -7.005591983636270115e-01
1.621260397920369078e-01 4.014552013271756592e-01
1.744316516731477140e+00 5.162550458761213656e-01
1.680093229705457158e+00 -3.611827093132557454e-01
1.555563144577486234e+00 -4.608745523047195203e-01
1.458025883854614735e+00 -4.615070835176305342e-01
1.412363397250669284e+00 -4.023250852685357759e-01
1.384544089220219210e+00 -3.344450143803339159e-01
1.361194472404791522e+00 -2.697451135178994819e-01
1.337198532753930191e+00 -2.130147615536464034e-01
1.267806358098300556e+00 -2.100994213063576976e-01
2.014041870350085972e+00 1.186183096357464051e-01
1.135605593793058476e+00 1.398122398204423023e-01
1.145308271490208529e+00 1.807847247870135177e-01
1.151207080531420290e+00 2.308712625252089812e-01
1.154753100265172527e+00 2.889182427043092138e-01
1.164195840031309936e+00 3.517673811673037165e-01
1.199600551372154822e+00 4.073510870131357153e-01
1.260360815396236456e+00 3.899368806234347340e-01
1.201002069381071680e+00 3.966457677792058489e-01
1.587637348662117587e+00 -1.401723507716164663e-01
1.126142505530481897e-01 3.180006182692438066e-01
1.888572451391597129e+00 -2.691943278782803484e-01
1.178827382635345256e+00 -7.652985302237526044e-01
1.359598235557348600e+00 -6.246008109004924647e-01
1.285225405569419443e+00 -6.035612986456686535e-01
1.267610369089090971e+00 -5.191228607717205401e-01
1.273474531022335210e+00 -4.311049367025931445e-01
1.279406974886981407e+00 -3.501892025637705075e-01
1.278034730482765058e+00 -2.802979167957007078e-01
1.269196659758794032e+00 -2.222914256932517207e-01
9.918359406454398952e-01 1.389472883492140487e-01
1.097091353339747277e+00 1.718569540872353085e-01
1.091625164852332519e+00 2.190350257222497543e-01
1.076063943952324520e+00 2.779979656023413015e-01
1.046668896908555801e+00 3.540699269877685684e-01
9.937099550750123633e-01 4.600465809165267261e-01
8.982387733651834294e-01 6.039435772764877308e-01
8.049003872227411538e-01 7.729844730627796201e-01
1.338370834734295967e+00 2.922779237441560651e-01
1.013557476890029729e+00 1.888798287591306746e-01
3.219027537615302970e-02 2.535961330627892751e-01
1.739954181119536258e+00 -4.731484695118055583e-01
1.335999586742909750e+00 -9.549320397921913228e-01
9.797310735092469303e-01 -8.729338067826799552e-01
9.808086105115447761e-01 -7.388001907402347301e-01
1.071578418251865061e+00 -6.053983544920462645e-01
1.139488154349266091e+00 -4.949148357484302041e-01
1.183154645990221132e+00 -4.044306439267468245e-01
1.207947577113561710e+00 -3.282177185086642690e-01
1.217860035241352890e+00 -2.644898130937656799e-01
9.830643860975076809e-01 1.410499874456738190e-01
1.053911249571121367e+00 1.920458891094367071e-01
1.031203605427756909e+00 2.413765136524592403e-01
9.869011064817269085e-01 3.028915702454996750e-01
9.044601663214175691e-01 3.769529189447776707e-01
7.671930149962896683e-01 4.516743939747024927e-01
5.821335621202674560e-01 5.335208030707109250e-01
-2.369545054194376402e-02 3.597733689949328406e-01
1.320006361197478606e+00 -1.260054882432062595e-01
6.701602506033518258e-01 -2.547304468604990046e-01
-2.333135789009861422e-03 1.640279903419088470e-01
8.158989563018996805e-01 4.642982378007408650e-01
3.534668081770817039e-01 -2.252745909930833068e-01
-1.978731783992837834e-01 -4.060450560306962386e-01
3.176749607292611577e-01 -7.617126484960625721e-01
7.865996648952681136e-01 -6.370654864895658465e-01
9.798747426684559780e-01 -5.228348806105161950e-01
1.078422888363325338e+00 -4.323896418486299909e-01
1.133283974183254106e+00 -3.561475505451806578e-01
1.162630574773287906e+00 -2.916837501134803001e-01
9.738735053014864196e-01 1.426591233235250389e-01
1.010366849970657066e+00 1.999277849185815692e-01
9.706166179597250920e-01 2.459021680788466557e-01
8.973717116118986592e-01 2.983686821037416781e-01
7.621501989107692943e-01 3.492856502885965941e-01
4.581515937603000133e-01 4.087138858494387961e-01
1.559324296076242122e-01 -5.648568437790713048e-01
3.824541185257289422e-02 -3.253184977873560535e-02
-6.082532110691749733e-02 6.541680185770368944e-03
-2.684075224327132914e-02 3.697323105878078629e-03
-2.172522774432010875e-02 3.668273037951685304e-03
-2.093813766149737327e-02 7.345615404570778571e-03
5.067511529271404719e-03 3.444117843301726378e-02
2.490226066090249924e-03 9.528254695373096494e-02
4.488237028771724368e-02 -4.960052748372884568e-01
4.867004743181777560e-01 -5.731021228702436465e-01
8.123164585086257716e-01 -5.127947754612116604e-01
9.748565216518573218e-01 -4.343292965885338641e-01
1.060703123820443627e+00 -3.650780413259737123e-01
1.108353992783482678e+00 -3.044460324447186284e-01
9.612572798620989678e-01 1.393964232045457607e-01
9.709677430111520735e-01 1.965264161042210578e-01
9.180990832633111332e-01 2.345751426000257100e-01
8.236287013787814137e-01 2.720838743723179021e-01
6.375014436750123803e-01 3.038958340386233026e-01
2.086507521906913742e-01 3.502395759815991605e-01
3.326778694813147808e-01 8.997825463605271801e-02
-4.456626541197152014e-02 4.047487073249191438e-04
-2.932057130062386968e-02 9.534695218148474261e-03
-2.747097505870601392e-02 7.254889042297015325e-03
-2.418036038521239814e-02 7.792783171204799644e-03
-2.130116572807994046e-02 1.026813125082202266e-02
-1.935483428741606796e-02 1.658841026176866365e-02
-1.342696000536014976e-02 3.697225618936544889e-02
3.237357937814374642e-01 -7.239347792381753410e-02
9.052122588775550482e-02 -4.302901837542014163e-01
6.798271484029878575e-01 -4.588209285355764888e-01
8.875950214013691442e-01 -4.136888591024726614e-01
9.975106638761253031e-01 -3.576370586774046956e-01
1.059482136118840900e+00 -3.045395207894191492e-01
1.965843444225247483e+00 1.238289890124592285e-01
9.391709402903232196e-01 1.845513261622679646e-01
8.791779818909171151e-01 2.130310699549139430e-01
7.736007764927281816e-01 2.361710176569690178e-01
5.587182451819647788e-01 2.448766852289513685e-01
-3.636587540269149432e-01 -6.644690514960277516e-01
-8.808971545547522597e-03 -6.691323391699171251e-03
-3.087107211387478747e-02 1.495828969655715011e-02
-2.873244627927450806e-02 1.062021857372276619e-02
-2.699622260551454503e-02 9.636885542643700356e-03
-2.544677203203424276e-02 9.924894747351949501e-03
-2.450063566203607504e-02 1.175426388311346694e-02
-2.519144982892305984e-02 1.518277908446303420e-02
-3.171938396321686421e-02 1.720215504557372557e-02
-1.087247735867451735e-02 -1.422653578969437782e-02
1.103414970108026250e+00 -2.353513421690722751e-01
5.680229222546160361e-01 -3.972127845449779371e-01
8.273292333288235767e-01 -3.779339528070945753e-01
9.493847590212147747e-01 -3.381456785544029175e-01
1.019346412762250242e+00 -2.946906085129727404e-01
1.956302006538331417e+00 1.197342694493175180e-01
9.164834121472317241e-01 1.673461193855428908e-01
8.554266629475856254e-01 1.868881508165866900e-01
7.497030155570697518e-01 1.979938103933704951e-01
5.133065960905459635e-01 1.850428507416260193e-01
-1.071168441459823678e-01 -9.607547049470947786e-02
-3.219409561336541298e-02 1.700528346290909945e-02
-2.718235233414548202e-02 1.382837014836419201e-02
-2.706910086072822699e-02 1.177975203817749339e-02
-2.651775824482601254e-02 1.069301766327717881e-02
-2.615164654526940663e-02 1.059101815112529869e-02
-2.647009543670254469e-02 1.150604194452265958e-02
-2.767155911535000221e-02 1.325759720340484622e-02
-2.823213786752155202e-02 1.464566483480192124e-02
-1.420347948948416823e-02 2.426002358529080055e-02
2.803856489281434522e-02 4.783859823911389836e-02
4.972352031682188422e-01 -3.421209641934102041e-01
7.936891731110987669e-01 -3.387516650794215045e-01
1.941075308166963831e+00 -2.996774786587232398e-01
2.006358754120746823e+00 -2.626343988741015600e-01
1.949188890849880007e+00 1.139847531996423108e-01
1.917577922740475005e+00 1.290025077974660539e-01
1.867942785053833932e+00 1.515261905343836535e-01
7.483494329821231972e-01 1.629309293584469409e-01
5.175963422662809288e-01 1.416141992425391516e-01
1.736706722267794198e-02 1.076290357127329539e-01
-1.967185228106935885e-02 1.289689912576219913e-02
-2.492134934616688571e-02 1.305674217488424042e-02
-2.574841846524589598e-02 1.182427649430337936e-02
-2.581326225282699893e-02 1.086904012572018768e-02
-2.619041097150904066e-02 1.023614423022188580e-02
-2.741133246789906330e-02 1.025713544001705634e-02
-2.962204485379787977e-02 1.143845730759937909e-02
-3.190115972110079551e-02 1.488132205106647982e-02
-3.580090551235102364e-02 1.958038510026292867e-02
1.680736112101842081e-02 -1.234809239156863109e-01
4.998885473967332183e-01 -2.973437116873473562e-01
1.812415764351330782e+00 -2.955930556178005819e-01
1.920410853804662699e+00 -2.612388524268037804e-01
1.980466179220981227e+00 -2.366420690316348718e-01
1.937990425043539355e+00 9.674908433887340065e-02
1.909640877852503360e+00 1.055866506449876091e-01
1.867631070219185174e+00 1.107558078273008090e-01
1.794589556491050342e+00 1.185250457595216911e-01
5.773480975609942556e-01 1.116138035661202177e-01
8.172635773336039966e-02 1.120144449600612852e-01
-1.849386101925897322e-02 1.187522851375881656e-02
-2.473923456941154453e-02 1.102131097087709344e-02
-2.508459227033085770e-02 1.183367705930921110e-02
-2.471411494595977462e-02 1.072723275639872638e-02
-2.533001483845664231e-02 9.245022962262868654e-03
-2.718191810767062178e-02 7.964946816327502649e-03
-3.112007145053992396e-02 7.456448653799657711e-03
-3.780543109421512921e-02 1.074609685967881437e-02
-3.888792667370734313e-02 2.421411426654300481e-02
-2.300248623798112346e-01 -3.461794724696229918e-03
5.676670559906851210e-01 -2.631781799225901275e-01
1.827686700418597265e+00 -2.481288262183624083e-01
1.915093816110148728e+00 -2.258234559496155314e-01
1.964069107233441969e+00 -2.027636675743638428e-01
1.931733737944469675e+00 7.614847441708469389e-02
1.908693968029667287e+00 7.959288735036422480e-02
1.874857210172695243e+00 8.541903550366670983e-02
1.819720755374947485e+00 8.754342253704516796e-02
6.585449316190153946e-01 9.054596216065094461e-02
-3.112674826086034297e-01 -5.775760172577639739e-01
-3.308545132658581578e-02 2.016586480755596517e-02
-3.081108064172772762e-02 9.633890877464168154e-03
-2.409868375048456607e-02 1.432895490559324761e-02
-2.242525608260611050e-02 1.055903384374231799e-02
-2.342778168332751085e-02 8.018026910309635977e-03
-2.480746500000964930e-02 5.260077587237763780e-03
-2.873929742505889132e-02 5.155627319869272428e-04
-4.061637477418349879e-02 -6.231954093360293073e-03
-7.636549970736707105e-02 -1.582462034765550613e-02
2.871812220403128103e-03 2.006872700331476661e-02
6.732728227116838715e-01 -2.368489780141996570e-01
1.857855734045849472e+00 -1.999414103391662922e-01
1.919640118126028083e+00 -1.873958032401599472e-01
1.958474643123565340e+00 -1.787584804777956060e-01
1.930675495433431976e+00 5.837615690969309018e-02
1.911807471786642898e+00 6.247019833396671995e-02
1.887422908372054620e+00 6.031112320407980287e-02
1.849795280557942956e+00 5.860638654813409010e-02
1.774505555476366458e+00 5.759911866289316174e-02
4.242847806933290888e-01 5.659328585558347224e-02
-2.342959035829658421e-01 1.263724918623291282e-01
-7.255718478678935268e-02 3.994514429780757908e-02
-1.237413403544673253e-02 1.761800287288955991e-02
-1.875854513766877715e-02 7.901794002650395707e-03
-2.189279772266021148e-02 7.078851905731629174e-03
-1.990866326397529654e-02 5.219790731688133886e-03
-1.841673146018746668e-02 -4.985456478556465378e-03
-1.859977944295518673e-02 -1.910475074268815771e-02
1.846176260858109208e-01 -1.027275506874334859e-01
4.817829645958406348e-01 -1.979889578407325879e-01
1.797525487152742407e+00 -1.855481603345786601e-01
1.882407729440318978e+00 -1.713261611035866716e-01
1.927054923693026778e+00 -1.627529355928440391e-01
1.957164338920085456e+00 -1.525115102317789739e-01
1.932115535178081878e+00 4.623324376525941165e-02
1.917807837917703484e+00 4.518930776349643769e-02
1.900347059604562183e+00 4.177081045843476781e-02
1.875009575660286698e+00 3.862874257257193494e-02
1.837426403456991597e+00 3.143854472072518669e-02
1.743026261226612306e+00 2.886527390838022553e-02
2.365560540565712633e-01 3.356559868576428074e-02
-5.619306427957337924e-02 3.288706985588462500e-02
-6.443990404861074488e-03 -2.194862175152659245e-02
-1.985023020097713420e-02 -6.869903799475909206e-04
-2.559728083632761136e-02 6.382466360152342678e-03
-1.607997631137562944e-02 1.937011823798584845e-02
1.757593797689808654e-02 -2.677698094875110083e-02
-1.431581470316755922e-01 8.557856487946678692e-02
3.691319269356665989e-01 -1.604201304879986911e-01
1.763158590904823297e+00 -1.586530133089997796e-01
1.862115217052061622e+00 -1.449678360592946413e-01
1.906027123794050482e+00 -1.423505479267409002e-01
1.936393766641663516e+00 -1.373503508949653618e-01
1.958525089869946445e+00 -1.346958851409528202e-01
1.935460065919822670e+00 3.384168819649587684e-02
1.924689843271115031e+00 3.180588118114367757e-02
1.912249582760994882e+00 2.800787904360863348e-02
1.894989481956665056e+00 2.444657665798611809e-02
1.872252914359055609e+00 1.827712551671469704e-02
1.840188214876083084e+00 8.694971518976564104e-03
1.765460139931085193e+00 1.397711438156765476e-03
5.372084658918404587e-01 -8.110222049470091482e-03
-9.605370803840113103e-02 -4.309717861747937306e-02
-1.890679176266089612e-01 -5.834292932309754764e-01
1.866991162504125223e-02 -5.924524390617075600e-03
2.995498243666194077e-02 -6.630946949256942557e-02
-1.148735784843226554e-01 -8.736232157531902132e-02
5.494406679845733610e-01 -1.336331527217411441e-01
1.780692948463745484e+00 -1.266440594604061887e-01
1.859359551371767116e+00 -1.201104068609041842e-01
1.896510185634838308e+00 -1.211864808122227050e-01
1.923875881922835651e+00 -1.200620449242089799e-01
1.945007290582471793e+00 -1.172144271093345930e-01
1.961296866906913294e+00 -1.161510939626400618e-01
1.939537856103800584e+00 2.393673218292104860e-02
1.931438203058829517e+00 2.145487469481668213e-02
1.920922284101540312e+00 1.942424525337774904e-02
1.910550020559705686e+00 1.411020421663569495e-02
1.899139916560779184e+00 7.051957480709619003e-03
1.882521590357661090e+00 -3.122835635258986928e-04
1.855906230453917338e+00 -8.438078572431563854e-03
1.827272454956654801e+00 -2.048056173533550905e-02
1.780474755788079122e+00 -3.348093609727165881e-02
1.722573465253872005e+00 -4.894249650605995289e-02
1.690325475911319986e+00 -6.656432914996414374e-02
1.725338503563539350e+00 -8.123269945571061357e-02
1.786459823248749856e+00 -8.905229411647373750e-02
1.837552989414993565e+00 -9.314752710999699148e-02
1.870506226301170249e+00 -9.818543254292748379e-02
1.901018807493540130e+00 -9.825497060678292649e-02
1.921594026060964300e+00 -9.980498991765507366e-02
1.937095922999876763e+00 -1.026281062580045034e-01
1.951212262240985318e+00 -1.038122497118662557e-01
1.964394409221894788e+00 -1.009998223060451367e-01
1.943863143936191751e+00 1.608396564273960327e-02
1.937761463203512502e+00 1.346688534257237634e-02
1.929912093596568790e+00 1.115579451351137764e-02
1.922758333600578684e+00 6.463969216858179816e-03
1.915374123716644394e+00 6.161201572660386823e-04
1.905099881519210392e+00 -5.383802486247772114e-03
1.897182332784194347e+00 -1.361194288033570378e-02
1.885637838272235189e+00 -2.215554686990528835e-02
1.873909457058034356e+00 -3.183105837239349339e-02
1.863412853414145642e+00 -4.238795763431120467e-02
1.862496194396269011e+00 -5.270716340311710352e-02
1.866738882701228563e+00 -6.237074508826052910e-02
1.880623669909431861e+00 -6.948169131409084875e-02
1.895851535329626358e+00 -7.510336406995239689e-02
1.910912029309635329e+00 -7.935964930628551517e-02
1.922582290619738732e+00 -8.448867828926352741e-02
1.936135173617586691e+00 -8.615649716288346915e-02
1.946956738468683668e+00 -8.880454206993990129e-02
1.957299968736802676e+00 -9.025183154702692834e-02
1.967483107586647240e+00 -8.856415373872170149e-02
1.948119424302100500e+00 9.863460908660382290e-03
1.942579383904412982e+00 8.245543328923387802e-03
1.937598256655964635e+00 4.910543563894575851e-03
1.932574013128256940e+00 7.840148280671396840e-04
1.927636728980679726e+00 -4.141760748443775245e-03
1.922948973177867060e+00 -9.822941644666243963e-03
1.916293450569914292e+00 -1.572025804001874263e-02
1.912480790542437248e+00 -2.278323780736779200e-02
1.909764249143017345e+00 -3.014417095672682415e-02
1.905229942707364010e+00 -3.792849965208795748e-02
1.905776157657792735e+00 -4.548904483304463259e-02
1.908436919043611679e+00 -5.270060188252471967e-02
1.916114448815266602e+00 -5.819630630593723014e-02
1.922088741714184978e+00 -6.406645897891850849e-02
1.929192707589053368e+00 -6.923101104890325153e-02
1.938829295955624588e+00 -7.189910280152198019e-02
1.946639882279895817e+00 -7.525845125640903688e-02
1.954556631027316804e+00 -7.771001131110076565e-02
1.962368258709911828e+00 -7.925358743138248563e-02
1.969909887046603636e+00 -7.993139037746772868e-02
1.952135236998368883e+00 4.924877203254300791e-03
1.947820477810832562e+00 3.207494162571235090e-03
1.944142178519028041e+00 1.579332653995532123e-04
1.940554043960703412e+00 -3.470623573763102938e-03
1.937166491877043928e+00 -7.669064288475025727e-03
1.934107797987486110e+00 -1.239618789752554295e-02
1.931523996253674103e+00 -1.757567296962831219e-02
1.929576667731186079e+00 -2.309798452466935159e-02
1.928434623156668026e+00 -2.882850661050391505e-02
1.928255151254450794e+00 -3.462081710816099916e-02
1.929154960376460615e+00 -4.033101987584251924e-02
1.931179727661465062e+00 -4.582765815071244975e-02
1.934287473620492248e+00 -5.099421016854648048e-02
1.938355659124823660e+00 -5.572678419482455375e-02
1.943207406450649044e+00 -5.993266673541583489e-02
1.948642901624499935e+00 -6.353319021232574360e-02
1.954464034378956105e+00 -6.646994049522626791e-02
1.960488705320151404e+00 -6.871054347549510055e-02
1.966557396736145380e+00 -7.025107147960003851e-02
1.972535644287634726e+00 -7.111446278795001408e-02
