1.081638599575109883e+00 -2.130747722142497302e+00
4.998825128054926181e-01 -2.052539506342368814e+00
1.112733168670931305e-01 -1.925841165035184321e+00
1.062044415295811395e-01 -1.784627781148427239e+00
8.369856820598875480e-02 -1.653009686829078673e+00
3.244901660461887993e-02 -1.530062192879032557e+00
-6.391680773862368214e-02 -1.412236227041379300e+00
-2.399031774893831681e-01 -1.288916336170077948e+00
-5.517217149547671839e-01 -1.096991192990900643e+00
-9.497326695385623907e-01 -6.687060194812053382e-01
-1.139016168781406657e+00 1.313096420763673888e-01
-8.098370999945772031e-01 8.491066857234125242e-01
-3.799444019480511248e-01 1.175748875691730699e+00
-9.344957813623749887e-02 1.331981715650260245e+00
7.312690310389596826e-02 1.433293388202909746e+00
1.595385411142521137e-01 1.539244879974120961e+00
1.988696925078808353e-01 1.658199673029853605e+00
2.112208722924950044e-01 1.789281028071911139e+00
2.078320742988389591e-01 1.930848388274682748e+00
6.373684550542533245e-01 2.039579442398768983e+00
1.302404146984660782e+00 -2.094670772093121691e+00
7.997950555312831611e-01 -2.013619626906671289e+00
3.851948361743618987e-01 -1.889549137759715114e+00
3.974891539581831834e-01 -1.744739253866462780e+00
3.957257396308433428e-01 -1.611876775961738506e+00
3.668768240151309423e-01 -1.494630533542260498e+00
2.885713736010766528e-01 -1.394283924421148457e+00
1.359121801382340289e-01 -1.296295861357461554e+00
-1.752052855419460320e-01 -1.189362863247351632e+00
-7.327737046611948468e-01 -8.621889460760127077e-01
-1.097842130497676205e+00 1.533753312109738531e-01
-5.330183022237777735e-01 1.007845813074363495e+00
1.522609453723666739e-02 1.228497591432632596e+00
2.896547408055989425e-01 1.293957190515550471e+00
4.280671681752988289e-01 1.368931006350201152e+00
4.883421573476935951e-01 1.472710823387687329e+00
5.068257620595687518e-01 1.594963734215164353e+00
5.007662995541617423e-01 1.732161788563071125e+00
4.813665861737562168e-01 1.880710121483939457e+00
8.339484717345828635e-01 1.997939636012090681e+00
1.516996636987008262e+00 -2.054778342663889479e+00
8.975040329059508215e-01 -1.966713273725136046e+00
6.530809642325859921e-01 -1.830626771282106047e+00
6.813110086926102982e-01 -1.673960041707699853e+00
6.989901936228137824e-01 -1.527242512635168525e+00
6.952517073209175669e-01 -1.395879812754760696e+00
6.483262295053682234e-01 -1.291878899727889829e+00
5.276883756566677075e-01 -1.228472342986490773e+00
2.362382469737720758e-01 -1.186901272496657000e+00
-4.314228580074601638e-01 -1.042625261785479651e+00
-1.068157830713531986e+00 1.672397084468175421e-01
-2.034959731406315309e-01 1.115985062380746795e+00
4.002578216764456354e-01 1.160130180082901585e+00
6.668804098553717807e-01 1.187371764167654442e+00
7.720566132565205297e-01 1.244982300548145515e+00
8.059658545887232739e-01 1.354656710656784835e+00
8.033667518722346079e-01 1.492321271133666860e+00
7.801051794962320374e-01 1.645647538259228604e+00
7.463181247275854080e-01 1.808548559538048384e+00
9.331459283097884860e-01 1.945208755035147563e+00
1.724913576711684549e+00 -2.012288673628147784e+00
8.655651197262332897e-01 -1.930254704121258325e+00
9.082431782882630644e-01 -1.751525549836988827e+00
9.481487390700141793e-01 -1.577395736930957693e+00
9.787255457454318019e-01 -1.411389703235240489e+00
9.908917662801783877e-01 -1.260480051073842089e+00
9.707977248793899783e-01 -1.136311251937401234e+00
8.808666281429781142e-01 -1.059010861914975621e+00
6.096290097975058941e-01 -1.055223240013720254e+00
-4.150341172202226536e-02 -1.117776786390292321e+00
-1.052525224128454617e+00 1.537968772405211570e-01
1.889198214928537178e-01 1.099815656717977541e+00
7.649911084030649455e-01 9.536673587936481677e-01
9.733890166854790582e-01 9.778153428483710163e-01
1.059745111154593911e+00 1.057897431955172607e+00
1.082621866476635386e+00 1.192693545905371133e+00
1.071446097988969282e+00 1.355763378542928166e+00
1.039161023394171046e+00 1.533245091771138657e+00
9.960983450834723918e-01 1.716941488335190114e+00
9.495909854225550450e-01 1.903255187829640205e+00
1.776276756945760926e+00 -1.964509028099666654e+00
1.096517770179059825e+00 -1.853205098264942619e+00
1.146027179306411181e+00 -1.655138235977151595e+00
1.193402866991606359e+00 -1.456543290728030238e+00
1.230984534065961311e+00 -1.259149361055456939e+00
1.245939909971448323e+00 -1.066441843356041863e+00
1.220767242881598991e+00 -8.919459434768288730e-01
1.136717953472274001e+00 -7.739047677935066982e-01
8.939470824694404349e-01 -9.521165726499087878e-01
1.005937490657687478e-01 -1.044504003575479345e+00
-1.045677305322435746e+00 1.160688095613027215e-01
3.431858747924099173e-01 1.064660772993369253e+00
1.055682429615419027e+00 7.821808751637322477e-01
1.244059888659339475e+00 7.567886425844863041e-01
1.313417949708384214e+00 8.312521117897830880e-01
1.327060350395342869e+00 9.984611166293987372e-01
1.309614027686838655e+00 1.195652689540209535e+00
1.273108131197854931e+00 1.402375985332125596e+00
1.226072035288493955e+00 1.610891017638723444e+00
1.175232885213720158e+00 1.817600914397680345e+00
1.826186076743239628e+00 -1.912972396471732006e+00
1.310148469548885197e+00 -1.767200962071899140e+00
1.360988745879024187e+00 -1.544946631713692842e+00
1.406642285786218638e+00 -1.313329389266189695e+00
1.433669653484776596e+00 -1.073865025358841097e+00
1.423535046351403821e+00 -8.417614017342238686e-01
1.353683596987082627e+00 -6.466750378295511581e-01
1.111839180962056473e+00 -5.380365295569504713e-01
-5.645455842198941754e-02 -1.068332541448792972e+00
-5.738136927267316612e-01 -8.461177604505084604e-01
-1.019230719375809668e+00 1.095327259447384377e-01
-4.685498203043431120e-01 9.214317617544073302e-01
5.645382419678327546e-01 9.159540914420029045e-01
1.095967092370665696e+00 4.488465146179004273e-01
1.322217845408269143e+00 4.652724398217240043e-01
1.478841319156390499e+00 7.255666444283803695e-01
1.503412786163766945e+00 1.000883696933053901e+00
1.477523719763226717e+00 1.254370332838764535e+00
1.433385157450924208e+00 1.494765716597318495e+00
1.383032090186949059e+00 1.725181128701000377e+00
1.875434847791523696e+00 -1.859471022611874247e+00
1.503830534494161375e+00 -1.677828240136118421e+00
1.548410134976653030e+00 -1.428869754001470982e+00
1.579802215601698867e+00 -1.159411748372634721e+00
1.572193485553416314e+00 -8.619303498875002800e-01
1.427925286326692023e+00 -5.090393768725520740e-01
8.974999993482640770e-01 -7.360623751475479093e-01
-3.669218204870156597e-01 -9.080216110059990964e-01
-8.226242767688596302e-01 -4.183795312890045692e-01
-8.344513354137933492e-01 -2.054155067136970159e-01
-8.403692184233455542e-01 7.611166636903015509e-04
-8.322396044131662451e-01 2.061937167252311243e-01
-8.235847867816947776e-01 4.359249908210435787e-01
-3.173211228284048002e-01 9.503288295680512032e-01
1.216756219876054645e+00 2.939775283334239431e-01
1.478645382922538110e+00 4.668942035752576269e-01
1.617252191527814853e+00 7.783734172480548663e-01
1.641864945993825042e+00 1.092889596019014142e+00
1.614553139387804537e+00 1.373519174444053581e+00
1.571368819501140823e+00 1.630805836412643206e+00
1.964224661401353211e+00 -1.810276230060545943e+00
1.677230944172833471e+00 -1.592296865199387179e+00
1.707860241850651661e+00 -1.317854228280161299e+00
1.710761546157486102e+00 -1.010979141215019750e+00
1.622973247391857443e+00 -6.557891499380050782e-01
1.365119247516720424e+00 -3.213777117025081176e-01
-1.040083512055315074e-01 -9.850325051588458836e-01
-6.228603316155203462e-01 -6.191393022892039966e-01
-6.371585556602561429e-01 -4.056100581750888834e-01
-6.407916842742625851e-01 -2.016296091227159082e-01
-6.417505367887533785e-01 7.310946910226570139e-04
-6.406716716615300511e-01 2.038117731721832693e-01
-6.390568988957884278e-01 4.095793351396719850e-01
-6.280628863175909959e-01 6.229760833307969037e-01
1.021883795128967487e-01 1.022701264550939459e+00
1.253288434529660655e+00 2.201872954743051558e-01
1.673133208974007857e+00 5.908146250486536744e-01
1.762397432363264960e+00 9.398249381006333891e-01
1.767636675861574913e+00 1.257132952042286922e+00
1.739803906937099409e+00 1.540836966700010358e+00
2.058530571844066070e+00 -1.764375119668782466e+00
1.832885201509433681e+00 -1.517912631565260462e+00
1.843770453916250274e+00 -1.223069653641619903e+00
1.808421134962937549e+00 -8.883675873868022155e-01
1.648406705327376320e+00 -5.137079636295051044e-01
8.968455353180333489e-01 -6.564943879798371684e-01
-3.938947480518048549e-01 -8.307246130427184960e-01
-4.361282617277923990e-01 -6.082914741019302962e-01
-4.414590687626692711e-01 -4.035923186979937238e-01
-4.430818895009683289e-01 -2.012057301871684745e-01
-4.436536354530206117e-01 5.168751285839248396e-04
-4.437308092654673186e-01 2.023817606242280243e-01
-4.431611634443335390e-01 4.047419734216581855e-01
-4.372112356016317203e-01 6.077051572477809582e-01
-3.750866317538167904e-01 8.371731914000232200e-01
9.152709811189435607e-01 8.265944166967350570e-01
1.671411412445882982e+00 4.242197068905992907e-01
1.855923953144477778e+00 8.169714911457718332e-01
1.897655192579442707e+00 1.158908477212847510e+00
1.890613955017982795e+00 1.462803837439919930e+00
2.138088764681012943e+00 -1.727047364530296614e+00
1.975771129375410329e+00 -1.460668182206894095e+00
1.965169485413376327e+00 -1.154047935976239669e+00
1.895504415745832283e+00 -8.068023559723861426e-01
1.669754765091222781e+00 -4.105587968923733455e-01
2.087147680997991084e-01 -9.856741479297779218e-01
-2.242000639591898159e-01 -8.081370255383100165e-01
-2.411019241317185480e-01 -6.047473471093033348e-01
-2.438673601095457666e-01 -4.024230502636717000e-01
-2.446485221165747015e-01 -2.009227536438156214e-01
-2.449724418893395039e-01 1.600611266131904973e-04
-2.452893081078310056e-01 2.011354279847165083e-01
-2.453993272693776595e-01 4.025125853554049615e-01
-2.430320676400631041e-01 6.060820018898317452e-01
-2.247809712765175549e-01 8.206660347842754666e-01
3.703700320979993466e-01 8.797693774705357406e-01
1.654929088033206153e+00 3.129445998522648043e-01
1.936308169681284497e+00 7.279670070755986933e-01
2.065463240845836435e+00 1.087668245982091442e+00
2.079786974157798340e+00 1.403657956121216355e+00
2.215669777992917311e+00 -1.706401361251472348e+00
2.213717966515660329e+00 -1.426054545978030053e+00
2.133811927760881133e+00 -1.115495344634657382e+00
1.988720090893141279e+00 -7.675011197917973593e-01
1.713943958561698233e+00 -3.663900095134803303e-01
4.420766240814356096e-01 -8.671229212534423691e-01
-3.021425529694143908e-02 -8.056521155968635606e-01
-4.325338493568985088e-02 -6.022997104868743623e-01
-4.523799795742928370e-02 -4.012108137984899958e-01
-4.555664474028053856e-02 -2.004203568374701983e-01
-4.553456043368608874e-02 -6.075639789455554614e-05
-4.572078936830158147e-02 1.998408334933592101e-01
-4.653794354594266436e-02 3.996047536517173260e-01
-4.757889211234539451e-02 6.005599264130587756e-01
-3.900540369794118500e-02 8.045129472626474376e-01
4.404814092805834358e-01 8.544125050503681429e-01
1.690785923771824351e+00 2.679311689358997994e-01
2.071883149731969187e+00 6.830563947726038254e-01
2.229027150745315211e+00 1.047988800051368630e+00
2.262226063938564291e+00 1.366732650569141949e+00
2.414518884060616433e+00 -1.689656530993374428e+00
2.400361443265676797e+00 -1.412025255210433095e+00
2.358260150267932342e+00 -1.109675481851445378e+00
2.202724822950623995e+00 -7.711993560248988633e-01
1.822217169919243984e+00 -3.831789854980219845e-01
7.073628755803228474e-01 -7.911470955933102012e-01
1.705564088245383192e-01 -7.930896271139641351e-01
1.568255677368407264e-01 -5.997907104962558744e-01
1.540888696839008420e-01 -3.998193647631949621e-01
1.541196798903116116e-01 -1.994899329184348369e-01
1.547894391979810214e-01 2.155546205152905886e-04
1.554392650017868971e-01 1.988706073931157670e-01
1.553154390754901415e-01 3.958888723655890063e-01
1.533508800524813198e-01 5.912271514535171191e-01
1.577231404199842257e-01 7.872459923358331446e-01
1.062078846506789853e+00 3.293630327836787330e-01
1.801051028401050580e+00 2.802966613366906778e-01
2.228864389460627482e+00 6.868858140208708996e-01
2.397411450977525060e+00 1.040246693046396498e+00
2.494243199508316078e+00 1.355734240839244098e+00
2.664810089105417390e+00 -1.689879048064766742e+00
2.642015840221406453e+00 -1.420221709935098664e+00
2.541795374816730124e+00 -1.127133440273565324e+00
2.386697065215458657e+00 -8.085848789453883301e-01
1.988796194447991716e+00 -4.485500532787206618e-01
8.817449405616273328e-01 -6.065357911399763546e-01
4.098901089339812565e-01 -7.931514958449025210e-01
3.565265788523992452e-01 -6.007820370742398275e-01
3.535214963471512428e-01 -3.974840088508276859e-01
3.543326959697590262e-01 -1.978822826130369472e-01
3.557491856839621325e-01 1.472388049777055780e-03
3.583419846203625414e-01 1.994363096110169098e-01
3.618356380077010770e-01 3.937804909266847675e-01
3.667583226529732565e-01 5.803656051189255427e-01
3.751906877102493265e-01 7.392532392980422085e-01
8.468338533829897763e-01 6.421987776178914586e-01
1.992814117497942572e+00 3.617697930240357240e-01
2.464100639764821299e+00 7.339116621104100346e-01
2.627994952140392915e+00 1.064518557393852483e+00
2.681382872346851798e+00 1.361798929518975854e+00
2.919681011371030976e+00 -1.702891458513149825e+00
2.841379532828448351e+00 -1.439844437107445474e+00
2.789751023302463384e+00 -1.166951730965380962e+00
2.643651381481579410e+00 -8.725906002799130867e-01
2.351177481871014496e+00 -5.531519577446792901e-01
1.654938987187320798e+00 -2.067873614895131829e-01
6.823761312485350228e-01 -6.781008405997235311e-01
5.402340216691307040e-01 -5.746675036087992572e-01
5.575919231362862494e-01 -3.919060271016981956e-01
5.550010047818378922e-01 -1.961830274221078585e-01
5.563906512507857949e-01 3.900312272165498868e-03
5.618587415091456094e-01 2.029896501134343945e-01
5.720717767200508286e-01 3.964597177990267785e-01
5.883272314190288732e-01 5.823124466680587030e-01
7.930597705206046122e-01 6.126426540567859735e-01
1.728291631451058352e+00 1.345040827546976347e-01
2.367790883180816763e+00 4.764214168699738017e-01
2.668571491331427126e+00 8.012813640963765138e-01
2.821304836379347591e+00 1.103806114854059883e+00
2.926773624382267069e+00 1.388181567889013479e+00
3.131352788361128070e+00 -1.720633418172329510e+00
3.100309568546996797e+00 -1.473081159716247868e+00
3.050616025206026816e+00 -1.217618581900804742e+00
2.917739712691000076e+00 -9.482108703533381755e-01
2.727872923789260717e+00 -6.715539318240378863e-01
2.305957641155110593e+00 -3.866296435392750364e-01
1.477755000424239462e+00 -1.380699238826710029e-01
8.844209405776836119e-01 -4.278100239959513607e-01
7.762638938558901192e-01 -3.986543364290326963e-01
7.523698304052690577e-01 -1.927202570259713144e-01
7.560853158923107609e-01 5.262460728967927742e-03
7.642690154960788407e-01 2.113010554521357887e-01
7.846155594994905780e-01 3.969700924085844407e-01
8.225503213609596243e-01 6.521592811880418949e-01
1.603437800295357318e+00 5.257579534444029035e-02
2.333843269983518987e+00 3.147471693951453542e-01
2.748225830695990357e+00 6.022962167139527256e-01
2.942384698780320829e+00 8.835716057816018765e-01
3.079504078944310219e+00 1.158821840905351008e+00
3.132262735549977695e+00 1.419427455412374695e+00
3.399929236152218426e+00 -1.748721345791939497e+00
3.369210690292231636e+00 -1.512859971457911179e+00
3.324129909962180385e+00 -1.273404125711651513e+00
3.204763825857260162e+00 -1.024940957285826126e+00
3.049742226492972996e+00 -7.771346359362441003e-01
2.843102949261888224e+00 -5.396602566871102624e-01
2.440002303307449161e+00 -3.215924664387406207e-01
1.839469668468972419e+00 -1.575082489784606909e-01
1.245454281270432118e+00 -8.632258057989143640e-02
9.871610858757082774e-01 -3.648095572299326905e-01
9.928734714606806122e-01 -9.571902632685695689e-03
9.775835001734572982e-01 5.369914734304728071e-02
1.107012414786151311e+00 3.301654087829760179e-03
1.858776881614411236e+00 6.502909568439579902e-02
2.463698034574286488e+00 2.453993208935792425e-01
2.862914503850335635e+00 4.715462016325760453e-01
3.070510393496845403e+00 7.132688156732814866e-01
3.228252911352267329e+00 9.656010554651781597e-01
3.350268982182666555e+00 1.218704097046221069e+00
3.397752362452762576e+00 1.462143500684164765e+00
3.675666770518031257e+00 -1.778166936101699624e+00
3.646758065574425611e+00 -1.552418839631631631e+00
3.555781772198956414e+00 -1.320576241434716191e+00
3.500769923687304885e+00 -1.094867611946976460e+00
3.427364148207027394e+00 -8.742379258201242731e-01
3.274438337718931891e+00 -6.584774239313585520e-01
3.032212905212845477e+00 -4.586549306979030294e-01
2.823715954858009081e+00 -2.985132432699194038e-01
2.548859040274017218e+00 -1.779973759499711150e-01
2.302030905277997253e+00 -9.796645491075041401e-02
2.192953824039159727e+00 -4.349655442637094527e-02
2.305492093585373325e+00 1.283021549295893307e-02
2.555411454205311905e+00 9.678963323521688755e-02
2.836327797337677037e+00 2.241677981729392755e-01
3.047929887784445402e+00 3.904828875992490400e-01
3.291667317604197063e+00 5.962381698414825903e-01
3.446460256236259401e+00 8.162111571112619091e-01
3.522299541832245584e+00 1.040026757832404281e+00
3.579655223216831939e+00 1.268980153859620597e+00
3.672090295420908035e+00 1.504529706177507586e+00
3.957642630630359815e+00 -1.808186629320410743e+00
3.931606608588204654e+00 -1.590855799339111032e+00
3.846576403669778266e+00 -1.368561488994188169e+00
3.802428901840923192e+00 -1.154627313660996357e+00
3.747513970113388382e+00 -9.467058635675212885e-01
3.625624408373112839e+00 -7.430690104745517610e-01
3.548594261773966085e+00 -5.608649921978294817e-01
3.408850875355720511e+00 -3.951738360205059863e-01
3.273390369286920620e+00 -2.547680528968634950e-01
3.157609957360396624e+00 -1.376802634651277391e-01
3.138431067625666149e+00 -3.525427011250704262e-02
3.161094998327348637e+00 6.779140089070267994e-02
3.280330798951319071e+00 1.874894985345667564e-01
3.419064999961369811e+00 3.314578876323868717e-01
3.561391906387025408e+00 5.010594657456869383e-01
3.640833076031959603e+00 6.861324168416528257e-01
3.764727570319863936e+00 8.930753675499207844e-01
3.821789614446560179e+00 1.103608999531238588e+00
3.867921836778426492e+00 1.320175623805900367e+00
3.954184391094283324e+00 1.545503347378012204e+00
4.245143737997409517e+00 -1.836641850346686811e+00
4.172198184382851061e+00 -1.621044360562000186e+00
4.143414853799338715e+00 -1.411578093853967930e+00
4.108640192251143297e+00 -1.205621270210254226e+00
4.067765532438913034e+00 -1.005290855051305110e+00
4.021595004568123244e+00 -8.131803732608869906e-01
3.915225716935488265e+00 -6.267915491520521520e-01
3.865335533272722390e+00 -4.595098717291374313e-01
3.822637417607335664e+00 -3.061613166304994471e-01
3.732288926422398845e+00 -1.632532195176660539e-01
3.722640937456785259e+00 -3.004149573495385611e-02
3.735288292228592599e+00 1.035195433982238622e-01
3.828388222525282991e+00 2.484475101051180357e-01
3.873843442385840330e+00 4.032830749512631430e-01
3.926280016642693660e+00 5.724130235682116652e-01
4.034740527314212954e+00 7.614388460495182809e-01
4.083017396397421450e+00 9.555844777578484939e-01
4.125837466149036459e+00 1.157999943365786377e+00
4.162381762725764212e+00 1.366086178426992204e+00
4.192730603880678864e+00 1.577709789474349034e+00
4.537073582567870744e+00 -1.861263775772176166e+00
4.467587403082733388e+00 -1.652112305729735331e+00
4.444082857781183726e+00 -1.447875962423243124e+00
4.416946256847629648e+00 -1.247002188057926064e+00
4.386525845571774163e+00 -1.050884708946904000e+00
4.353792906288195041e+00 -8.610457343569479782e-01
4.320546989182659559e+00 -6.788747639030278114e-01
4.289482419005144820e+00 -5.052085588098358393e-01
4.263958119046561634e+00 -3.398373715703134068e-01
4.247387692988809249e+00 -1.811446544559756622e-01
4.242364671245152152e+00 -2.612465925934271196e-02
4.249854757042374587e+00 1.291003573534788007e-01
4.268858023305923233e+00 2.883946229918429305e-01
4.296736631128003303e+00 4.547212809753021778e-01
4.330031018320346980e+00 6.296248958128727313e-01
4.365356098049016254e+00 8.132326032233635482e-01
4.400012778901035482e+00 1.004641961675541317e+00
4.432201209032061051e+00 1.202423038900258145e+00
4.460943603425070236e+00 1.405027826879603481e+00
4.485881734402096477e+00 1.611039939291978085e+00
