1.238458141121830058e+00 -2.120476576535074820e+00
6.637081474767062561e-01 -2.047277734615694733e+00
2.308935147598112081e-01 -1.925564756922251819e+00
2.294089342600909576e-01 -1.784186082785564675e+00
2.109816780974773376e-01 -1.652916973525164535e+00
1.643004083123230374e-01 -1.531605479385988788e+00
7.294314114978681096e-02 -1.418135056499857383e+00
-9.816383825744726122e-02 -1.306107625178168474e+00
-4.251241596063276007e-01 -1.148026947375551998e+00
-8.873264153106034113e-01 -7.269802311492893354e-01
-1.117710260362982044e+00 1.694440917200908669e-01
-6.875945855768518244e-01 9.400547678748569780e-01
-2.103040805025865878e-01 1.217693639976154429e+00
8.412281778797617293e-02 1.340916564713848791e+00
2.407426792402543314e-01 1.425960902857253076e+00
3.181298205575453508e-01 1.528714925967887162e+00
3.504650381785579527e-01 1.648240456976600266e+00
3.569626315391111193e-01 1.781004778967147928e+00
3.484890823450428332e-01 1.924420115009240151e+00
8.181953005477545782e-01 2.025505207931737495e+00
1.456609878220485488e+00 -2.083270599729122541e+00
9.610307098540328274e-01 -2.004038629525096038e+00
5.040812758155804874e-01 -1.882905760143345875e+00
5.195352069286399699e-01 -1.736040112376024735e+00
5.214105986693987616e-01 -1.601075997733528489e+00
4.969569468187973738e-01 -1.482478846840904918e+00
4.241183484321449648e-01 -1.383503924431711996e+00
2.770477078973392349e-01 -1.291588306822938348e+00
-2.723705819702670894e-02 -1.202400887437425681e+00
-6.300312278112887299e-01 -9.270698156296145465e-01
-1.078590587321955452e+00 1.951695898788944894e-01
-3.704222859144725155e-01 1.072054659299015666e+00
2.065958282039226379e-01 1.217134252968352204e+00
4.561600770420848883e-01 1.264707143497517450e+00
5.848290352532111713e-01 1.337919183877591456e+00
6.389383223162209413e-01 1.444187741542533043e+00
6.527274160058664787e-01 1.570590519397844220e+00
6.426383317793173955e-01 1.712328933689225341e+00
6.194892951722765773e-01 1.865064750596979959e+00
9.621985391748035799e-01 1.977729213315844836e+00
1.668591928748945463e+00 -2.042974300944278010e+00
1.008070727523815213e+00 -1.953659748952300657e+00
7.693629424321892785e-01 -1.818105398907603254e+00
7.995957932419535119e-01 -1.657729534197986299e+00
8.193499491546536451e-01 -1.506716323508208832e+00
8.179587023931220724e-01 -1.370934520766282860e+00
7.742904675053567942e-01 -1.263381102230750619e+00
6.611580326220993786e-01 -1.197699315034099987e+00
3.810760648830451847e-01 -1.177563480837904741e+00
-2.937159944412867096e-01 -1.097461581392420227e+00
-1.050240533070669668e+00 2.086892486686484360e-01
-2.322239446043886102e-02 1.151494785370244411e+00
5.621030299758965620e-01 1.119581734354877289e+00
8.179343943705412734e-01 1.137354171249597590e+00
9.147837954704063357e-01 1.196032875541980678e+00
9.450588462865815442e-01 1.311736253850922740e+00
9.403780868889038969e-01 1.456281218670162581e+00
9.153929714123441030e-01 1.616213775343326553e+00
8.797223870158502601e-01 1.784978499092582105e+00
1.059808796330805603e+00 1.922501260714776450e+00
1.823681487184499073e+00 -1.999762005256300990e+00
9.769712177795084607e-01 -1.916864152494710316e+00
1.020406283249823298e+00 -1.734204327500951548e+00
1.060689293576189351e+00 -1.555247920358953539e+00
1.091396388694886310e+00 -1.383565678338583238e+00
1.104196298543290045e+00 -1.226307911780243121e+00
1.087134603612027961e+00 -1.096086757459798777e+00
1.003373265711381634e+00 -1.019891820363805213e+00
7.237435788934155623e-01 -1.022494742119017141e+00
1.051767572043821319e-01 -1.119363586567183599e+00
-1.037741633328231883e+00 1.889863330535822838e-01
3.544162253926454453e-01 1.067090536490196584e+00
8.759188845614649388e-01 8.857710961919402770e-01
1.107673166932430231e+00 9.110281931138174416e-01
1.185698972112049887e+00 9.945362322746217343e-01
1.207337012119767961e+00 1.138706260597205144e+00
1.197254449066671889e+00 1.310823251848211246e+00
1.166047307338915484e+00 1.496422116667983637e+00
1.123303839489054656e+00 1.687126592334179387e+00
1.076311731971967944e+00 1.879314615459702686e+00
1.874248765818014917e+00 -1.951800502047706942e+00
1.204213418375890576e+00 -1.836930747915021200e+00
1.253017642529699271e+00 -1.634362916120225329e+00
1.298652039201562802e+00 -1.430099415381583139e+00
1.332985401170170281e+00 -1.225296141063242805e+00
1.341914683387257057e+00 -1.022051437998734214e+00
1.304876720645300692e+00 -8.328488649910192887e-01
1.204957800076475127e+00 -6.991355117696883559e-01
1.025510181166494394e+00 -9.158042871857366984e-01
1.723459821382472557e-01 -1.029903921250254983e+00
-1.037126600662898968e+00 1.438077264463606675e-01
4.844537150938015291e-01 1.017083863501331953e+00
1.165458830892478703e+00 6.801877506753903901e-01
1.332081388917491171e+00 6.678763199819003349e-01
1.406106238613904047e+00 7.562806561572414932e-01
1.431337352432866750e+00 9.365979149920478086e-01
1.421865705729579821e+00 1.144879666749365255e+00
1.390316284350166187e+00 1.360634439090790071e+00
1.346172758331637631e+00 1.576711427420155465e+00
1.296678163913749016e+00 1.789766991858448231e+00
1.923322268110951638e+00 -1.900101530615752710e+00
1.413709772586094315e+00 -1.749172509632330952e+00
1.462172035547039339e+00 -1.522255296196339813e+00
1.503259991923432404e+00 -1.284811445414527631e+00
1.521779938434332902e+00 -1.038339469101065449e+00
1.497287998098595363e+00 -7.994068173438784175e-01
1.407701982216894354e+00 -5.976384816941077149e-01
1.108563544560035474e+00 -5.146811261083961142e-01
6.575945723916906682e-02 -1.076509512712645833e+00
-5.288732939400321298e-01 -8.652309642326585504e-01
-1.016976898019715359e+00 1.277251652060427678e-01
-3.890702961976875152e-01 9.584058589710928722e-01
6.055974378778350431e-01 8.978782047263719202e-01
1.072167591736750358e+00 4.296589419629065487e-01
1.348817975279892334e+00 3.927496642340478905e-01
1.554846680042561990e+00 6.626396309072856150e-01
1.599729898007421269e+00 9.481721700714237366e-01
1.584299082393491265e+00 1.210319411527624789e+00
1.546033783361449920e+00 1.458157533455295862e+00
1.498918910720487885e+00 1.694916300548459542e+00
1.971697366369877802e+00 -1.846485812954774541e+00
1.603251621015409745e+00 -1.659220654250470606e+00
1.643818068150811884e+00 -1.405983360663632276e+00
1.667861268780611139e+00 -1.131695499598076804e+00
1.646670129456521359e+00 -8.297549510359483182e-01
1.471308243207258615e+00 -4.724883375018400500e-01
9.305564588192195563e-01 -7.749022163968901644e-01
-3.541211176132930682e-01 -9.141949567106777419e-01
-8.259476223959936192e-01 -4.207693474799909517e-01
-8.362174770921353417e-01 -2.061702570216968899e-01
-8.419344526332729339e-01 3.911551261946035591e-04
-8.339924743316309286e-01 2.067308817250728958e-01
-8.209731279235676915e-01 4.383796408873521511e-01
-2.864432203310976477e-01 9.513593946153556802e-01
1.219019747929546593e+00 2.488860391600242195e-01
1.525869225493017511e+00 4.108768054184012142e-01
1.697342895536537721e+00 7.274269835619917579e-01
1.738502135510544111e+00 1.049092589528229258e+00
1.720049680526395175e+00 1.336324607148257737e+00
1.681868118879055407e+00 1.599503727457605162e+00
2.109909017827966693e+00 -1.798417869732068741e+00
1.772942859195527188e+00 -1.574174980784186939e+00
1.798327429136642897e+00 -1.296270917603865813e+00
1.791892553582732139e+00 -9.861099284859811132e-01
1.685629390978316211e+00 -6.285283266889748477e-01
1.383784661568811192e+00 -2.924391692402163456e-01
-6.470094269534071296e-02 -9.848363740813765865e-01
-6.242919179657525630e-01 -6.228104860369246820e-01
-6.388767624800743006e-01 -4.061280137803636725e-01
-6.428205609059165493e-01 -2.021033836764315750e-01
-6.437270322294602609e-01 4.152482291425736824e-04
-6.425568544731340426e-01 2.037359902346282114e-01
-6.405908481762707662e-01 4.101543472597454776e-01
-6.274481928201491865e-01 6.255660021427763562e-01
1.327076286193335508e-01 1.026203743605308860e+00
1.260965514530607789e+00 1.797948769787159340e-01
1.740736300023388639e+00 5.453963404430527406e-01
1.850667539969334641e+00 8.983597292077025731e-01
1.866994308316845652e+00 1.220900884713733481e+00
1.845508360869224873e+00 1.509705848712455722e+00
2.203126250909573702e+00 -1.753013324397494799e+00
1.925644825554981843e+00 -1.501067092174302786e+00
1.930642870711781311e+00 -1.203714549820341873e+00
1.884962495601110843e+00 -8.671565476296280162e-01
1.703795247870967255e+00 -4.923719739952766572e-01
8.774313213856587135e-01 -7.218697176874061538e-01
-3.916271547033273737e-01 -8.320031542567504212e-01
-4.383378049543720234e-01 -6.088391822410710308e-01
-4.435429998006413244e-01 -4.040999783355639363e-01
-4.451959528700645263e-01 -2.016062542007607816e-01
-4.457826857767350770e-01 2.013290250871333084e-04
-4.458808936242232845e-01 2.022252873805091833e-01
-4.453868819654812072e-01 4.049002969033949073e-01
-4.399023623805733418e-01 6.083388832523080048e-01
-3.730491442275745140e-01 8.357764379155505630e-01
1.034866075337791180e+00 7.956878975778036711e-01
1.728316369842484157e+00 3.847841907014282747e-01
1.938533955296622091e+00 7.791356991199334114e-01
1.992408498582579401e+00 1.124737957169648528e+00
1.992424532236793500e+00 1.432774136838580903e+00
2.281857654550860648e+00 -1.716203972565384817e+00
2.117371067753776259e+00 -1.446240370223353056e+00
2.101113987754854584e+00 -1.137799702823615977e+00
1.969981633883015171e+00 -7.893462139702791536e-01
1.721099423807416207e+00 -3.950223457360204637e-01
2.230121845543705239e-01 -9.826303060355060515e-01
-2.253515251534114194e-01 -8.087611506210031775e-01
-2.430658659716358194e-01 -6.049682264019400346e-01
-2.459722070322678533e-01 -4.027671502667483083e-01
-2.467927987075283214e-01 -2.013039454282226359e-01
-2.471721189315166378e-01 -2.121583179248016080e-04
-2.475836108474029629e-01 2.008192343511248368e-01
-2.478235409541877377e-01 4.022855533264340644e-01
-2.453998663778188261e-01 6.057856278352974355e-01
-2.243380620357682820e-01 8.205642049984906983e-01
3.754118511333254249e-01 8.775959835259413699e-01
1.704993723779341108e+00 2.787914618564847347e-01
2.067279698717710001e+00 6.942359030731077851e-01
2.208108681532915618e+00 1.057997005687915992e+00
2.229041413544246897e+00 1.376920672968044324e+00
2.358861925357188305e+00 -1.696195715855598696e+00
2.353734869619940717e+00 -1.414831411663298288e+00
2.268882991466431687e+00 -1.102755585764865209e+00
2.114635031101130380e+00 -7.535475325768592469e-01
1.765992186538979825e+00 -3.549328757444993321e-01
4.504615864848717233e-01 -8.707351961278467778e-01
-3.067101141777292192e-02 -8.053257385178086425e-01
-4.501266768584672590e-02 -6.024541044383878718e-01
-4.724635497462453815e-02 -4.015301865815399940e-01
-4.765544599064799880e-02 -2.008271745246034690e-01
-4.772216336007863158e-02 -5.342894181746334504e-04
-4.804627488165787857e-02 1.993300299778677787e-01
-4.902775656272890387e-02 3.991243043359664622e-01
-5.001038551675915378e-02 6.002564241069763273e-01
-4.032053635554930238e-02 8.045314902948503821e-01
4.420496966538403072e-01 8.395235106034935058e-01
1.741325042656351574e+00 2.380253994999765865e-01
2.202687157467846379e+00 6.545270443186065323e-01
2.370230880569171639e+00 1.022070387584435913e+00
2.409355001291473286e+00 1.342730931136853378e+00
2.556912942444446113e+00 -1.681219070158598283e+00
2.539977356476750270e+00 -1.403085612299130647e+00
2.493887138407572035e+00 -1.100698834360018807e+00
2.331456893918953277e+00 -7.621790451025968194e-01
1.880333119471146119e+00 -3.744190195229211704e-01
7.038321457362264333e-01 -7.851980289176544447e-01
1.704138725720713288e-01 -7.931683941026830276e-01
1.552150697845623706e-01 -6.001829836982062183e-01
1.521538263072757802e-01 -4.001732656385531550e-01
1.521246440429527835e-01 -1.999416242560029255e-01
1.527064439002126794e-01 -3.856801498626706744e-04
1.531903510513774602e-01 1.981109692108228848e-01
1.527634301856654331e-01 3.950263304051833124e-01
1.504193548233406230e-01 5.906394561855528025e-01
1.558553137591560389e-01 7.879743665072548309e-01
1.033215778988817668e+00 3.339954028747846304e-01
1.858527724109004797e+00 2.536171694554154588e-01
2.361541797134859344e+00 6.626001872230482537e-01
2.538468196773275398e+00 1.017681801853889123e+00
2.640149984014785289e+00 1.335105546436156754e+00
2.806892461266747407e+00 -1.683459753189270769e+00
2.781883942613895044e+00 -1.413726355198173357e+00
2.678417095329235220e+00 -1.120429650250992060e+00
2.518140759272445184e+00 -8.021663599139594591e-01
2.106315013161532690e+00 -4.415239688557398012e-01
8.490125970665121091e-01 -6.576897338272482685e-01
4.098143838445019171e-01 -7.940373275622498728e-01
3.543432787359250824e-01 -6.015719807094160876e-01
3.516334751947471915e-01 -3.976602772326348068e-01
3.525401125307315864e-01 -1.983641174643021032e-01
3.538704425678360077e-01 7.513121845149632778e-04
3.563721914395835966e-01 1.984075230582506844e-01
3.595657026570983628e-01 3.922436216827135391e-01
3.635956666205268362e-01 5.781186662759132400e-01
3.689679128163469435e-01 7.362999712027283872e-01
8.506216207198766810e-01 6.513612412245786132e-01
2.112136097683463110e+00 3.377193138379347426e-01
2.599956251335782120e+00 7.139607481088757757e-01
2.769778193019792223e+00 1.045563571051780549e+00
2.826943056786654473e+00 1.343514963724047329e+00
3.061884349184596399e+00 -1.698165478552149610e+00
2.981747313200333593e+00 -1.434925770049959359e+00
2.927840863682602546e+00 -1.162466633421703754e+00
2.778218742051099088e+00 -8.685809852587323965e-01
2.478698547863255719e+00 -5.497661527181931795e-01
1.698089524357085267e+00 -2.034619867126855330e-01
6.609660918455417811e-01 -6.684822675282526827e-01
5.352163250032542230e-01 -5.708503133082688530e-01
5.568288746368845743e-01 -3.917677673794683901e-01
5.535113752904093909e-01 -1.969009609998125798e-01
5.546901968797004479e-01 3.137873510519598608e-03
5.604518776387111823e-01 2.019416400574829407e-01
5.708296526588667597e-01 3.943463000195181478e-01
5.874122794241770640e-01 5.791228551136622382e-01
8.107210231776256215e-01 6.044572749404851786e-01
1.777321159527587069e+00 1.140107059720193994e-01
2.498042940799978240e+00 4.578798433828119019e-01
2.806904815425953714e+00 7.839392910412664728e-01
2.963941895495346035e+00 1.087174077109692494e+00
3.072370783996572374e+00 1.372446087149864269e+00
3.273835508513001979e+00 -1.717045271873080203e+00
3.241441036436795819e+00 -1.469734556199923103e+00
3.190123806482282109e+00 -1.214755316692707421e+00
3.054877248074330254e+00 -9.458526894625843839e-01
2.861526919197839636e+00 -6.701339982972043252e-01
2.430761527106366060e+00 -3.859944159657767160e-01
1.501973390966888422e+00 -1.370513924793256011e-01
8.808624199044161607e-01 -4.315870628880581483e-01
7.758762148408759884e-01 -4.025361560432324515e-01
7.505810559397411152e-01 -1.942540900610708332e-01
7.540837689449568781e-01 4.658673471543349834e-03
7.635485311275707065e-01 2.114669260691186548e-01
7.868245191784470904e-01 3.931088973614816906e-01
8.213122865387487703e-01 6.612282551826871302e-01
1.641140728524095316e+00 3.567092999431882572e-02
2.460954752430235093e+00 2.986434848726289837e-01
2.884731824537491107e+00 5.874372369971372354e-01
3.083090206193058069e+00 8.689245104176118728e-01
3.223154980780094103e+00 1.144608256110640765e+00
3.278077705002347741e+00 1.405424076653681409e+00
3.542870673666424164e+00 -1.746280783068928644e+00
3.511141489012721273e+00 -1.510718598882540231e+00
3.464908375851140310e+00 -1.271736567219194036e+00
3.343928030914986138e+00 -1.023753364719208747e+00
3.186796550780417014e+00 -7.766947461504767336e-01
2.977192208942223139e+00 -5.403158246592484337e-01
2.567096145876413882e+00 -3.233038299664859894e-01
1.894045269778905194e+00 -1.600958282842045166e-01
1.234726222761726833e+00 -9.248389631090699059e-02
9.725476678358982996e-01 -4.133797532367781136e-01
9.931345734375019996e-01 -1.099389562949239577e-02
9.793345032575294651e-01 4.983150186709328633e-02
1.095665269730989877e+00 -8.785049393266913462e-03
1.914668577889308443e+00 5.062091279381502468e-02
2.592531598571112816e+00 2.321902330760960143e-01
2.999209203609840557e+00 4.590014469156148968e-01
3.210356093878636408e+00 7.006356621246678795e-01
3.370741270844975102e+00 9.530684946250238543e-01
3.494821138475887601e+00 1.206430702036249025e+00
3.543905831582350174e+00 1.449952743583915682e+00
3.819107379430075611e+00 -1.776635400545431231e+00
3.789443056479131933e+00 -1.551203572799875641e+00
3.697474099720476914e+00 -1.319650035807045096e+00
3.641513982381184178e+00 -1.094534462805406339e+00
3.567072426696990206e+00 -8.746617038863121474e-01
3.412611678561123352e+00 -6.597096417535562862e-01
3.167904543238082127e+00 -4.608054250895166626e-01
2.956760022533946319e+00 -3.019217676989449650e-01
2.677541377822258095e+00 -1.827860104759934101e-01
2.425302216528090860e+00 -1.043312813836073244e-01
2.313214632984001540e+00 -5.150231498625668786e-02
2.429091195795941349e+00 3.603600407327172198e-03
2.684796433477521393e+00 8.699115393037026855e-02
2.970556181074512914e+00 2.140966322092462126e-01
3.185300928016030930e+00 3.799985045831572039e-01
3.431969498739015023e+00 5.857870605582674584e-01
3.588755419383049539e+00 8.056298166504364255e-01
3.666104649658207038e+00 1.029177662318220277e+00
3.724844302123612838e+00 1.258012648141812795e+00
3.818587026978175203e+00 1.493831066050610668e+00
4.101584398938029175e+00 -1.807369831448823794e+00
4.074982605445001127e+00 -1.590350397223551315e+00
3.989213682049403520e+00 -1.368349581458609743e+00
3.944415864591594989e+00 -1.154926557877187010e+00
3.888835455162053201e+00 -9.476231772521070962e-01
3.765999751299505593e+00 -7.446323462060491227e-01
3.688262949230172616e+00 -5.632619105653691172e-01
3.547461215281393798e+00 -3.984460967560679023e-01
3.410926699990204369e+00 -2.590108510898281313e-01
3.294188740119997405e+00 -1.429585240327482243e-01
3.274959452466876364e+00 -4.150055331673681985e-02
3.298057177414470686e+00 6.065536448641782596e-02
3.418640549278497698e+00 1.797266625312206600e-01
3.558851662750776690e+00 3.232026096335521848e-01
3.702642937602959705e+00 4.924314544268109106e-01
3.783224796941626611e+00 6.770313674441705842e-01
3.908446720338711877e+00 8.838309074944838972e-01
3.966574145012626396e+00 1.094115179002137284e+00
4.013729230037771600e+00 1.310543573540061679e+00
4.101006867713865134e+00 1.536039301412502667e+00
4.389564257816372717e+00 -1.836386928715493916e+00
4.316094062504659767e+00 -1.620999803708586207e+00
4.286856576890368586e+00 -1.411902289324425297e+00
4.251628956544108995e+00 -1.206388050200365214e+00
4.210314202966737085e+00 -1.006573357951700665e+00
4.163730785849794280e+00 -8.150460924183958733e-01
4.056755553483697874e+00 -6.292703740162141068e-01
4.006539589893913345e+00 -4.626910847451102815e-01
3.963619143159932356e+00 -3.100644830429197807e-01
3.872869242345763130e+00 -1.679253591668852796e-01
3.863306548351594927e+00 -3.543532712309029054e-02
3.876238659843177725e+00 9.744474740203902530e-02
3.970103145448775184e+00 2.418713849994495735e-01
4.016157250476717344e+00 3.961582828741886386e-01
4.069300595613526639e+00 5.648059844607414837e-01
4.178713695967811503e+00 7.535934752104060941e-01
4.227766676007555624e+00 9.474236775850559678e-01
4.271374397272689194e+00 1.149608259909174146e+00
4.308697975159207161e+00 1.357548937875920680e+00
4.339802051880222500e+00 1.569109260243266801e+00
4.681938094230720715e+00 -1.861451692039330252e+00
4.612045124798178186e+00 -1.652509791009000528e+00
4.588208290376686094e+00 -1.448605061626612622e+00
4.560751855801280286e+00 -1.248116509071917957e+00
4.530034094966527647e+00 -1.052436031959165463e+00
4.497037803141018308e+00 -8.630809715725470399e-01
4.463575594878840924e+00 -6.814326939700902086e-01
4.432356323142673915e+00 -5.083168192158724619e-01
4.406754254524336112e+00 -3.435103222525767164e-01
4.390197482394875728e+00 -1.853826168985596434e-01
4.385290450312203880e+00 -3.091461084977816659e-02
4.393003253831666122e+00 1.237831365814688056e-01
4.412332153286588010e+00 2.825847885707228335e-01
4.440627872158144029e+00 4.484621178282358067e-01
4.474414232031425520e+00 6.229674109865347420e-01
4.510287331612773620e+00 8.062345321841123402e-01
4.545529411102978479e+00 9.973662483565794989e-01
4.578323439923287275e+00 1.194935724154476020e+00
4.607676535871220835e+00 1.397395609107861647e+00
4.633217659238050068e+00 1.603327771479832409e+00
