2.064861809070438703e+00 9.044977351712653324e-02
2.126939468568180835e+00 4.045830003614517972e-02
1.197833866418965387e+00 1.118200779413769733e-02
1.233803380249788528e+00 1.554076306517064056e-02
1.275074318669219275e+00 1.553547380900620160e-02
1.322274519795919367e+00 3.560322670071780493e-03
1.376175933402060680e+00 -3.444213332695406776e-02
1.434073191371727063e+00 -1.389779685209002469e-01
1.321402395118488560e+00 -4.927670715959522330e-01
6.453548474021868486e-01 -6.062684668952053046e-01
2.134683321153076907e-01 4.163383888519826548e-01
1.348966489488837128e+00 9.283499665540035917e-01
1.757498195688358411e+00 3.396485927877336830e-01
1.787667752059975301e+00 7.585564689338560127e-04
1.667456887216167249e+00 -1.389176168511273290e-01
1.574595421260892802e+00 -1.541904587719044595e-01
1.506377323576442162e+00 -1.374476825207843200e-01
1.450315081828101649e+00 -1.126926625890763978e-01
1.401678452239408346e+00 -8.820958199405022626e-02
2.291271968202029274e+00 -1.353696006046171962e-01
2.041016962378441324e+00 1.022059105636775184e-01
2.105516655187979147e+00 8.166378904949854467e-02
1.187605717948007511e+00 7.457485012412531922e-02
1.218175530676394613e+00 9.746010346213006270e-02
1.253371973103509562e+00 1.214977691201360455e-01
1.296474188887573709e+00 1.392966880790720008e-01
1.353106051860859305e+00 1.319993475348820722e-01
1.417721892156032393e+00 7.511910377398291205e-02
1.506765199548731893e+00 -1.002866352065741457e-01
1.118785965966165863e+00 -6.463631135618017609e-01
2.010004143926511777e-01 4.577530278732577229e-01
1.757043299452331286e+00 5.643494315650661175e-01
1.907970885826500318e+00 -2.489626800238086690e-01
1.628639247111047128e+00 -3.570834335542129034e-01
1.534519154795186413e+00 -3.549979392534819422e-01
1.478392030110984079e+00 -3.207488065421411627e-01
1.437531752018637032e+00 -2.731366206615679637e-01
1.402744589107016715e+00 -2.230606143476413505e-01
1.369714138411076476e+00 -1.772431391188947769e-01
1.270477267985163694e+00 -2.134803806136452708e-01
2.016749839810598743e+00 1.071016403317754939e-01
1.102308178814652262e+00 1.344084694187437923e-01
1.159261254642224070e+00 1.320568690784421628e-01
1.177674267927149687e+00 1.706776845298852707e-01
1.196684508471678399e+00 2.153894307842361133e-01
1.218841174256231508e+00 2.614355971191454353e-01
1.250593694347623686e+00 2.982584780688796733e-01
1.317885490320771513e+00 3.289675275123966069e-01
1.477321533320725244e+00 1.346362654701327710e-01
1.496910722587397435e+00 -5.067525514536285192e-01
1.947881721302972269e-01 4.575562703020689681e-01
1.921777238041519897e+00 2.594798999481582880e-01
1.585191318896243429e+00 -4.529342265799354283e-01
1.463345896150053393e+00 -5.339530498274197567e-01
1.388108488507119098e+00 -5.106922937043518740e-01
1.358056225562308095e+00 -4.482343216887778592e-01
1.343225311495493068e+00 -3.783422444648471550e-01
1.331784963946099909e+00 -3.112546072414905107e-01
1.318048137412595411e+00 -2.512944122409450087e-01
1.253479244982013574e+00 -2.370336680443492772e-01
9.855878120722062485e-01 1.248553199407397563e-01
1.110517725904197173e+00 1.382098931689769994e-01
1.116553341297832125e+00 1.783195778744599835e-01
1.118460572584447865e+00 2.276417573399739103e-01
1.117633136530584270e+00 2.862895772751323231e-01
1.121743705232070454e+00 3.540059041444078569e-01
1.151792405396916186e+00 4.244147812924226049e-01
1.232189347451599248e+00 4.230725191398335139e-01
1.152734668722213085e+00 3.095227302201426500e-01
1.544811624831236463e+00 6.265188085050403533e-02
1.600710745453776951e-01 3.784382143372782004e-01
1.680048881742419065e+00 -4.526470321025256593e-01
1.059629408385000193e+00 -6.656759183363304411e-01
1.330169285611164209e+00 -7.121603709445075703e-01
1.224972570692493878e+00 -6.562432614718853863e-01
1.215396531844263883e+00 -5.514998885380425486e-01
1.230862320006806954e+00 -4.585509837784836895e-01
1.246321861970770106e+00 -3.776217284367964777e-01
1.254049592378456035e+00 -3.080456891716321643e-01
1.253245883928839843e+00 -2.493203054377117756e-01
9.776731394360218541e-01 1.264669799482625867e-01
1.072637758084139303e+00 1.656130262623268512e-01
1.063859052441900488e+00 2.109031083856303113e-01
1.043988656759398115e+00 2.679960127420237814e-01
1.007446530748749014e+00 3.429696717909010428e-01
9.390042423158179163e-01 4.507279876608384916e-01
7.994817086297471009e-01 6.035660079042415305e-01
5.981485593614764840e-01 7.677576535223703535e-01
1.407628347945582448e+00 4.440089156327816644e-01
7.068342183140050583e-01 1.818499922767947141e-01
8.855329468097095091e-02 2.998022035236033722e-01
1.382828437418577749e+00 -5.418269985349218887e-01
9.828165667698592900e-01 -1.173703508166449527e+00
7.810001315755722429e-01 -8.915716317256998646e-01
8.659204723137583493e-01 -7.464311746009316684e-01
1.003947992110858722e+00 -6.191678111913022642e-01
1.094581250632051139e+00 -5.094350337180932886e-01
1.149816349261870041e+00 -4.205268539188120047e-01
1.182823728347619507e+00 -3.465094313753067090e-01
1.199815553302949089e+00 -2.842283697860051861e-01
9.693749353246180478e-01 1.278810573200745704e-01
1.031024672185746560e+00 1.816247228048737394e-01
1.005511906080214901e+00 2.278602333609651698e-01
9.573444265563497702e-01 2.853131365814894904e-01
8.682836879635091876e-01 3.538944600035833221e-01
7.179023918751263889e-01 4.191189163577802579e-01
5.099882527039834024e-01 4.807486244595455260e-01
-1.077589207172196251e-01 1.393421768251197901e-01
1.430382645024758759e+00 -5.056404376658105160e-02
4.695860846479328887e-01 -1.685401763306696443e-01
8.851170211778000086e-04 2.043135864124874246e-01
9.293274003821948570e-01 3.891954942680070917e-01
3.841566636122111800e-01 -1.770609545402402618e-01
-2.666103795854036784e-01 -1.027639802396810090e-02
2.057158186450855908e-01 -6.920394102641814760e-01
7.264705724185859248e-01 -6.095489749640669030e-01
9.373106984717134438e-01 -5.189505733305030954e-01
1.047030882315470812e+00 -4.375935452264125280e-01
1.109317009288287137e+00 -3.662768322883727112e-01
1.144637457344772624e+00 -3.049535652610670389e-01
9.607221581371687691e-01 1.288156454206741963e-01
9.898837201155221699e-01 1.859697788891556680e-01
9.483976327165600795e-01 2.277412305012868621e-01
8.732200627538755366e-01 2.742620217128879934e-01
7.350336917747622989e-01 3.158441528251888508e-01
4.144003100451091326e-01 3.552882138532718059e-01
4.773726000317703999e-01 -3.743289438505779110e-01
8.759116905461236668e-02 -6.759614906230862474e-02
-3.298172916695569362e-02 -1.904262310096901598e-02
-1.867074387140493091e-02 -1.054505734251331463e-02
-1.785277391079638856e-02 -9.322208131880012350e-03
-2.649787665402558376e-02 -3.408633425989592014e-03
8.697831249688727645e-03 -7.980421457449924857e-03
2.732347230618502598e-01 -1.550363589705938683e-01
-2.328455696496085220e-02 -4.149813773303428488e-01
4.480884808168291711e-01 -5.381475216585619448e-01
7.816335993149409189e-01 -4.937920491347476126e-01
9.490643214545828599e-01 -4.298866687305254453e-01
1.039801012566397898e+00 -3.683921880281617045e-01
1.091940554622114368e+00 -3.123560584536370088e-01
1.961179038577525846e+00 1.096784061546998146e-01
9.534907202096301049e-01 1.799653116068015979e-01
9.002972573739890239e-01 2.132378099316173670e-01
8.063263598434338153e-01 2.440250704809841520e-01
6.201471424906626062e-01 2.648847970968778998e-01
1.627420103780177763e-01 2.785018695615866235e-01
2.953560859857617960e-01 -4.217406967956083969e-02
-2.376136162696638326e-02 -4.987710567379077115e-02
-1.508568979506299743e-02 -1.448674230559037455e-02
-1.956232959892223108e-02 -1.279465750375528496e-02
-2.132023341313811146e-02 -1.113629056647197531e-02
-2.356713264668268415e-02 -1.008802295205967446e-02
-2.399029363114124971e-02 -7.394145450275487440e-03
-9.677962494651481257e-03 -5.503340818462167409e-04
1.962192617747859635e-01 8.415090401514727092e-02
4.120122581492606517e-02 -3.829590251125077893e-01
6.642032208982121544e-01 -4.372821083695224709e-01
8.698761889743158449e-01 -4.035962099291310889e-01
9.810929815222819705e-01 -3.561449480168620840e-01
1.045672889476026324e+00 -3.084194294242234569e-01
1.950754401878754818e+00 1.053098511626974765e-01
9.248953341358183700e-01 1.664718086589024038e-01
8.658619696911065144e-01 1.902154446582270675e-01
7.628152592779614549e-01 2.069296965813299249e-01
5.506313170936539825e-01 2.061657391171520526e-01
-1.437171494347925238e-01 -7.546921449072274690e-01
3.550349629261332664e-03 -5.279522709302738107e-03
-2.718372838348748211e-02 -1.925222309529007678e-02
-2.113401816318323176e-02 -1.733495576722993842e-02
-2.141993731475690457e-02 -1.437313288926908572e-02
-2.269663875737445990e-02 -1.288421471078802887e-02
-2.452753139581832081e-02 -1.185539965469470033e-02
-2.748204110810506876e-02 -1.045276933654815457e-02
-3.830585764437304669e-02 -8.395340901333221001e-03
-3.155444554493022635e-02 -5.585859025949663215e-02
1.326373783808219242e+00 -3.334488838988596826e-01
5.611490883232229665e-01 -3.785159662198502861e-01
8.174762442734918588e-01 -3.665561202936127860e-01
9.378500623066891029e-01 -3.341772449031628067e-01
1.008621591005512075e+00 -2.959782562713711984e-01
1.942801290473383569e+00 1.006407289453727649e-01
1.923285350726317899e+00 1.351767802576847866e-01
1.869898245743187637e+00 1.539797894612402462e-01
7.441245795657662754e-01 1.697100627021216335e-01
5.127622932871769290e-01 1.498465329829856418e-01
1.379447210005489699e-01 6.157223218981373175e-02
-2.324745056764396592e-02 -2.939897429401122642e-02
-2.463479763623856872e-02 -1.712555538209160205e-02
-2.341474387503138938e-02 -1.598447878096537558e-02
-2.288073797597656861e-02 -1.485842309360759124e-02
-2.350459243239970755e-02 -1.418850330005179752e-02
-2.504914168694791568e-02 -1.393936089332447649e-02
-2.743634137800218462e-02 -1.431278688965404063e-02
-2.949706132919452384e-02 -1.829718430656535055e-02
-9.631613094824850035e-03 -2.921975940417987500e-02
-5.076727890269434190e-02 -1.964659451692575380e-03
4.943233087898520894e-01 -3.268289389671366063e-01
1.818743290612895969e+00 -3.234334665181022306e-01
1.930611437610846748e+00 -2.842511147456596166e-01
1.993678051374103255e+00 -2.559310758570604860e-01
1.937184600837890569e+00 9.476683911210818934e-02
1.907389406770965801e+00 1.051496363195729006e-01
1.860703897391655870e+00 1.206605063715874698e-01
1.773417818863862072e+00 1.340050009871327497e-01
5.216398526347847397e-01 1.106130290000004873e-01
1.310665547262471024e-02 -1.349053660367019458e-01
-2.994680973185406478e-02 -1.268814848369234291e-02
-2.617410467481065539e-02 -1.497350183200827495e-02
-2.410960089299660908e-02 -1.473063371877627106e-02
-2.323091938393930314e-02 -1.473149017262841490e-02
-2.347100109888900984e-02 -1.511204308147317404e-02
-2.473436379607784133e-02 -1.572178105532977613e-02
-2.660541226399481748e-02 -1.618755058603018118e-02
-2.679118147221133672e-02 -1.561565286325222734e-02
-1.892291440708169376e-02 -1.075035421121032370e-02
-7.626481701682476244e-02 -1.630721671005581908e-01
5.015161640268092080e-01 -2.858272640954381272e-01
1.817002256945303262e+00 -2.734304501595428150e-01
1.916626097563640219e+00 -2.483504486046821669e-01
1.973223146194030386e+00 -2.298890344962558063e-01
1.929223128071181348e+00 7.826276118958792882e-02
1.903065866963717268e+00 8.358206605883568285e-02
1.865205803962754594e+00 8.468344719456513681e-02
1.799475139068557494e+00 8.624639613342877098e-02
5.838512575671831462e-01 8.459633151479906132e-02
-1.279779829764437771e-01 8.390464901024978495e-02
-2.417490950257330032e-02 -6.820749356470577097e-03
-2.545473746879151414e-02 -1.302490691867702090e-02
-2.389734799154635131e-02 -1.309742365220200808e-02
-2.242756443661003338e-02 -1.420573009606330983e-02
-2.236938316465377982e-02 -1.578380889190025144e-02
-2.357815470576774680e-02 -1.756163542277305867e-02
-2.653700075348901927e-02 -1.895038138421940507e-02
-3.151384509483574903e-02 -1.647116524010541067e-02
-3.036867280797141827e-02 -1.993012885103373141e-03
-4.093823045215500001e-01 1.167763690502066493e-01
5.739260626264586218e-01 -2.554529204932551867e-01
1.834912913063454720e+00 -2.327163869631557747e-01
1.915117402402737978e+00 -2.162587788234457686e-01
1.961430148103199489e+00 -1.977039840312414531e-01
1.925868377670791443e+00 5.929090344197339435e-02
1.904974843185556432e+00 6.038968594703170156e-02
1.874244457438850153e+00 6.289629157291783124e-02
1.824927683845340542e+00 6.096485944579650706e-02
1.691854585781192855e+00 6.864825987353893877e-02
-3.600764632924168818e-01 -5.680853654889649329e-01
-2.630462054286386922e-02 -2.459175994201499155e-02
-3.016074337873854427e-02 -1.412281347879895677e-02
-2.250308807544258022e-02 -9.437018374334230422e-03
-2.003775641480944406e-02 -1.355546228399753458e-02
-2.018491207788445166e-02 -1.621677493775632722e-02
-2.058633456739878895e-02 -1.934721638285638937e-02
-2.343027097901012948e-02 -2.449882529397048522e-02
-3.373873919170529423e-02 -3.156569431800863162e-02
-7.596194311722467840e-02 -3.392091879727955617e-02
3.189122279584306625e-03 2.208596950586054139e-02
1.706851699882300011e+00 -2.300281952210246339e-01
1.865323946233807595e+00 -1.912188159529177311e-01
1.921999249499182438e+00 -1.817379283472630447e-01
1.958069985832314730e+00 -1.753195894136781174e-01
1.926719493739615485e+00 4.331657989184146962e-02
1.909436038783051792e+00 4.540134556725605730e-02
1.887818010637545729e+00 4.161655740386154684e-02
1.854311594466773183e+00 3.756673868717838594e-02
1.787071409443635739e+00 3.249524970972276355e-02
4.329973148419935525e-01 3.355494945039337595e-02
-2.647991822720838773e-01 1.446560642622371218e-01
-5.484328206274749484e-02 4.396050696538194441e-02
-8.406950918035968265e-03 -5.866480021733568376e-03
-1.649755932380786438e-02 -1.562710335690663255e-02
-1.849714325776611462e-02 -1.591199593767260098e-02
-1.499582063954945504e-02 -1.837997105771712117e-02
-1.322872287665997036e-02 -2.895611558209119571e-02
-1.173854544827642767e-02 -3.661102160517074738e-02
1.912116447983590595e-01 -1.071752030392515709e-01
4.901217284198986501e-01 -1.948755398090139535e-01
1.811706732484967608e+00 -1.775816979526946560e-01
1.889018040300662005e+00 -1.662905201935759580e-01
1.930135162030089502e+00 -1.595448233066349419e-01
1.958391459681537050e+00 -1.509918224881547366e-01
1.929188471433105567e+00 3.256640538135236601e-02
1.916425504141291647e+00 3.045246323051637241e-02
1.901026125934337507e+00 2.607268701615069947e-02
1.878510037889122852e+00 2.155224965865459863e-02
1.845298782690584227e+00 1.301093138656345648e-02
1.760785811778451615e+00 6.467416514605987300e-03
2.361136982061772527e-01 1.514544559101948032e-02
-2.548533170732182260e-02 -3.150080124337294868e-02
-2.756938673852092191e-03 -4.704738031537801513e-02
-1.969520240512798864e-02 -2.428293046503823480e-02
-2.249633129478025712e-02 -1.336453197218510913e-02
-8.486915857460062412e-03 -3.394771082948373417e-03
3.144616798013463027e-02 -5.179687521265272099e-02
-7.486280941428147262e-02 1.097356322979835958e-01
3.740652446664777253e-01 -1.582746791329873171e-01
1.781704772856768537e+00 -1.540836368287915592e-01
1.871574809043147214e+00 -1.425090419442896217e-01
1.911687209040948687e+00 -1.405663113194871583e-01
1.939805939174487737e+00 -1.364568708036846267e-01
1.960459376112682506e+00 -1.344613050923011977e-01
1.933371281214384174e+00 2.171936919436686514e-02
1.923826951254413276e+00 1.899744587199114418e-02
1.912907081981298996e+00 1.463167463099383087e-02
1.897592081875056680e+00 1.023872105620349943e-02
1.877514073853804977e+00 3.340016164043942831e-03
1.849224305049443684e+00 -6.809245842604343298e-03
1.782420187192397032e+00 -1.623238911404780230e-02
5.498497140597939925e-01 -2.402240736110267810e-02
-1.493429590909150506e-01 -4.638593394422988597e-02
-1.417616820306110414e-01 -5.761763131886025180e-01
4.088528202868500772e-04 -1.216936325421795993e-02
3.039253279940817842e-02 -4.720904987231198252e-02
-1.438855654200826284e-01 -1.122916689731083550e-01
5.619168960315423789e-01 -1.373346839658556584e-01
1.798282616534007339e+00 -1.264251790928623831e-01
1.869599685593150928e+00 -1.203801942935998487e-01
1.903495245871483776e+00 -1.213172937640095012e-01
1.928713797056053281e+00 -1.203994803294669014e-01
1.948405610477339289e+00 -1.179457489890124028e-01
1.963684070838935147e+00 -1.171661082197916343e-01
1.937984208359085692e+00 1.313059712642020323e-02
1.930851659139325438e+00 1.020703465772285039e-02
1.921470709395819210e+00 7.552325456759798744e-03
1.912466675977830155e+00 2.016456604232448168e-03
1.902606460805513322e+00 -5.077326474568249343e-03
1.887991122070044714e+00 -1.263807999912254856e-02
1.864339400695450788e+00 -2.118489409705428053e-02
1.839034367174321227e+00 -3.297181238001458542e-02
1.797320071559187049e+00 -4.581367325878376445e-02
1.745488892684092130e+00 -6.047543819677148741e-02
1.716567475808105314e+00 -7.597783362701995835e-02
1.748425193641853559e+00 -8.793886697990772883e-02
1.803708277068478472e+00 -9.379785899963186124e-02
1.849949758800212507e+00 -9.666214849370091677e-02
1.879923822704381964e+00 -1.007341484755873984e-01
1.907880867907036704e+00 -1.004989977256504075e-01
1.926883906097980104e+00 -1.017781282173936125e-01
1.941281998418734611e+00 -1.043502454215294861e-01
1.954482349371219119e+00 -1.054901866932560217e-01
1.966956785846853517e+00 -1.029309713286599010e-01
1.942649482099913172e+00 6.383684286393691461e-03
1.937313178293351035e+00 3.480594923249899757e-03
1.930337494272940324e+00 7.510824684725645904e-04
1.924171418148637791e+00 -4.041522085300017567e-03
1.917846461889677778e+00 -9.852748469676302773e-03
1.908851974698682730e+00 -1.592265502994572729e-02
1.902105078720530473e+00 -2.379375139710310227e-02
1.892008334094232413e+00 -3.205325872610686327e-02
1.881744974193553688e+00 -4.122759470114156777e-02
1.872576692324824599e+00 -5.103732800613655640e-02
1.872047615048912927e+00 -6.026201168039367617e-02
1.876139926174300365e+00 -6.876712342824956026e-02
1.888954984698183903e+00 -7.479986730127187455e-02
1.903011246371177467e+00 -7.954346418940305696e-02
1.916955045364285848e+00 -8.313275182203967717e-02
1.927818304891459888e+00 -8.766243665119821671e-02
1.940468969578279745e+00 -8.904550298573649103e-02
1.950625078818042812e+00 -9.143098111474270984e-02
1.960379409522273519e+00 -9.275360503320086158e-02
1.970061830288515559e+00 -9.115282629241863721e-02
1.947126548996004347e+00 1.087194075749778072e-03
1.942187278704324616e+00 -8.778645422225669860e-04
1.937897961324855256e+00 -4.338481824524959528e-03
1.933610402080341961e+00 -8.500701919025370826e-03
1.929435467073432608e+00 -1.336031545040551431e-02
1.925510047423593107e+00 -1.886601072958198066e-02
1.919749560647099118e+00 -2.465496008565241579e-02
1.916635757873680790e+00 -3.130696966242855345e-02
1.914501499038129495e+00 -3.815497660679712660e-02
1.910663792078082235e+00 -4.545007204737183670e-02
1.911452713227433042e+00 -5.231677375182299666e-02
1.914143031812627349e+00 -5.880472805928370350e-02
1.921406676609213715e+00 -6.359457651534936029e-02
1.927098406627497651e+00 -6.882950746571989131e-02
1.933822879648747994e+00 -7.343233910651431051e-02
1.942894739145673899e+00 -7.571129532692903730e-02
1.950289402816080431e+00 -7.872100633246660595e-02
1.957797674993276171e+00 -8.092354832929932185e-02
1.965229084304448426e+00 -8.231146785193482751e-02
1.972433563443072080e+00 -8.291403845702823017e-02
1.951291844546083176e+00 -3.079532549737139333e-03
1.947465286035729104e+00 -5.048966013735481720e-03
1.944332511023447063e+00 -8.169743532407307621e-03
1.941311452240116919e+00 -1.180008655198712224e-02
1.938497478150662534e+00 -1.592416929142535797e-02
1.936000459868146395e+00 -2.049719077944180123e-02
1.933945401193306601e+00 -2.544308947528905671e-02
1.932471565710018435e+00 -3.065686149965277801e-02
1.931726239042928839e+00 -3.601273845650167921e-02
1.931848762302301958e+00 -4.137720687385951918e-02
1.932944507626731534e+00 -4.662285002383696059e-02
1.935056723322643224e+00 -5.163748750479789373e-02
1.938150361964216861e+00 -5.632543128375437635e-02
1.942117474320895987e+00 -6.060335569093654173e-02
1.946800420962247147e+00 -6.439668186476238398e-02
1.952020241303789039e+00 -6.764050527882489727e-02
1.957599039070033520e+00 -7.028463139288787520e-02
1.963372883292962889e+00 -7.229918541494764761e-02
1.969197558038250584e+00 -7.367769201398513546e-02
1.974950593366420426e+00 -7.443668312586643188e-02
