2.031253227146777363e+00 -1.538632530178181967e-01
1.010553222436000542e+00 -1.770530107627446281e-01
9.888669480346575780e-01 -1.975097083257819630e-01
9.591073504751344014e-01 -2.162247076885097374e-01
9.201393005310812834e-01 -2.301243920107875762e-01
8.719146546693617994e-01 -2.349227248236797072e-01
8.164412946291186302e-01 -2.254947351476707107e-01
7.586891255012849777e-01 -1.970511155306817475e-01
7.067128241976778913e-01 -1.471892307527372934e-01
6.701980878183718682e-01 -7.810776955354363504e-02
6.573419468611180205e-01 2.467766540241489275e-03
6.713977564816492327e-01 8.286060118051712109e-02
7.090207974994110485e-01 1.513651061003712106e-01
7.618190812027213488e-01 2.002725088311653467e-01
8.199258412620821224e-01 2.275907105320976453e-01
8.753097750820759693e-01 2.360007813553962608e-01
9.231702589452752683e-01 2.304465409482459870e-01
9.616703293382888873e-01 2.160687276003561974e-01
9.909703094178488048e-01 1.971001912668852996e-01
1.012261784366824013e+00 1.765431502367781902e-01
2.055648519187183609e+00 -1.632778826071643319e-01
1.036945459358593169e+00 -1.940676278806974520e-01
1.016550637748890651e+00 -2.225512367385602264e-01
9.858428344041140212e-01 -2.512979657357621299e-01
9.421614630017813852e-01 -2.766871395618197838e-01
8.837817472584341694e-01 -2.928278273100039519e-01
8.115916402612348701e-01 -2.915325450745576696e-01
7.312944616128845832e-01 -2.636586515811399911e-01
6.548817306045574549e-01 -2.027098701662409241e-01
5.988746390546944021e-01 -1.098635480214372184e-01
5.785607020351664076e-01 3.086142317713195214e-03
6.004582468035331022e-01 1.158396568669916582e-01
6.580748668512759192e-01 2.079212116312315062e-01
7.356861962289463763e-01 2.673573345869648121e-01
8.162913346233735545e-01 2.934590684722397924e-01
8.880664362746055751e-01 2.933397347261180732e-01
9.457232847819024846e-01 2.763111914788253798e-01
9.886496585342577914e-01 2.504775812894513010e-01
1.018710329066884412e+00 2.215892131167663537e-01
1.038609202795971687e+00 1.931337746754065721e-01
2.085418458673328868e+00 -1.683283563921624815e-01
1.071654530462873289e+00 -2.075514767001900851e-01
1.055724603067398570e+00 -2.453073956153587476e-01
1.027658721792692464e+00 -2.868401941483624262e-01
9.825185958872140191e-01 -3.285950648942799757e-01
9.154082004992377675e-01 -3.633171736662460516e-01
8.238908080869244976e-01 -3.788489144405099429e-01
7.123945162702918221e-01 -3.585798307075983571e-01
5.977003169513809278e-01 -2.866463885879165230e-01
5.085220228394639053e-01 -1.598915356126328624e-01
4.747325120689792621e-01 4.028584427432208535e-03
5.105427654208172239e-01 1.677003729624681749e-01
6.022462333294756887e-01 2.935199238871472049e-01
7.188799946726780465e-01 3.626842227504334382e-01
8.302528469994221449e-01 3.799950238136437508e-01
9.206393847747306181e-01 3.626525917429483381e-01
9.864695639884102363e-01 3.270580057773760929e-01
1.030484540828443762e+00 2.850594878825907230e-01
1.057716939843841963e+00 2.436412546110231780e-01
1.073094435462029539e+00 2.061362465506126063e-01
2.119992300703297250e+00 -1.665985499815549054e-01
1.115187379786060085e+00 -2.140050255818302105e-01
1.108404383181426534e+00 -2.611237923913476422e-01
1.089246365182339416e+00 -3.172497886833694491e-01
1.049988889392075686e+00 -3.802641079289919013e-01
9.807450727601971785e-01 -4.429325972990744154e-01
8.720003362753317999e-01 -4.895441036148185932e-01
7.211800451157178715e-01 -4.926559700329853353e-01
5.458137402448858255e-01 -4.157998360342067823e-01
3.988171619540763491e-01 -2.418987807363841835e-01
3.385370555030039474e-01 5.332637701453505838e-03
4.010985332858484353e-01 2.520876738292665564e-01
5.531696751045711569e-01 4.259872898171327416e-01
7.313694357440144733e-01 4.960284689431452843e-01
8.799953057089118236e-01 4.884235476978756596e-01
9.865864831757831244e-01 4.401924426405800506e-01
1.053855825591380579e+00 3.769465762059426850e-01
1.091583908707249417e+00 3.142005629258431965e-01
1.109834370319997543e+00 2.586739144109650446e-01
1.116145830957073537e+00 2.121345481976454617e-01
2.157649724451518036e+00 -1.555530021585286859e-01
1.166529922427076871e+00 -2.089639006900463059e-01
1.174854767253009635e+00 -2.631146969315739104e-01
1.174031565214199935e+00 -3.326017824131934919e-01
1.154173448230091381e+00 -4.190181494168792042e-01
1.098902411324925499e+00 -5.183342300121221990e-01
9.876841158635130125e-01 -6.144135908011579827e-01
7.996784358938278103e-01 -6.722444088670801454e-01
5.410578761754685218e-01 -6.215641348651419484e-01
2.829272024122582718e-01 -3.798139439678469564e-01
1.605083361138713582e-01 5.894082318544923219e-03
2.751245730541221901e-01 3.973061737397806104e-01
5.548399545538372779e-01 6.363445658903974511e-01
8.117090755843300309e-01 6.673631463418752130e-01
9.955526821732062492e-01 6.102806236080984270e-01
1.104909577464970649e+00 5.123465964804737593e-01
1.156716440930019685e+00 4.130506706720257215e-01
1.174830245055474842e+00 3.281796653119199991e-01
1.175133682655323586e+00 2.600586011236533102e-01
1.166717374287143505e+00 2.068308203783041088e-01
2.195287800958886759e+00 -1.331734091282038568e-01
1.222223472188981308e+00 -1.877358648720661438e-01
1.251539080520967406e+00 -2.427964963132194787e-01
1.280431645839569699e+00 -3.179086321948848548e-01
1.301115682390834083e+00 -4.204620809879984211e-01
1.292520101488961126e+00 -5.576604041122632527e-01
1.206087325792427833e+00 -7.191612753852478779e-01
1.017604451883387551e+00 -8.774738477613843735e-01
3.301861364368522955e-01 -4.782568017650731251e-01
9.835112963156494859e-02 -1.753066879990802240e-01
-3.367868605585449399e-02 4.120770387973910626e-02
-8.759525926103800542e-02 2.172699219852632369e-01
3.110217959639798857e-01 5.582486003710057654e-01
9.844940833055920715e-01 8.452607582775225614e-01
1.227703379932866046e+00 7.103773717684362943e-01
1.294901535031406814e+00 5.421999475706236193e-01
1.297867220069221839e+00 4.118394304929555161e-01
1.278004622741529595e+00 3.131997717932008540e-01
1.250136337358885408e+00 2.398645426637373290e-01
1.221472321764159874e+00 1.857577774253897085e-01
2.228596485588363318e+00 -9.880820910991645889e-02
1.275808002662954355e+00 -1.470353134195077349e-01
1.329097160482942686e+00 -1.927847637509992329e-01
1.395392908808234411e+00 -2.566554485378519934e-01
1.475966275284141149e+00 -3.458939907488275400e-01
1.571170080275837044e+00 -4.689695647164051073e-01
1.491981217823893591e+00 -7.773873579167256409e-01
-5.118799324595106615e-02 -5.853989679760063930e-02
-3.918428297960227513e-03 -2.901359623447425165e-02
-4.914143401896008817e-03 -3.842322139470666365e-03
-1.276120409278213783e-02 -4.629163256823539373e-03
-8.135745846110825283e-03 -7.986747939530954108e-04
-1.728050089151565369e-02 1.078952124184362482e-02
9.449133114214863793e-02 5.583409226663751945e-02
1.546044017437312901e+00 6.541181586010119675e-01
1.530093020310985708e+00 4.745531072609668888e-01
1.464007999646913749e+00 3.457358621033103652e-01
1.390121281470640957e+00 2.547332587416712424e-01
1.326320066156201793e+00 1.910587642828852628e-01
1.274296366006545167e+00 1.456996976059701243e-01
2.252804798603931236e+00 -5.391668690633056454e-02
1.318621262142496420e+00 -8.711644028324001809e-02
1.393056366513399258e+00 -1.115314570576203396e-01
1.493830684356811433e+00 -1.428501726306951602e-01
1.630984812649396654e+00 -1.828836027017409216e-01
1.807250457240655361e+00 -2.573357012952114942e-01
2.252232329821136636e-01 -1.792243795048367727e-01
-3.676715702960627746e-02 -2.269415069075568503e-02
-1.799454891091949171e-02 -1.801689042497916018e-02
-1.362843500726207586e-02 -9.228064445555225759e-03
-1.417780415957624676e-02 -4.382382033927871567e-03
-1.491929201950099697e-02 -8.300443317700457319e-04
-1.908416945277385812e-02 2.040955739244300435e-03
-2.378606369856875458e-02 -3.395825628537534838e-03
5.376257331409615980e-02 2.362521571037318364e-03
1.782554769969178388e+00 1.916416863641039470e-01
1.624492530048703198e+00 1.793803199345419541e-01
1.488704250086743341e+00 1.428541031731390409e-01
1.389925939746889050e+00 1.112758049842315494e-01
1.316827777903878172e+00 8.666538510963502084e-02
2.263893146959568448e+00 -2.289564517942250296e-03
1.342104502856158676e+00 -1.311642402943337046e-02
1.428087302350239174e+00 -6.450672293574989148e-03
1.547591399177026261e+00 1.422004103899401038e-02
1.714092710500288330e+00 7.055537709966309967e-02
9.434892947347961467e-01 1.585529292453688455e-03
-1.562178455890760910e-02 -9.064046245054826340e-03
-2.861400890296780103e-02 -9.640069344122049674e-03
-2.276927788844972447e-02 -1.045129253891512698e-02
-1.873382189462702990e-02 -7.421500625341971059e-03
-1.732647381164449663e-02 -4.360851780246162608e-03
-1.745188524811716949e-02 -2.241013189256755266e-03
-1.892248785501277411e-02 -1.662884048895522503e-03
-2.153989723970206605e-02 -3.145222541011116583e-03
-3.904494783120942419e-02 -8.856024796284859765e-03
8.825604111389454554e-01 -1.157229660415169531e-01
1.701219271356295692e+00 -5.889257433719159718e-02
1.541970211656716216e+00 -1.138385937544142759e-02
1.425325211801753200e+00 7.584887247129798622e-03
1.340554987021371991e+00 1.349503518736166856e-02
2.259859003699944413e+00 5.055969479761491386e-02
1.340903325899801546e+00 6.538837138671556304e-02
1.424009079743241646e+00 1.058210411213974800e-01
1.535354044433008491e+00 1.830468322253722691e-01
1.683526636989132852e+00 3.426115514450344679e-01
1.426207195703702024e-01 -3.834919189873732190e-03
-3.183224793005332010e-02 -5.898558251957283956e-03
-2.761836838364217436e-02 -6.469318179367802672e-03
-2.400935671283729173e-02 -6.157445275419457312e-03
-2.108043642468866025e-02 -4.980453862586763439e-03
-1.930724170695286360e-02 -3.423848797910214632e-03
-1.843957833338638608e-02 -2.341524023431857358e-03
-1.804700230934935118e-02 -2.512183641187370857e-03
-1.752678253900211147e-02 -5.000050674459302451e-03
-1.104927845994808228e-02 -1.071648777619866461e-02
1.679645639827115067e-01 -7.130413358626629117e-02
1.681061322594425977e+00 -3.347129839929700035e-01
1.534080797179192546e+00 -1.785045198323697013e-01
1.422838022065640251e+00 -1.037957141895140267e-01
1.340084004760396574e+00 -6.450673332776318825e-02
1.262283311650809647e+00 9.607027548454519228e-02
1.315242590851295690e+00 1.370851238282509432e-01
1.381781138519853958e+00 2.048434011462774151e-01
1.460379224510370166e+00 3.241070949728976358e-01
1.530395654292044050e+00 5.437654605975752453e-01
3.329827283619669898e-02 1.145730361719160956e-01
-3.315597503243572497e-02 -2.577265656590804321e-03
-2.756586865349958115e-02 -2.668272725300398478e-03
-2.433313457553537215e-02 -3.164033276386779472e-03
-2.211650014823852289e-02 -2.861068971670292869e-03
-2.043005887470616261e-02 -2.002499011464640467e-03
-1.890284424868374918e-02 -1.251845574013736410e-03
-1.714343814792732359e-02 -1.277463422371613111e-03
-1.451225361871993046e-02 -2.582549989753075460e-03
-9.977946578612806663e-03 -5.066949307412988573e-03
2.145908777918835008e-03 -4.713512749170784000e-02
1.547219445674795857e+00 -5.380939079022042382e-01
1.463943952068742949e+00 -3.226131426160607774e-01
1.382571460177117961e+00 -2.035010486818886466e-01
1.315304159442361343e+00 -1.362959588896588692e-01
1.232544410643405364e+00 1.399268238827498234e-01
1.270915235261901310e+00 1.928025271764281789e-01
1.313234769192371365e+00 2.752652640939277084e-01
1.350215478671674907e+00 4.094732158121863197e-01
1.349886871376782427e+00 6.286617305135506761e-01
7.408540316610097154e-01 4.043042507376803929e-01
-2.958092600488327478e-02 6.020595033234900188e-03
-2.564865955031703226e-02 9.879592960027165378e-04
-2.374891169760012799e-02 -1.152575982767156367e-03
-2.264199260383312901e-02 -1.333686824307530380e-03
-2.136591880854693537e-02 -4.732481881374931126e-04
-1.958358248785737471e-02 6.254404468069921230e-04
-1.695343895158520423e-02 1.302100481641922354e-03
-1.326107382557401362e-02 1.057448269993718683e-03
-9.173908722256964021e-03 -4.852286214256065940e-04
2.563747041395333937e-01 -5.516964575868476411e-02
1.354559007010401883e+00 -6.712997745347273337e-01
1.354157028340866153e+00 -4.134235559631207479e-01
1.314758791834914620e+00 -2.755411477050065394e-01
1.271491217566153908e+00 -1.925422857813859634e-01
1.194501916352018300e+00 1.710205392712595696e-01
1.216646584288701538e+00 2.282203758264819415e-01
1.234455980625437821e+00 3.123666656096393268e-01
1.235608105987846761e+00 4.395688374753109473e-01
1.190123335899271328e+00 6.396508457379069812e-01
9.006194980567939767e-01 8.929161355909127629e-01
-2.222302602763345444e-02 7.939740621168391715e-03
-2.103774697181822265e-02 2.261052588954382166e-03
-2.258858233629673640e-02 -1.139780539303444961e-03
-2.339536429725585023e-02 -8.001782968312372377e-04
-2.283940227011778748e-02 8.308041801025935202e-04
-2.110143475338970356e-02 2.948830394248408600e-03
-1.775126560779513932e-02 4.898995272093530605e-03
-1.310354475136733983e-02 5.495095585029107811e-03
-8.278037058386332470e-03 1.156582697121874212e-02
9.336878549086069512e-01 -8.990374766512894134e-01
1.176844046285904000e+00 -6.511878499001296783e-01
1.235571518868971763e+00 -4.445092276208644777e-01
1.235313722263295499e+00 -3.135770936613624937e-01
1.217218769529231359e+00 -2.284299063627044934e-01
1.153440536245553982e+00 1.887707919294930314e-01
1.160863549763016200e+00 2.439146950585919238e-01
1.158607250294260149e+00 3.202306546204925497e-01
1.134338427888603951e+00 4.272171851838754697e-01
1.060072286570524103e+00 5.806073080844020851e-01
8.604707937606778101e-01 7.978235870838038535e-01
2.276275699307901690e-02 8.900787527867744242e-02
-1.382849041015262598e-02 -3.119534948943643044e-03
-2.308163468464149645e-02 -4.767510680992148066e-03
-2.549350863434060935e-02 -1.151228035141850818e-03
-2.533499993567308803e-02 1.629885517705266648e-03
-2.427389508095749784e-02 5.296474388651657532e-03
-2.054072300760547212e-02 9.997049819194480519e-03
-1.134568711803376172e-02 1.219565550476606718e-02
3.528035453107213754e-02 -2.678650429383393206e-02
8.607511274744573671e-01 -7.806922996564311656e-01
1.054218584743725984e+00 -5.793051765335590630e-01
1.132833121617427885e+00 -4.290768059630322706e-01
1.158701280196129613e+00 -3.211588332575245897e-01
1.161214387698402462e+00 -2.442416174411652374e-01
1.113703789045203729e+00 1.947244870580463194e-01
1.109658722842278511e+00 2.435947668034498526e-01
1.093688944673343766e+00 3.069928813888594954e-01
1.055590912449175356e+00 3.886389986403510632e-01
9.762914682183675419e-01 4.916233875429461553e-01
8.185644280062575051e-01 6.136174778817872211e-01
5.282403115983020925e-01 7.156686008583731384e-01
-2.634092100231442968e-02 -1.389982889644054420e-01
-3.135304469236831898e-02 -6.597029291236700468e-03
-2.891946785725161423e-02 7.822618494818199802e-04
-2.805602834808136950e-02 6.951188934744660652e-04
-3.003701507922985903e-02 5.717489064229169804e-03
-3.006882450024036049e-02 1.418895028247319813e-02
-3.954470986656635073e-02 8.569625109845677158e-02
5.617319028419790472e-01 -7.072841151255270242e-01
8.243139742810678960e-01 -6.026235463835925010e-01
9.751106580130090018e-01 -4.888441871081447565e-01
1.054772209591855026e+00 -3.885921515197192644e-01
1.093619609040635821e+00 -3.073134708412446070e-01
1.109879406296485183e+00 -2.438105386396567098e-01
1.078158670725333002e+00 1.915376247729867754e-01
1.066380300656348146e+00 2.321715428327554287e-01
1.042776528428928984e+00 2.814338146546773167e-01
1.000185250613713439e+00 3.393820701186209821e-01
9.278546759593470084e-01 4.034870840758422172e-01
8.111484919556940509e-01 4.651403328712288010e-01
6.364846842159413987e-01 5.039655359566341808e-01
4.008011824258508327e-01 4.919461963790566772e-01
1.808000115936037600e-01 3.441141511875907000e-01
1.117018337431233566e-03 6.101479908664352025e-02
-2.043951725660315966e-02 -5.034319080763596105e-03
1.949629291675996539e-04 -9.152559624373014791e-02
1.213308786371728593e-01 -3.775033202723447889e-01
4.103772757410797389e-01 -5.066940082261919276e-01
6.470525976966354786e-01 -5.028710343672326832e-01
8.149100634910264596e-01 -4.615306439750990197e-01
9.284381760291992025e-01 -4.016762123835901366e-01
1.000189908924627780e+00 -3.388801656455919242e-01
1.042887743298135161e+00 -2.814156327874832164e-01
1.066612270339735380e+00 -2.322639158001431892e-01
1.048201271108265109e+00 1.821139315467427688e-01
1.032015432687494405e+00 2.142684467142323412e-01
1.005436295456048734e+00 2.506281330069109470e-01
9.640235077462258051e-01 2.895810193395074172e-01
9.024541298484539675e-01 3.271912988181766013e-01
8.157999527254536920e-01 3.557732470750105680e-01
7.029708647597713300e-01 3.630724811916062333e-01
5.721310700308657182e-01 3.346824788751129875e-01
4.447051891809796209e-01 2.610110229687914174e-01
3.469874800555076133e-01 1.450530979729782732e-01
3.092981809996159237e-01 -9.375548751218664139e-04
3.463159515273755429e-01 -1.465830071152846581e-01
4.436214984419202811e-01 -2.659233806305275616e-01
5.756908135609447585e-01 -3.383152903435750480e-01
7.070830409388769722e-01 -3.634071184630531803e-01
8.181769457465044582e-01 -3.547932074017364212e-01
9.034688653668976333e-01 -3.263796821794492931e-01
9.644805337707212933e-01 -2.892167864700054269e-01
1.005754886659033120e+00 -2.505497352502362718e-01
1.032319470285411267e+00 -2.143148567623083534e-01
1.024103596216988654e+00 1.690153679639420647e-01
1.006039368809434897e+00 1.934750820051880371e-01
9.794993420923926442e-01 2.192141036682670185e-01
9.420100242339138896e-01 2.441797123652236778e-01
8.913017234603733963e-01 2.647485969540605000e-01
8.263871839300737099e-01 2.753611257196244000e-01
7.493286385052067011e-01 2.688639650124563518e-01
6.670654036012022559e-01 2.383111407611647747e-01
5.917005797935342981e-01 1.801331405032438049e-01
5.378605750262800411e-01 9.708357106711430762e-02
5.181988111972478661e-01 -1.107317662124879904e-03
5.381071658653933110e-01 -9.946687368654082151e-02
5.927215380771032605e-01 -1.826234538011198005e-01
6.690387843948301105e-01 -2.400849966469431607e-01
7.514470620023573355e-01 -2.695242419633298581e-01
8.279707024841912455e-01 -2.753277881172937480e-01
8.922908301444067991e-01 -2.645510977322897417e-01
9.426276745812197655e-01 -2.440627352857936971e-01
9.799420666724135698e-01 -2.192085577122023510e-01
1.006408744203579175e+00 -1.935430172200501564e-01
1.005437509203362056e+00 1.542147180997910372e-01
9.871990571912585555e-01 1.722020629817752335e-01
9.623801090469498165e-01 1.897432193143535339e-01
9.297612551675452641e-01 2.049039202227560530e-01
8.886438867601726965e-01 2.148535801561343161e-01
8.395451263616927617e-01 2.158550580826242571e-01
7.849594238468705631e-01 2.038219134036710900e-01
7.299477810196783878e-01 1.753854757624991878e-01
6.818342791114444523e-01 1.294866699623006545e-01
6.486765440467687771e-01 6.863188733314357082e-02
6.369131434615045162e-01 -9.362979719785367166e-04
6.490708474713348108e-01 -7.047619452402857643e-02
6.826821614403814076e-01 -1.311584684193526640e-01
7.311639108943315257e-01 -1.766413808486549386e-01
7.862574735539693549e-01 -2.045539687447162358e-01
8.406625375011654855e-01 -2.161866618079454627e-01
8.894950432182118227e-01 -2.149879001915991350e-01
9.303891814052082099e-01 -2.049903487998285811e-01
9.628659807652333313e-01 -1.898417064624857709e-01
9.876034894499344796e-01 -1.723252101073008136e-01
1.992670299861519556e+00 1.324976553671684543e-01
1.979438313135992500e+00 1.492421362573115029e-01
1.958018265531421553e+00 1.613528973500986674e-01
1.931055019304287468e+00 1.707389972899480135e-01
1.898478825146357352e+00 1.752638293790329538e-01
1.861136206646021529e+00 1.723716518188387892e-01
1.821186807027328936e+00 1.595078710864810956e-01
1.782261316297949261e+00 1.348506507493462681e-01
1.749117508715784197e+00 9.818274077554124679e-02
1.726696409564030477e+00 5.152891789600068384e-02
1.718797252420737776e+00 -8.362570386564871635e-04
1.726865517042799780e+00 -5.319434391917541444e-02
1.749473373826323508e+00 -9.980509138532921154e-02
1.782790584919647925e+00 -1.363640672794494968e-01
1.821822164946311995e+00 -1.608709327022637692e-01
1.861806745464401391e+00 -1.736065016431924402e-01
1.899162980254027966e+00 -1.764240607544508566e-01
1.931775862635032093e+00 -1.718579276219923402e-01
1.958806780355995425e+00 -1.624266929470235543e-01
1.980307430166161842e+00 -1.502445680861732580e-01
