-1.545211056091301050e+00 -2.049995047198011289e+00
-1.700729225533389677e+00 -1.847668322219192971e+00
-1.706920315985621883e+00 -1.652473147724142333e+00
-1.715088775248994724e+00 -1.456639361973588898e+00
-1.725416847872687454e+00 -1.259410619221236427e+00
-1.737804268430378274e+00 -1.059788967647183666e+00
-1.751669391685858557e+00 -8.566404259443720637e-01
-1.765779596807099061e+00 -6.489653546717928378e-01
-1.778256837477021790e+00 -4.363354159426121592e-01
-1.786924074781378824e+00 -2.193523017768128081e-01
-1.789991390400760940e+00 1.928847602133765076e-04
-1.786773007115645573e+00 2.196978109760397424e-01
-1.777997342613841347e+00 4.365729404534557379e-01
-1.765482482371322215e+00 6.490642700959864397e-01
-1.751402906681827298e+00 8.566166140981801291e-01
-1.737607907743431879e+00 1.059686448006944115e+00
-1.725298870694552233e+00 1.259275772053255027e+00
-1.715038150617542057e+00 1.456506579000185653e+00
-1.706918174815489575e+00 1.652362350003212965e+00
-1.700756465344616553e+00 1.847587285976267202e+00
-1.338387153727793599e+00 -2.054095576835379688e+00
-1.494586734000833195e+00 -1.852870594789001846e+00
-1.500800868609340144e+00 -1.659737348017752856e+00
-1.509627380905121052e+00 -1.466369049038744432e+00
-1.521583070681430172e+00 -1.271829713253193272e+00
-1.536898196160670027e+00 -1.074706557717552524e+00
-1.555156821216027385e+00 -8.731545433642154963e-01
-1.574862706893635611e+00 -6.652266647063486138e-01
-1.593184991440278031e+00 -4.496490594418317555e-01
-1.606385810084679955e+00 -2.268849002547091709e-01
-1.611146234220284690e+00 2.891720200826103002e-04
-1.606137681230788150e+00 2.273933732284355302e-01
-1.592764033157701986e+00 4.499655748712950709e-01
-1.574406118421919798e+00 6.653000129921537997e-01
-1.554787521520043292e+00 8.730371939437672202e-01
-1.536663579290589610e+00 1.074494345952844210e+00
-1.521473946284287670e+00 1.271599612872086116e+00
-1.509612195571849114e+00 1.466167622959043015e+00
-1.500843529651427755e+00 1.659585341941080872e+00
-1.494656793907287673e+00 1.852770319022346790e+00
-1.129762285307721825e+00 -2.057327652365673387e+00
-1.286318320419053363e+00 -1.857565621507310860e+00
-1.291899094709795248e+00 -1.666948702650231429e+00
-1.300726933273202546e+00 -1.476869337747790834e+00
-1.313856486728000705e+00 -1.286311142191943313e+00
-1.332189615303210228e+00 -1.093435160964255193e+00
-1.355921092503838521e+00 -8.954164119223698703e-01
-1.383643689355644968e+00 -6.886454685409429954e-01
-1.411288029537108857e+00 -4.698701469392602692e-01
-1.432238389132686862e+00 -2.387213355152909000e-01
-1.440006470311514519e+00 4.553067715561398814e-04
-1.431820277228454508e+00 2.395073216509338021e-01
-1.410573493695980174e+00 4.702974497345014937e-01
-1.382930862111123371e+00 6.886098253871986152e-01
-1.355441497644489290e+00 8.951008997869964734e-01
-1.331951753178433506e+00 1.093042071395533776e+00
-1.313803053856812397e+00 1.285945801182991399e+00
-1.300792757034092473e+00 1.476584720558864250e+00
-1.292021921779137772e+00 1.666758521354744893e+00
-1.286453853356923194e+00 1.857457319950195362e+00
-9.192914614553494568e-01 -2.059003791574576248e+00
-1.075648716897969370e+00 -1.860980706858962552e+00
-1.079558128403336426e+00 -1.673172363241523630e+00
-1.087130579458414958e+00 -1.487162096132283562e+00
-1.100168649176591407e+00 -1.302121529308586156e+00
-1.120730362054752183e+00 -1.115978540293719234e+00
-1.150426182901665539e+00 -9.248353671851380353e-01
-1.189063404095568544e+00 -7.225829972673195600e-01
-1.231891821266706932e+00 -5.015106088761195346e-01
-1.266648322846822605e+00 -2.581430143019526890e-01
-1.280123210491857400e+00 7.022115507870084527e-04
-1.265953801695707259e+00 2.593840033574883464e-01
-1.230551960712390258e+00 5.020914509658034319e-01
-1.187992459082531038e+00 7.221452935129215600e-01
-1.149944645325145398e+00 9.241503968967295091e-01
-1.120581874853388005e+00 1.115329513033828324e+00
-1.100261920632837676e+00 1.301581249112061078e+00
-1.087356624676829142e+00 1.486794831371262671e+00
-1.079812037536019176e+00 1.672967873703432140e+00
-1.075875036560624221e+00 1.860892393529175015e+00
-7.072014834398704375e-01 -2.058293714583099732e+00
-8.625755060633761850e-01 -1.862051868325932169e+00
-8.633680450380776250e-01 -1.676918935786547715e+00
-8.676209379063639648e-01 -1.495339981501319304e+00
-8.779523805281179705e-01 -1.317206222279975192e+00
-8.981725848402672963e-01 -1.140795836022511445e+00
-9.323898864732158565e-01 -9.613491796678194090e-01
-9.836374200252511191e-01 -7.704336804557001539e-01
-1.050364665627302241e+00 -5.528230249543429897e-01
-1.111351546692506354e+00 -2.907087551276796300e-01
-1.136822422542164146e+00 8.096734006657068956e-04
-1.111265970716969420e+00 2.934358132841182742e-01
-1.047440102709091381e+00 5.531900578299506765e-01
-9.829100824765550914e-01 7.686136530696254798e-01
-9.321919999801741019e-01 9.604234610560329344e-01
-8.981890586597129911e-01 1.139807219620970313e+00
-8.783787291228203342e-01 1.316445369413166810e+00
-8.681445067122968151e-01 1.494941609683746453e+00
-8.638134228534019021e-01 1.676770750106947538e+00
-8.629086037436998202e-01 1.862037801196765097e+00
-4.941164219650249212e-01 -2.054342143402449139e+00
-6.476023525949027304e-01 -1.859514421450978894e+00
-6.435898174346612599e-01 -1.676141084417412719e+00
-6.416586771347976281e-01 -1.498235195144669518e+00
-6.447179235997495539e-01 -1.327161976829480672e+00
-6.586531722103973197e-01 -1.163203688846390804e+00
-6.939243428948833614e-01 -1.000918266620050678e+00
-7.597313167005279588e-01 -8.259222317613029718e-01
-8.913416348488749641e-01 -5.506396708826365449e-01
-9.719538196618540127e-01 -2.697571203364966808e-01
-1.006057036775953151e+00 5.050136031141407369e-03
-9.928398363667849669e-01 2.629939597665504891e-01
-8.888211407472600412e-01 5.582292956774408399e-01
-7.635060544919103354e-01 8.234012831786921005e-01
-6.918901696748303021e-01 9.997194180199989733e-01
-6.593250912186302548e-01 1.161110624692677229e+00
-6.460572216852316085e-01 1.326287445444912949e+00
-6.426671557767188458e-01 1.498044197492790275e+00
-6.442483138806402998e-01 1.676202429644509939e+00
-6.480210713443455006e-01 1.859655666536726981e+00
-2.811272310507671457e-01 -2.046485620130370719e+00
-4.319564709222211696e-01 -1.852184964673176282e+00
-4.217029485285219703e-01 -1.668592396126298949e+00
-4.106632628584251377e-01 -1.491619830538773339e+00
-4.005513065519528682e-01 -1.324010617248670751e+00
-3.960031188506022426e-01 -1.169221920777556267e+00
-4.424821888630695033e-01 -1.020839894652381119e+00
-6.833457405781991900e-01 -7.102746652334170907e-01
-8.004957744315566170e-01 -4.019130157150512250e-01
-8.024073488494101181e-01 -1.993228005501771483e-01
-8.032749106600831634e-01 -3.983144897395826363e-04
-8.016763890177753815e-01 1.994489078350507594e-01
-8.000761674027013770e-01 4.019077496913061598e-01
-6.639808020810783473e-01 7.322764174645751689e-01
-4.316447520347028721e-01 1.014745438190658433e+00
-4.025673791000308754e-01 1.168469803439863952e+00
-4.033289762027549852e-01 1.324640878888142304e+00
-4.120179798612066402e-01 1.492193464420714433e+00
-4.224337659364111874e-01 1.669059953859975742e+00
-4.323674522552430344e-01 1.852554094633789949e+00
-6.972549699640467891e-02 -2.034535148073302491e+00
-2.176162368534819147e-01 -1.839440454562961458e+00
-2.006882610506312004e-01 -1.652710014629934943e+00
-1.790777658481991774e-01 -1.471924190132206434e+00
-1.524098733904745429e-01 -1.300204539127190584e+00
-1.290095747763408407e-01 -1.142592169056072748e+00
-3.936791558560878146e-01 -9.268990960969842874e-01
-6.003199060853718905e-01 -6.011547038254222430e-01
-6.018974610558590621e-01 -4.004470094814785441e-01
-6.025511086375431313e-01 -2.000086293075126198e-01
-6.027728613676893721e-01 -2.593428592832875616e-05
-6.023221920943129248e-01 2.000979262628956867e-01
-6.016010602076405922e-01 4.006760524756826647e-01
-5.992720630175256691e-01 6.016860813254878426e-01
-3.901982959042045174e-01 9.088897868216517795e-01
-1.284484586359921909e-01 1.144216662980663379e+00
-1.537989648897831185e-01 1.302431696872405897e+00
-1.799885956972837597e-01 1.473352968722311918e+00
-2.011711148033291097e-01 1.653608383297439977e+00
-2.178672262829285111e-01 1.840029793977138395e+00
1.384536940131640692e-01 -2.019023678481592921e+00
-6.982508108800689062e-03 -1.821720796002376463e+00
1.539382659406340892e-02 -1.628684268921930967e+00
4.614139524855878638e-02 -1.438275995423094811e+00
8.811854393662496565e-02 -1.250727661155168757e+00
7.141176013006816925e-03 -1.051815527913693371e+00
-3.975619002587834072e-01 -8.058099509825727980e-01
-4.013699475517321646e-01 -6.013809045450992929e-01
-4.023976584394797773e-01 -4.005976506267166504e-01
-4.027978408901446428e-01 -2.001937237613604370e-01
-4.028865478929679611e-01 7.441280283497827143e-05
-4.026837749069461236e-01 2.003775546840785016e-01
-4.022331098432793683e-01 4.008590733706537401e-01
-4.013637501656015516e-01 6.017501535019609271e-01
-3.980911879496918382e-01 8.033490632624472605e-01
1.458783647395041350e-02 1.051858468373940703e+00
8.743694034927013137e-02 1.254476909624409497e+00
4.611953793120560086e-02 1.440177682773230661e+00
1.543320080418325579e-02 1.629789856607512188e+00
-6.943696098520357740e-03 1.822409583845592485e+00
3.420500777875292719e-01 -2.001273088583303217e+00
1.978114458306911294e-01 -1.800771867857350550e+00
2.226360006044689199e-01 -1.599215008336297039e+00
2.573637210865411529e-01 -1.394957931665450568e+00
3.051133113145343412e-01 -1.183207613482366360e+00
9.238385765335473121e-02 -1.012585734382820402e+00
-2.005041721126736010e-01 -8.021136537554346413e-01
-2.024584236410206517e-01 -6.014517611487592008e-01
-2.029494563764043524e-01 -4.007668389829521782e-01
-2.031764358922392988e-01 -2.002780724214027197e-01
-2.032165161833505151e-01 1.253905949138189901e-04
-2.030929882934157382e-01 2.005334849053756197e-01
-2.028143670976441937e-01 4.010202712745591369e-01
-2.023069957656089823e-01 6.016549053104162104e-01
-2.004591548552189517e-01 8.029454436801547468e-01
7.967823135640569876e-02 1.004818417717348034e+00
3.092414305165861466e-01 1.185623625649826485e+00
2.587814370475229331e-01 1.396433861604793103e+00
2.232922616513570713e-01 1.600125538325620544e+00
1.981655092849097799e-01 1.801367900131672917e+00
3.783388870434316043e-01 -1.985523898031581913e+00
3.957066781941939171e-01 -1.779342247167619240e+00
4.190806871110495657e-01 -1.569077539745344474e+00
4.508208856052106084e-01 -1.350869102364386398e+00
4.912755051639645654e-01 -1.117140153785401768e+00
3.102310944645897961e-01 -9.563764478513417933e-01
-1.912794068495962153e-03 -8.021587628997977060e-01
-3.169261404449159533e-03 -6.013908821374691627e-01
-3.507837772772984253e-03 -4.008081489617543736e-01
-3.636899366753086095e-03 -2.002955998478629651e-01
-3.643427984086550393e-03 1.687048282197322062e-04
-3.547088373292971511e-03 2.006261627006826198e-01
-3.335457958580717846e-03 4.011123072168074621e-01
-2.900229877857637972e-03 6.016050137799432429e-01
-1.429777971069058629e-03 8.018889101090883598e-01
2.469670798619036378e-01 9.673805332840362814e-01
4.930984834399796957e-01 1.116780084538658180e+00
4.527036750817394761e-01 1.350873301943995353e+00
4.200679263104898364e-01 1.569418599196203967e+00
3.962573582609466571e-01 1.779682609197301923e+00
5.726539578404313824e-01 -1.971212455032710809e+00
5.871656433108374262e-01 -1.760350420938500138e+00
6.057080689493753445e-01 -1.543328709278472655e+00
6.289003981479808214e-01 -1.315275434922726250e+00
6.539006745861033476e-01 -1.067477372280545289e+00
5.231933741324679144e-01 -9.131564002688536963e-01
1.979673171722000080e-01 -8.013127754187860941e-01
1.963262100677228006e-01 -6.012486974530367734e-01
1.959598322536398041e-01 -4.007796868888773845e-01
1.958686234634245682e-01 -2.002588478294078655e-01
1.958958346920996463e-01 2.191175359720620437e-04
1.959782590122279289e-01 2.006819201634945093e-01
1.961607418355650889e-01 4.011785923749642269e-01
1.966628410089156787e-01 6.016818804265312570e-01
1.987167587024291360e-01 8.018695132330584396e-01
4.665992369237694226e-01 9.235688231472795051e-01
6.564624881432344905e-01 1.060690171435479723e+00
6.302938663286403731e-01 1.314189647421594165e+00
6.065763713600073048e-01 1.543119535595880221e+00
5.877208662470803091e-01 1.760409133224069667e+00
7.635990148979386882e-01 -1.959738013527885458e+00
7.739603744416940767e-01 -1.745964587485373087e+00
7.858630750258958075e-01 -1.525385429702001083e+00
7.982356081585555430e-01 -1.293508315537341025e+00
8.069732626691394906e-01 -1.042039638740990481e+00
7.718162312413749948e-01 -7.844234653481423347e-01
3.992899890258637674e-01 -8.003786012090692292e-01
3.960695971143605165e-01 -6.011589975083340143e-01
3.954096511855704210e-01 -4.007127503878818997e-01
3.953653506819917451e-01 -2.001410517727472138e-01
3.954632597300710151e-01 2.876809196725945458e-04
3.955235254873404327e-01 2.006752823310295752e-01
3.956345556783189554e-01 4.011545821393888711e-01
3.961840789138250107e-01 6.016556543222622011e-01
3.992329815650873526e-01 8.015830194660172880e-01
7.664844808079394056e-01 7.820614607538070029e-01
8.047821072019956112e-01 1.039346083829319145e+00
7.984991779983879878e-01 1.292214746080625476e+00
7.863541604161515819e-01 1.524936328390472884e+00
7.743825551828960041e-01 1.745846031923521391e+00
9.525776761110529289e-01 -1.951834556358096551e+00
9.584677522920395099e-01 -1.737093495707376478e+00
9.636835625936310823e-01 -1.516185576236660726e+00
9.660618854911587894e-01 -1.285903483677909520e+00
9.602064376337567930e-01 -1.041038805009749879e+00
9.306568587318383434e-01 -7.761407329134152322e-01
7.237361130927129071e-01 -6.733858172452472646e-01
5.960454929897789356e-01 -6.009390990463345794e-01
5.946603540320943848e-01 -4.004102264162490710e-01
5.949194105734967319e-01 -1.997632759702079319e-01
5.952046896513679686e-01 3.939585226302704662e-04
5.952098569185964028e-01 2.004946496201037709e-01
5.951081413123124886e-01 4.007920163774661426e-01
5.962263033358238262e-01 6.010283138409117099e-01
7.239747577479921370e-01 6.749002967441649625e-01
9.275522464479472040e-01 7.790937775470904159e-01
9.587017425076002075e-01 1.040820911662674098e+00
9.658009161152993904e-01 1.285280795229467143e+00
9.638607006058245164e-01 1.515821610036516498e+00
9.587363397390153974e-01 1.736933871731689338e+00
1.141005612070169484e+00 -1.947533013235518640e+00
1.142905733631305543e+00 -1.733441829154302338e+00
1.142660098899098475e+00 -1.514583578478183590e+00
1.137846033240994981e+00 -1.289302984080195280e+00
1.123679998225306509e+00 -1.055757951024650421e+00
1.090387089761856609e+00 -8.131813988247084124e-01
1.018555266117669333e+00 -5.731719686993328455e-01
8.725364124609474858e-01 -4.957850246246851555e-01
7.940536123177316385e-01 -3.977435818981832627e-01
7.950459064370054563e-01 -1.985471687206682156e-01
7.954738907005702853e-01 4.281890558348904114e-04
7.954614028319131336e-01 1.998759738181244694e-01
7.948715983533359841e-01 3.983538388148232245e-01
8.764295318843959848e-01 4.883224023381558809e-01
1.023360533368789627e+00 5.735758602649363436e-01
1.090844774963170449e+00 8.155811917062385508e-01
1.123175424491774432e+00 1.056209566822663648e+00
1.137656497628606322e+00 1.289167568546565779e+00
1.142726351964706399e+00 1.514394782067455703e+00
1.143077728151764116e+00 1.733318038038377473e+00
1.330010521592768225e+00 -1.946345746696488854e+00
1.328847420361429554e+00 -1.733939866490052051e+00
1.324885425210319267e+00 -1.518348721520842659e+00
1.316068205007319802e+00 -1.299128551848560242e+00
1.299092992983230221e+00 -1.076466904941151936e+00
1.269093340665941039e+00 -8.524084151730804138e-01
1.220862701712849274e+00 -6.331726155184993488e-01
1.151036917288760009e+00 -4.298224723465599029e-01
1.075761849372203205e+00 -2.682642733400848467e-01
1.015204716073925928e+00 -1.432191555730779886e-01
9.977654184329096676e-01 -1.424618670217018710e-03
1.018286278142828793e+00 1.354650922852249639e-01
1.070535018553371520e+00 2.634143367699280924e-01
1.152979538611474952e+00 4.277435069788709798e-01
1.222602399760885694e+00 6.334131569873341361e-01
1.269692706513167790e+00 8.531411929197486588e-01
1.299125752742459561e+00 1.076791182731850371e+00
1.316063065821242217e+00 1.299150218956658831e+00
1.324960967460978134e+00 1.518271578870408645e+00
1.328982762931862016e+00 1.733861133561737988e+00
1.520302705927175868e+00 -1.947522498922123813e+00
1.517098038957567674e+00 -1.737259039179561260e+00
1.511059684952168247e+00 -1.525180981171988304e+00
1.500722840559769011e+00 -1.311533322256973610e+00
1.484159573010044753e+00 -1.097287803554294783e+00
1.459274557891800495e+00 -8.847647927894165543e-01
1.424853036314812194e+00 -6.782417792005243085e-01
1.382553113838001613e+00 -4.837557406264159088e-01
1.339445173136303735e+00 -3.067209784884064594e-01
1.305754044057460206e+00 -1.472596016176454525e-01
1.292839438080273462e+00 -3.573100482250938462e-04
1.305933484782198173e+00 1.470220457307782891e-01
1.339286213511606372e+00 3.059008681332295865e-01
1.383206760900522747e+00 4.830686289418326673e-01
1.425609330703246469e+00 6.781530485555905541e-01
1.459718211361647811e+00 8.849342254839038802e-01
1.484352214706233575e+00 1.097413198006591317e+00
1.500831403526524666e+00 1.311554200026616046e+00
1.511169685363900062e+00 1.525142500765570563e+00
1.517227257910929827e+00 1.737206256022447937e+00
1.712198786976164122e+00 -1.950282108945414761e+00
1.707841618350049329e+00 -1.742191044895030183e+00
1.700963883529044152e+00 -1.533294504365229516e+00
1.690647814882784372e+00 -1.324116275785161889e+00
1.675917843065154900e+00 -1.115738046230814184e+00
1.656073392016163215e+00 -9.100313155484440752e-01
1.631334138360693631e+00 -7.097043372808411466e-01
1.603689641333029936e+00 -5.178135225214723913e-01
1.577381187985090083e+00 -3.364606435788654037e-01
1.558084275798720775e+00 -1.651846606355044933e-01
1.550963264052865220e+00 -2.383666940866381546e-04
1.558166455168682685e+00 1.647175158787794746e-01
1.577575576945733138e+00 3.359818729466966247e-01
1.604058767122203522e+00 5.174433574902747024e-01
1.631744868931632730e+00 7.095399509998477905e-01
1.656392250480309691e+00 9.100033331016804672e-01
1.676129784584817983e+00 1.115740639064779272e+00
1.690799174540374761e+00 1.324099373944993996e+00
1.701095640212390014e+00 1.533256415172390197e+00
1.707972020288566428e+00 1.742145536739925893e+00
1.905726032438522566e+00 -1.953952991546237916e+00
1.900882991654679888e+00 -1.747818835053878583e+00
1.893966163150468063e+00 -1.541537223570292658e+00
1.884464182804393539e+00 -1.335675562717216103e+00
1.871971328428114312e+00 -1.131160391071381666e+00
1.856427905190195515e+00 -9.293254914668616085e-01
1.838457239799471177e+00 -7.317969022696431125e-01
1.819683324624197462e+00 -5.401057834277837033e-01
1.802757331768332305e+00 -3.550147856642713595e-01
1.790829628587167210e+00 -1.758361006285050487e-01
1.786534016475396003e+00 -1.954826437798671396e-04
1.790910160290032804e+00 1.754537816778493076e-01
1.802922697140371566e+00 3.546645247074183827e-01
1.819922365380812757e+00 5.398286737446874595e-01
1.838720598202887357e+00 7.316182696517637973e-01
1.856664291208205642e+00 9.292256135680706519e-01
1.872162901135649760e+00 1.131099677220320565e+00
1.884620378750453185e+00 1.335625258114193858e+00
1.894103344222331620e+00 1.541487390320984252e+00
1.901012176134437626e+00 1.747770328797245698e+00
2.200903468338156532e+00 -1.957593709759772871e+00
2.146126738114487509e+00 -1.753664330249722125e+00
2.139667574328309119e+00 -1.549373806002434462e+00
2.131335555393226056e+00 -1.345812669126500882e+00
2.121027146263721352e+00 -1.143695750468969985e+00
2.108932849825722489e+00 -9.439246166756980472e-01
2.095701255058005419e+00 -7.474613483846263007e-01
2.082540556467159298e+00 -5.550695576203861226e-01
2.071139483667556291e+00 -3.669626172841919387e-01
2.063331276680403281e+00 -1.825052990760580862e-01
2.060562814185649128e+00 -1.635541157693476129e-04
2.063386975174563709e+00 1.821852161868905695e-01
2.071248482957932957e+00 3.666653861560607575e-01
2.082692362805117714e+00 5.548125504269521002e-01
2.095874746446587444e+00 7.472540968642571446e-01
2.109106365289439289e+00 9.437615082096838526e-01
2.121189890772568365e+00 1.143562087217502299e+00
2.131488117566781693e+00 1.345695705453490598e+00
2.139815122148633453e+00 1.549267679405549991e+00
2.146273512171857245e+00 1.753568521035795413e+00
