2.043137434292636279e+00 8.446249386188516006e-02
2.102459962134298532e+00 4.765644094427896882e-02
1.184900431176846070e+00 3.950311343812430015e-02
1.217585910304952668e+00 5.111924724827003608e-02
1.255251683602237600e+00 6.058884143730517563e-02
1.299609494053820535e+00 6.164372074007395258e-02
1.353986165924203178e+00 4.408687428461004892e-02
1.434624147931440996e+00 -2.501656989961480171e-02
1.428695604512362882e+00 -3.875164176619689815e-01
6.760032039346559607e-01 -7.113706455314466881e-01
2.296920041656141387e-01 5.064024309881547392e-01
1.672569979147844776e+00 8.143066918108741170e-01
1.839043250570400412e+00 1.718883059290626514e-01
1.778101668339909347e+00 -1.685348694451594131e-01
1.636423578026197090e+00 -2.533814421094759406e-01
1.549579856697963276e+00 -2.373524837726411485e-01
1.489598449201015695e+00 -2.020555366306817369e-01
1.440572126897952776e+00 -1.641663643960022956e-01
1.397334729251085150e+00 -1.295800633422764803e-01
2.260151915302493375e+00 -1.629026672021293976e-01
2.021192482760676423e+00 9.220244061199257823e-02
1.083902086313527802e+00 1.304953514647538837e-01
1.165935981619086181e+00 9.746102190422674394e-02
1.190542503136923225e+00 1.245923637069142331e-01
1.218539600434392245e+00 1.537526833499889278e-01
1.253570138000664302e+00 1.790684667077396264e-01
1.304036835775060243e+00 1.862040103452770878e-01
1.373356074263193838e+00 1.458286140278688414e-01
1.489556001350596404e+00 5.378986456980244107e-02
1.204889540264706849e+00 -5.376638328852868520e-01
2.248795516120332683e-01 5.634105400872683189e-01
1.869823186599850473e+00 3.858491933895933368e-01
1.775968324226004480e+00 -4.816393763315963694e-01
1.548153510873421013e+00 -4.434815562438195191e-01
1.475542189311322527e+00 -4.196873987204217116e-01
1.432919019536349481e+00 -3.751984319251071009e-01
1.404105340820883452e+00 -3.202987254844876785e-01
1.379640276037154889e+00 -2.639945642374829649e-01
1.354910290786906391e+00 -2.123736138934194384e-01
1.256339220788375899e+00 -2.332756800170704969e-01
1.999689293981006477e+00 9.389531200218777240e-02
1.079171047119159343e+00 1.413379400845819200e-01
1.132122260059707841e+00 1.473113291279395942e-01
1.144030252365213274e+00 1.870023970158950499e-01
1.156026120591777229e+00 2.325812495323800189e-01
1.171962378617024125e+00 2.794841958543828886e-01
1.199284151736943249e+00 3.150872074764518582e-01
1.242213420696238968e+00 3.399239527801304894e-01
1.420557558310840962e+00 2.455350452539615813e-01
1.611720185879701006e+00 -2.623109755003172339e-01
2.292551828781870527e-01 5.818734384632545664e-01
2.008515080492780047e+00 5.696990063563157208e-03
1.519383468171182194e+00 -5.041931126701804100e-01
1.384882556499018813e+00 -5.766473373765775845e-01
1.328011287767882687e+00 -5.425084605209355981e-01
1.308561674129798069e+00 -4.784142988412438680e-01
1.303815704357158767e+00 -4.072963081775326510e-01
1.302018280669870798e+00 -3.391641493218466863e-01
1.296846706271608696e+00 -2.775909106286581496e-01
1.237671331041722889e+00 -2.545705211109321464e-01
9.711006133275251750e-01 1.186414772221893316e-01
1.086326794547096242e+00 1.461097988593261232e-01
1.086930026181438302e+00 1.856408219312009611e-01
1.082531670949953728e+00 2.341298514244867790e-01
1.074079754305220513e+00 2.930612201700272812e-01
1.067145455633928375e+00 3.656139003866709092e-01
1.078655898896089926e+00 4.536602627993996384e-01
1.162880977335039701e+00 5.012835012683702907e-01
1.184986859461313990e+00 2.690318711925009376e-01
1.352162586627953855e+00 1.967402810402380520e-01
1.635870345568073148e-01 4.216730594661164955e-01
1.550853615781135453e+00 -5.871227807202933358e-01
9.106031202705006100e-01 -5.136542154013956640e-01
1.253337178678106456e+00 -8.298327800652105513e-01
1.155973852700516114e+00 -6.986899515005690064e-01
1.164669179039986124e+00 -5.712716644028918989e-01
1.190995766154002489e+00 -4.740846023694806899e-01
1.215017414910776417e+00 -3.937978097045395365e-01
1.230318294531684398e+00 -3.252820829890344934e-01
1.236123717177079806e+00 -2.667665298585820133e-01
9.634896802937350513e-01 1.194304583561533462e-01
1.047743942729780775e+00 1.675800801725705891e-01
1.033846335149109619e+00 2.105188555428809949e-01
1.007438668922602476e+00 2.643045586550895609e-01
9.611312550323480863e-01 3.346323261406967120e-01
8.758487762729075810e-01 4.359316946716668695e-01
6.947307434801217596e-01 5.878016769514304851e-01
3.691076614203748218e-01 7.179846711299890938e-01
1.174966479360168181e+00 6.836070819927339004e-01
4.281821702275626640e-01 1.740388133079351918e-01
6.342234488443029838e-02 3.371308534171308935e-01
1.275161706859069266e+00 -5.285691822727225375e-01
5.044287777309649501e-01 -1.230639214355076838e+00
6.029902318984703413e-01 -8.679128855453173141e-01
7.683192170247330477e-01 -7.361391256482262557e-01
9.462480644123147933e-01 -6.191118845767032974e-01
1.055336681995870274e+00 -5.126673977541472693e-01
1.119896853273663284e+00 -4.267792545292523054e-01
1.159446296316714919e+00 -3.556875956332576916e-01
1.182046942211952389e+00 -2.954313499285913802e-01
1.971369692450062105e+00 9.596902177685652513e-02
1.006995729429012387e+00 1.780813570185959815e-01
9.772675086103008724e-01 2.201109482348204416e-01
9.241973332454147538e-01 2.711021783646057060e-01
8.295084442165174821e-01 3.304077898308958039e-01
6.694033423500463931e-01 3.847189709868188423e-01
4.352699959427173693e-01 4.239959437368866491e-01
-1.161040856305933094e-01 1.058300791347283748e-01
1.093132936579299219e+00 2.090284521815864438e-01
4.744761602605868100e-01 7.032347947517658682e-02
-3.139066824914588279e-03 2.288779156193719300e-01
8.830881766610847450e-01 2.013770116262936782e-01
1.855522191452357861e-01 -2.369139413840010977e-01
-2.081267336618100872e-01 3.945618510042981919e-01
1.210169621376551707e-01 -6.262213259909974461e-01
6.813413527671726699e-01 -5.816656192480642584e-01
9.046103450592259954e-01 -5.084900417385616045e-01
1.021178216923043447e+00 -4.350175074939075515e-01
1.088354337309427988e+00 -3.687043381586699309e-01
1.127958151841862433e+00 -3.107788314852383271e-01
1.964325798512521537e+00 9.712510307482909166e-02
9.680809578987958908e-01 1.777921167022072924e-01
9.240471554143521171e-01 2.140365614713970743e-01
8.471436952269623122e-01 2.525426135605609024e-01
7.079136329916709824e-01 2.834999234650880107e-01
3.720650983258997901e-01 2.978119650975261656e-01
7.392065248772234920e-01 -3.198300579576900809e-02
9.803733232172147372e-02 -3.575275185920828019e-02
-1.163455671581521168e-02 -1.320982254614763013e-02
-2.255534145301933344e-02 4.689635665346090013e-03
-2.196663605704506778e-02 6.088181256625283325e-03
-2.886102805102867472e-02 7.343333585458908415e-03
-3.790458030138682804e-03 -5.601404255875812657e-03
1.049905619124582856e-01 4.253583445362083687e-02
-7.934281038493702642e-02 -3.535843675397261632e-01
4.208490230183722369e-01 -5.048020964187919235e-01
7.603767830875335365e-01 -4.743485541849881693e-01
9.298316793765686317e-01 -4.207782400156853120e-01
1.022767768946003075e+00 -3.657021019253409166e-01
1.077539478924375516e+00 -3.139647763745637699e-01
1.951624623711143869e+00 9.062644551221531175e-02
9.347869335524973122e-01 1.684540605966387272e-01
8.808872008627915973e-01 1.957996561568653704e-01
7.879579590271914569e-01 2.185750711879388131e-01
6.026883841956390819e-01 2.278998278041835246e-01
1.253315329501435704e-01 2.084193854065962692e-01
1.337766721759513500e-01 1.293191183595607252e-02
-2.499554283713998487e-02 -4.061261683274049877e-02
-2.002942620968602844e-02 -1.276551155884271104e-03
-2.312282988030451431e-02 1.826800739225164973e-03
-2.500653915634181573e-02 3.494549529539684243e-03
-2.706784344638910045e-02 4.312847703282315058e-03
-2.676349429235042390e-02 7.638780389141671540e-03
-2.917926811953141381e-02 6.583149651151494648e-03
2.217917276895372269e-01 -4.637777173754173421e-02
-9.815829720925921265e-03 -3.518331327407955289e-01
6.551810116205297740e-01 -4.172838174068367878e-01
8.580901794141074790e-01 -3.914754040081079300e-01
9.686902766764899919e-01 -3.503441668271551346e-01
1.034199016198345200e+00 -3.071278693194082199e-01
1.943146536916700029e+00 8.588384092327333574e-02
1.936362548909964509e+00 1.299466668116356638e-01
1.887299488064827724e+00 1.525836240576059766e-01
7.510577265728771712e-01 1.806254053545518212e-01
5.418230922411489958e-01 1.695419894955909612e-01
1.286627152187549139e-01 -6.235519234388444687e-01
1.386686348452673481e-02 2.190372025213883217e-02
-3.592875425212800622e-02 -4.298193638976706248e-03
-2.604271963159840789e-02 -2.080709155287092677e-03
-2.509945667439329037e-02 6.545441699821944034e-04
-2.607469094565319223e-02 1.749914861323429664e-03
-2.808728766839146615e-02 2.515507732293017183e-03
-3.149861265440968144e-02 4.341498990305600603e-03
-4.027721085690062763e-02 9.539676321955160854e-03
-4.964871432016553648e-02 -4.063598009657692911e-02
1.347241822693225233e+00 -9.501351633772107119e-01
5.596545996651459687e-01 -3.622158242819961127e-01
1.847670926600983421e+00 -3.332171267483712840e-01
1.954258516081937458e+00 -3.021172517281395242e-01
2.015903672327163498e+00 -2.665082094597303053e-01
1.936808333259868453e+00 8.114058309930301249e-02
1.916391051428951720e+00 1.092985927678964131e-01
1.868735429217957211e+00 1.209497105044184950e-01
1.781283012560761492e+00 1.381654684818604817e-01
5.107620639392267403e-01 1.164054558075095641e-01
-1.596653626096722067e-01 -3.848649344755566276e-02
-2.811370990283060603e-02 -1.118498643023950988e-02
-3.064807203632100019e-02 1.645567887642656549e-03
-2.751357138579109407e-02 1.059323937684566314e-03
-2.578511461866008631e-02 8.655132084676024932e-04
-2.618116546743656792e-02 3.656886383535595461e-04
-2.833094753754423697e-02 -2.518904678401672707e-04
-3.228097213306913710e-02 -8.465144287427905445e-04
-3.849351784899574663e-02 -3.645408446854144988e-03
-3.456734430520604084e-02 -1.665373619040780642e-02
-1.410274678578029781e-02 2.974129573451616410e-02
4.960341332401055903e-01 -3.150934542227902257e-01
1.827178124593678232e+00 -2.829221342402586936e-01
1.926434720298823011e+00 -2.558136151875868847e-01
1.983521210434783688e+00 -2.354313116030598563e-01
1.932581977367557213e+00 7.558279762863290285e-02
1.906009041130046322e+00 8.212222627776855077e-02
1.864546071744531019e+00 9.190206864844481516e-02
1.788653680130310786e+00 9.754498709015890778e-02
5.238245814207710405e-01 8.110469301981461376e-02
9.400581873251051546e-02 1.000807903508866281e-01
-4.020722963093611990e-02 1.238586383383868776e-02
-3.063130999818491212e-02 5.943089326483741441e-03
-2.633681160890229134e-02 3.922475629877675979e-03
-2.441131690329977413e-02 1.577048829562726403e-03
-2.467522249662814499e-02 -8.978596125134553040e-04
-2.689027993931426483e-02 -3.264815898522292065e-03
-3.070309139211388830e-02 -5.271633723872391243e-03
-3.439639819229382139e-02 -6.938453893829694963e-03
-3.205232177090789475e-02 -8.126720870380809564e-03
-6.492888988603266742e-02 -6.012390222465253953e-02
5.066239256268132429e-01 -2.777564542357020549e-01
1.830491817549398492e+00 -2.413295176373741191e-01
1.917873041116728183e+00 -2.242117843121215481e-01
1.968303584579689014e+00 -2.112383205981775702e-01
1.927330259595002593e+00 6.068603704506497776e-02
1.904363447517591901e+00 6.329098409546951576e-02
1.871792045893124978e+00 6.165554112796121922e-02
1.815353687398985727e+00 5.918492094073897480e-02
5.884506135041163155e-01 5.935910856286022441e-02
-3.507636832702910046e-01 2.982255513534035063e-01
-3.226314897485850486e-02 1.914763601194305331e-02
-2.709500575621369076e-02 1.113678433231640383e-02
-2.304757100622649088e-02 7.148919000828366128e-03
-2.080441657134526542e-02 2.398251605309017868e-03
-2.117755032990932193e-02 -2.268479769652591120e-03
-2.366945754962924281e-02 -6.626571282650984586e-03
-2.845479613095310348e-02 -1.029977173127111234e-02
-3.503863543281735687e-02 -1.050896156141789724e-02
-3.381778348345971380e-02 -3.054852564073459210e-03
-2.871156380816243248e-01 5.998079159349958278e-01
5.823240877223516687e-01 -2.500007738714759009e-01
1.848900509975706319e+00 -2.078776145393056718e-01
1.919056769165579102e+00 -1.965569945600209312e-01
1.960567373942206482e+00 -1.824079335427074011e-01
1.926137055847577884e+00 4.405973899612661976e-02
1.908019531889739273e+00 4.352382250498706279e-02
1.881359242207731874e+00 4.369019677144100194e-02
1.839138743493584860e+00 3.931582301267276536e-02
1.724177465713089275e+00 4.008121080710650569e-02
-3.606017726888240404e-01 -4.581081597546071693e-01
-2.139678475982486131e-02 1.155560223224180727e-02
-2.662760162776411574e-02 1.370670127516083331e-02
-1.678531470576425516e-02 1.204895703807583145e-02
-1.440454771521403922e-02 2.677448188574590646e-03
-1.577978837436863277e-02 -3.919217630270322925e-03
-1.785835431696199821e-02 -1.030907159119087181e-02
-2.304412017177197985e-02 -1.821741333233215659e-02
-3.557372120883990629e-02 -2.578857993666651416e-02
-6.923216262274924093e-02 -3.189301551737088597e-02
-1.408558921760536264e-01 1.119251539535602163e-01
1.738649838096801403e+00 -2.031088558426434321e-01
1.877516364552585193e+00 -1.736304297393571339e-01
1.927156128078912900e+00 -1.669739880755482520e-01
1.959055921029646319e+00 -1.626061019830972731e-01
1.928206835085584325e+00 3.031855789787672034e-02
1.913073008811876363e+00 3.093388441867645985e-02
1.894664451203303956e+00 2.633434848956745997e-02
1.866028652200016014e+00 2.105540998542511366e-02
1.808461001361368004e+00 1.382768458243284482e-02
4.393111330546223825e-01 9.756906602929871913e-03
-1.151608504451399340e-01 1.132098626673025132e-01
-4.669721167788396660e-02 7.051855058062697634e-02
5.364218210107282725e-03 1.500146393701268580e-02
-5.876463391817379929e-03 -1.383217157995512894e-03
-1.064348851581850899e-02 -5.474422566575367841e-03
-8.490356270479844369e-03 -1.137993640066849166e-02
-8.979517411637771840e-03 -2.742455904347205001e-02
-1.508563766765330660e-02 -4.031157897609490698e-02
6.954895638943944802e-02 -7.446729435138287057e-02
4.996165181333008798e-01 -1.951491076835285832e-01
1.831825855223498056e+00 -1.612398257418282965e-01
1.899181754350791618e+00 -1.528394278624331526e-01
1.935350022845448548e+00 -1.478974409969025516e-01
1.960606444003720750e+00 -1.411626217745624856e-01
1.931205014322002533e+00 2.117923428283532278e-02
1.920263814254713486e+00 1.848947727195758214e-02
1.907191429566391427e+00 1.376166413880278334e-02
1.887952867098786180e+00 8.649134790400503023e-03
1.859711819561790769e+00 -1.658790268974184986e-04
1.787148874943035315e+00 -8.647429590549010614e-03
2.332339771196209333e-01 -7.367245925276228596e-03
4.592793467659234824e-02 -7.152933321746550444e-02
2.936523985563196937e-02 -2.997765843354596033e-02
-5.005297281244353892e-03 -1.556610091950670106e-02
-1.326006298014706028e-02 -5.108346859413871385e-03
2.844319546272721603e-03 4.683871097309826037e-03
5.723904606488330188e-02 -4.757853375234672583e-02
-2.542061649335344842e-01 1.594334066665931693e-01
3.793030305443426120e-01 -1.615853420538489460e-01
1.806677682217347369e+00 -1.414135024835095344e-01
1.884813895785391935e+00 -1.322322498935106228e-01
1.919883916021578818e+00 -1.310079149558859846e-01
1.944757040163956674e+00 -1.278802739197971161e-01
1.963132790095561742e+00 -1.265654066604507133e-01
1.935685221059587624e+00 1.203887544665655299e-02
1.927541146412960593e+00 9.032285934887796658e-03
1.918299306792150549e+00 4.569922160365364784e-03
1.905214812043634076e+00 -7.984228007523166883e-05
1.888130299118623512e+00 -6.990561996839970114e-03
1.864076996135800357e+00 -1.680689167578761772e-02
1.806719890076158963e+00 -2.684079909654022919e-02
5.606269425694262454e-01 -4.007681664607332800e-02
-1.981000347536855666e-01 -5.713058496384237905e-02
-8.317250962388256230e-02 -7.855433001732295972e-01
-2.278793364456429410e-02 -2.573479888141277233e-02
9.937435374549491787e-03 -2.309378593940119434e-02
-1.629146621106788428e-01 -1.001374219929676568e-01
5.740310519151794466e-01 -1.425991837299586673e-01
1.821597242615074830e+00 -1.184233396481151057e-01
1.883555636060778804e+00 -1.133007085278373710e-01
1.913174230171380330e+00 -1.142129428212831088e-01
1.935402713068843594e+00 -1.136009083738089148e-01
1.952928202743697828e+00 -1.116654036950576329e-01
1.966588292904238200e+00 -1.112162482783907447e-01
1.940370697432611147e+00 4.855064884198539120e-03
1.934312708716954265e+00 1.819310650353053943e-03
1.926254591465248023e+00 -1.079641598287805256e-03
1.918700270752493608e+00 -6.410230980040524697e-03
1.910456605795497254e+00 -1.307281509458745224e-02
1.898046402828345025e+00 -2.026482074058831920e-02
1.877792748019863955e+00 -2.849934625213280254e-02
1.856224944155440593e+00 -3.931085384183954923e-02
1.820453026204122304e+00 -5.112260300188362083e-02
1.775897428274068268e+00 -6.419552084665554326e-02
1.750998910664651520e+00 -7.726811558938870284e-02
1.778669391258243637e+00 -8.678111744021030360e-02
1.826532994265596788e+00 -9.113203238074403523e-02
1.866643889027816750e+00 -9.314595097722264128e-02
1.892765827006542390e+00 -9.642735020653561695e-02
1.917304250417085187e+00 -9.611233538450529579e-02
1.934090447401707547e+00 -9.721637346900467713e-02
1.946857056230523408e+00 -9.953487735175911566e-02
1.958630435365827926e+00 -1.006495821046982792e-01
1.969887665259894671e+00 -9.849623877941018901e-02
1.944978753822110162e+00 -7.459491391324672488e-04
1.940470431001399598e+00 -3.661313931720928949e-03
1.934492869849940178e+00 -6.497770360143431505e-03
1.929348199828059718e+00 -1.105821251733572763e-02
1.924097756398316816e+00 -1.648084034555125088e-02
1.916483116417672772e+00 -2.220871973352873258e-02
1.910900466009314291e+00 -2.934558750771974409e-02
1.902352527689995521e+00 -3.688385081421578088e-02
1.893656147050124083e+00 -4.513279047325541304e-02
1.885895187932324690e+00 -5.381566116770515606e-02
1.885620824110708194e+00 -6.174533955577528321e-02
1.889329307405036795e+00 -6.897251663471018479e-02
1.900625246494451748e+00 -7.396351464512106177e-02
1.913025840147308809e+00 -7.788518201327997159e-02
1.925363670319576448e+00 -8.086769288428397040e-02
1.935008692694175192e+00 -8.476998170233132623e-02
1.946285519617942050e+00 -8.594061794691221223e-02
1.955369638276661881e+00 -8.806076215937462537e-02
1.964132716517448030e+00 -8.927796674844781788e-02
1.972908848947454885e+00 -8.789582958115255140e-02
1.949333539544882754e+00 -5.109537661559861513e-03
1.945086876297568601e+00 -7.185483640573506886e-03
1.941510158993233759e+00 -1.051813987371529729e-02
1.937962642046840989e+00 -1.444855300632512732e-02
1.934535186164167531e+00 -1.896501788346939207e-02
1.931339006102904543e+00 -2.401474445086455856e-02
1.926503188569231639e+00 -2.936932249665614308e-02
1.924020787201775606e+00 -3.533816196711134922e-02
1.922379068373610167e+00 -4.142515651013818634e-02
1.919208925833930213e+00 -4.794169032207316189e-02
1.920085517846342071e+00 -5.393380840201764809e-02
1.922607416193636842e+00 -5.955719162609547646e-02
1.929138979120806230e+00 -6.361516090609156682e-02
1.934277332917541781e+00 -6.813428214104927383e-02
1.940323541368215166e+00 -7.211471668142574454e-02
1.948464635053595684e+00 -7.404008152355313899e-02
1.955122994530005265e+00 -7.667405163866551632e-02
1.961896840671504050e+00 -7.862055940756029759e-02
1.968621803220819588e+00 -7.986700609848176868e-02
1.975167418055242763e+00 -8.043141380373114435e-02
1.953350225434298704e+00 -8.515143138991453087e-03
1.950073177536021163e+00 -1.053344562784432753e-02
1.947485510661365993e+00 -1.351327795938995005e-02
1.945015479173064943e+00 -1.692504176589170600e-02
1.942742411783564993e+00 -2.074960944287530459e-02
1.940757160779048363e+00 -2.494282221672330935e-02
1.939163236941855883e+00 -2.943384491292593344e-02
1.938076911484700293e+00 -3.412761994152729850e-02
1.937622725053104400e+00 -3.891257073556247947e-02
1.937920273047326614e+00 -4.367262273909416903e-02
1.939061673043369183e+00 -4.829979545732962509e-02
1.941086547336706936e+00 -5.270215689618374527e-02
1.943967086474505335e+00 -5.680407675659979866e-02
1.947611999180779430e+00 -6.054109110836440599e-02
1.951886369311914171e+00 -6.385509164968092288e-02
1.956636341674103274e+00 -6.669396595721588383e-02
1.961708675941660651e+00 -6.901560340342166588e-02
1.966961919898626121e+00 -7.079307870294272720e-02
1.972271228932102938e+00 -7.201800485435469468e-02
1.977529934422300961e+00 -7.270096190863943597e-02
