1.393200117307822339e+00 -2.110344839616955515e+00
8.254400712928428030e-01 -2.040750999636605556e+00
3.495755939895888176e-01 -1.922912290183062423e+00
3.514667735878780341e-01 -1.780701059047423707e+00
3.369118743478451972e-01 -1.648909066288804626e+00
2.947078733328393763e-01 -1.528062562623896836e+00
2.086331302903700613e-01 -1.417221811984182178e+00
4.432279836793692751e-02 -1.313689476559453118e+00
-2.888917557792742841e-01 -1.191006596449014632e+00
-8.232011011727939920e-01 -7.915713387386547062e-01
-1.095620823299032986e+00 2.157551932513896153e-01
-5.368639142427458211e-01 1.025962451102458095e+00
-3.096211327817161019e-02 1.242350158652884229e+00
2.624359230560182610e-01 1.332299663530707390e+00
4.062121781749714611e-01 1.406148101505293013e+00
4.747082011286489212e-01 1.508958208077949559e+00
5.006662402323358574e-01 1.631098390330090409e+00
5.019153835072537317e-01 1.767010478526357620e+00
4.888426680196984453e-01 1.913397533419483931e+00
9.962813134769796797e-01 2.008053304352252599e+00
1.608858812418146655e+00 -2.072440533431548992e+00
1.070064758985864950e+00 -1.991468672934386230e+00
6.212487989957212742e-01 -1.874258816006235229e+00
6.393841903881309907e-01 -1.724888614396113740e+00
6.443160742363203131e-01 -1.587261630723302286e+00
6.236248048915756792e-01 -1.466498931517273840e+00
5.559140456778689510e-01 -1.367484331086069149e+00
4.150229493455471208e-01 -1.280277177619216333e+00
1.199602517406367364e-01 -1.203714046177820185e+00
-5.186482255795968888e-01 -9.839483978708806200e-01
-1.057967025372604342e+00 2.456343708142723625e-01
-1.928292067873501325e-01 1.117187911124466915e+00
3.889909336934008199e-01 1.180341830488664367e+00
6.148412639012085235e-01 1.224606781634683950e+00
7.355446597430506106e-01 1.299034872943948260e+00
7.848327613850449858e-01 1.409195381759160481e+00
7.951760068080966359e-01 1.540719264991696758e+00
7.821335393932942193e-01 1.687789005538102627e+00
7.560952345753970683e-01 1.845415546661589357e+00
1.088866569129568918e+00 1.955206674116473975e+00
1.818453500586389993e+00 -2.032096002210638463e+00
1.116682499701541653e+00 -1.939975700897994981e+00
8.833948062279723956e-01 -1.804183875206311960e+00
9.150631861769012998e-01 -1.639923316462797764e+00
9.362617671191501012e-01 -1.484440737003346111e+00
9.366241313657051037e-01 -1.344071345698097053e+00
8.956676319246203999e-01 -1.232975020062813121e+00
7.875056852613402381e-01 -1.164703285725493087e+00
5.226800707602106133e-01 -1.158517654618234527e+00
-1.434546594351694682e-01 -1.132333582317136988e+00
-1.030760340547657528e+00 2.591937204182663823e-01
1.670394885559408349e-01 1.163505158716229726e+00
7.159335722728419338e-01 1.072180399168481291e+00
9.601857584288595593e-01 1.081690162581765868e+00
1.050689016600090619e+00 1.143162615790213277e+00
1.078645673437474972e+00 1.265160549153347525e+00
1.073048081812214782e+00 1.416759406937992960e+00
1.047422259567925895e+00 1.583470380721563098e+00
1.010812042479418249e+00 1.758333326297110144e+00
1.184683792706147765e+00 1.897724092175861133e+00
1.921200528181522316e+00 -1.987804278765778143e+00
1.086336035405174094e+00 -1.902748116590253336e+00
1.130044423046567603e+00 -1.716149209822397381e+00
1.170131986729422868e+00 -1.532364795059953488e+00
1.200281313633218216e+00 -1.354892098791265598e+00
1.212788462199086315e+00 -1.190750093383386554e+00
1.197468858652904533e+00 -1.052806130913572336e+00
1.121045582588408029e+00 -9.743792920378062661e-01
8.379358641590355372e-01 -9.941563526914465321e-01
2.412341269542176425e-01 -1.105609356525280029e+00
-1.023401136808501199e+00 2.281375733945424367e-01
5.064134169668643715e-01 1.017520759977878386e+00
9.725562183162614893e-01 8.278330240779602223e-01
1.235988490565160580e+00 8.344190896605698793e-01
1.304785321769705853e+00 9.267506888486587435e-01
1.326542083298325014e+00 1.082362225270604883e+00
1.318613365410713945e+00 1.263941410402195986e+00
1.289412787752392875e+00 1.457604249404066854e+00
1.247834949098606705e+00 1.655233372925541513e+00
1.201096942670843326e+00 1.853307501278410596e+00
1.970997197284169111e+00 -1.939733739254426714e+00
1.309769933483230453e+00 -1.820440397469065275e+00
1.357394489833291473e+00 -1.613524835743872288e+00
1.400667210590087253e+00 -1.403810105127366148e+00
1.430813350174881649e+00 -1.191879167225290637e+00
1.432029200320242390e+00 -9.783804070686268339e-01
1.378885469215169968e+00 -7.741524357147842039e-01
1.251587872226443965e+00 -6.266159394586006126e-01
1.147102851057522521e+00 -8.600729904441697382e-01
2.217875182013908930e-01 -1.015756558450592539e+00
-1.029824554591547647e+00 1.746769108689916195e-01
6.104173162394408436e-01 9.668776790621934625e-01
1.236847590152555965e+00 5.633497498810264847e-01
1.401302928392411440e+00 5.794495783553264001e-01
1.488038884997692213e+00 6.817839472421904912e-01
1.529110287349698005e+00 8.743918830468540015e-01
1.529623578238203940e+00 1.093503435363068377e+00
1.504073806149405446e+00 1.318006587910809824e+00
1.463570220731678306e+00 1.541356201031947037e+00
1.416062458576516470e+00 1.760561781132244263e+00
2.070055772234075775e+00 -1.889148465015619172e+00
1.515177467865567396e+00 -1.731416782853172576e+00
1.560850578159311164e+00 -1.500165328784858643e+00
1.596862212578397333e+00 -1.257409870617138159e+00
1.606205036720906643e+00 -1.004687499956075758e+00
1.566195083927988119e+00 -7.599542853411006549e-01
1.454408101265305842e+00 -5.535736240326101232e-01
1.101784993147860714e+00 -5.008826603988970616e-01
1.756297075123423868e-01 -1.063811506920171901e+00
-4.884280578564355046e-01 -8.695401790688308541e-01
-1.015105498276049900e+00 1.481044613464793103e-01
-3.063492162120114992e-01 9.841713470720762080e-01
6.359829047079889053e-01 8.775001259283299326e-01
1.046550334227362988e+00 4.501140622022984927e-01
1.365734215173766808e+00 3.271494600764481842e-01
1.625474520045643745e+00 6.027709503406356584e-01
1.692073122423751519e+00 8.964918363477439867e-01
1.687962750556661673e+00 1.166405935431140239e+00
1.656177947084510160e+00 1.421147753684341097e+00
1.612816630298512077e+00 1.663892427665180085e+00
2.117652663711224736e+00 -1.835439576285815333e+00
1.700755058325192026e+00 -1.641309236082548972e+00
1.737037251253618075e+00 -1.384257487336504111e+00
1.753489951552728909e+00 -1.105835323405680137e+00
1.718471277363770255e+00 -8.004354411441044759e-01
1.510410261459886216e+00 -4.410363546147884617e-01
9.914108100670175894e-01 -7.930238474288192618e-01
-3.389683408401162334e-01 -9.198090060146852931e-01
-8.268345549902775815e-01 -4.233402580623469302e-01
-8.380142255288457465e-01 -2.065450947543325255e-01
-8.438230083264723902e-01 5.900022355176865775e-04
-8.365992794175793890e-01 2.075807368662611341e-01
-8.197489524870161803e-01 4.396810444758587066e-01
-2.595493172017942496e-01 9.543066996041509320e-01
1.214913934362493508e+00 2.107843785225522737e-01
1.569708445434868649e+00 3.585273809281296353e-01
1.774680092676676146e+00 6.787027293572078790e-01
1.832680455995758351e+00 1.006257967168766587e+00
1.823418416771712902e+00 1.299345206956108667e+00
1.790589426882778445e+00 1.567938424565551214e+00
2.254503625641372189e+00 -1.788140101205672350e+00
1.867003561064375372e+00 -1.557063135222953143e+00
1.887040388101345556e+00 -1.276216080676168430e+00
1.871294328181783984e+00 -9.634993858681347723e-01
1.746546495350467021e+00 -6.046361881718511633e-01
1.398497516629291448e+00 -2.698653037599828552e-01
-3.466229145356011787e-02 -9.869427941142151495e-01
-6.250157733308100427e-01 -6.283366049869018033e-01
-6.403697924421516419e-01 -4.069657194084992380e-01
-6.449203622026234983e-01 -2.025273239752487242e-01
-6.460817960133866666e-01 2.333124687431615326e-04
-6.451350684617037645e-01 2.036925099822330387e-01
-6.430220489460544142e-01 4.105387619196474991e-01
-6.283379398979060948e-01 6.267999030695097229e-01
1.555163215354460060e-01 1.024770549808990960e+00
1.263210356551898839e+00 1.432938741905350755e-01
1.806964227205770657e+00 5.023485533913822909e-01
1.937284158602905260e+00 8.582920921556129734e-01
1.964705165294562850e+00 1.185290339391861902e+00
1.949730698085054392e+00 1.478669827398913172e+00
2.346812989091215940e+00 -1.743288392364021444e+00
2.068394320063278613e+00 -1.486574234393775562e+00
2.068005537188109422e+00 -1.186988528518557073e+00
1.960409468027937807e+00 -8.483170807753162013e-01
1.758313234505488820e+00 -4.743765733482857572e-01
8.827917108672237445e-01 -7.833421588869446950e-01
-3.886072235154801047e-01 -8.321745533079142332e-01
-4.412214112595717608e-01 -6.102065549080853968e-01
-4.458460895293765436e-01 -4.049973439947978648e-01
-4.475453369866574382e-01 -2.021521016823723260e-01
-4.482756127719411121e-01 -2.090931146670714502e-04
-4.485623422713761466e-01 2.018824381580729965e-01
-4.483105985789307413e-01 4.046866165330382792e-01
-4.433958204135807213e-01 6.085253392627605340e-01
-3.725975387511287207e-01 8.324339903170924204e-01
1.165686595368732537e+00 7.248440749796715155e-01
1.784664068673688986e+00 3.473939144844327420e-01
2.071999133050495434e+00 7.438221455832635387e-01
2.137219459998851434e+00 1.092629291981203288e+00
2.143862585311292701e+00 1.404384647281035292e+00
2.424869566635265983e+00 -1.707021005127856705e+00
2.258050821004245368e+00 -1.434066541899409408e+00
2.236607228313844509e+00 -1.124532772146975113e+00
2.096056094809078285e+00 -7.744861020763299519e-01
1.772267552771309207e+00 -3.824977043359744089e-01
2.208115486019952278e-01 -9.826331059331375739e-01
-2.266446036578054490e-01 -8.103836551353622575e-01
-2.456844019348148056e-01 -6.055433114778794312e-01
-2.485124353416124920e-01 -4.033385049873077222e-01
-2.492505255281623200e-01 -2.018417749885605406e-01
-2.496845609965944457e-01 -7.722891769172096198e-04
-2.502562392276728165e-01 2.001916560851771110e-01
-2.507252654121516766e-01 4.015393662032432087e-01
-2.484247325751001989e-01 6.046133745521065084e-01
-2.247551193747502618e-01 8.182688053802569250e-01
3.828310597705767981e-01 8.758883518700015802e-01
1.754856032197958049e+00 2.462870821452582681e-01
2.198619002300162606e+00 6.642546481205681141e-01
2.350022439742681879e+00 1.030843596124008998e+00
2.377066343984685748e+00 1.351892356905719517e+00
2.501431692704106702e+00 -1.687634784764379114e+00
2.493387614526987317e+00 -1.405639983493612633e+00
2.404020535266569780e+00 -1.092624203049316511e+00
2.241609227250451752e+00 -7.429971299698936438e-01
1.818291031134278146e+00 -3.460897189447337818e-01
4.656321721129533242e-01 -8.614696018892011864e-01
-3.292504898578504924e-02 -8.052004588096723925e-01
-4.765049721155648760e-02 -6.026225881311783050e-01
-4.972930356620070685e-02 -4.018324885933308166e-01
-5.002517598944156846e-02 -2.012961970122848498e-01
-5.010965422746984504e-02 -1.198494573259372298e-03
-5.057108306864147029e-02 1.984602005891948351e-01
-5.173055332081410995e-02 3.980661605283417614e-01
-5.259578368757521216e-02 5.990531156596711204e-01
-4.124611159850909148e-02 8.033315995902201578e-01
4.423952428288235872e-01 8.282272402210617557e-01
1.792057498564516349e+00 2.094079171263191208e-01
2.334404689259591326e+00 6.289562646386702705e-01
2.511263729186402394e+00 9.982892661711906257e-01
2.555781501845332038e+00 1.320301392704122501e+00
2.698955246287443099e+00 -1.674303315815746762e+00
2.679507109665598907e+00 -1.395944323452383173e+00
2.629889583209604531e+00 -1.093810450775162479e+00
2.461385246891031553e+00 -7.556730778280408289e-01
1.938947998616100454e+00 -3.678745014564118176e-01
6.854107399035492820e-01 -7.664225138629836565e-01
1.684627560218594777e-01 -7.921267085320522483e-01
1.528151768093015395e-01 -5.999242269561329000e-01
1.499037655174462191e-01 -4.001864085104280822e-01
1.500361031877304741e-01 -2.003185106191583686e-01
1.506082821319690013e-01 -1.142995845353697582e-03
1.509400224697552695e-01 1.969885485267748593e-01
1.502232984348326750e-01 3.936108108401035754e-01
1.476032759895314628e-01 5.893231023493028520e-01
1.543732999855928767e-01 7.877066240857552026e-01
1.008949937473116343e+00 3.749893385144799085e-01
1.916597912671561099e+00 2.279104566945025501e-01
2.495234949954389769e+00 6.405817665127990779e-01
2.679649001098107330e+00 9.968491605313192228e-01
2.785775122960268302e+00 1.315762868743314273e+00
2.948846067305606944e+00 -1.678367175747996987e+00
2.921859257638851570e+00 -1.408727913420223521e+00
2.815495553865223322e+00 -1.115463632540560246e+00
2.650668169166662924e+00 -7.977480167567259084e-01
2.226516234077316359e+00 -4.372163483995535338e-01
8.195582985179562518e-01 -7.052263655048554014e-01
4.097815715514799839e-01 -7.933317214649655558e-01
3.518797230139623089e-01 -6.011234531130689174e-01
3.498492680436994240e-01 -3.972049619757622718e-01
3.509733900838884479e-01 -1.986777606746626679e-01
3.522242609186767570e-01 -1.149410172117388933e-04
3.546139669021806662e-01 1.969956806990299791e-01
3.574655258337194885e-01 3.901442085832531603e-01
3.605977091344356733e-01 5.752937311263519593e-01
3.634154605557640694e-01 7.327008201035726254e-01
8.470217744611352462e-01 6.616639643877765264e-01
2.234091721837837774e+00 3.161882065689108900e-01
2.736715362557299969e+00 6.955858744078934341e-01
2.911842928905975736e+00 1.027885984916725004e+00
2.972420724325417929e+00 1.326290444636627486e+00
3.204090866282395922e+00 -1.694575128216168514e+00
3.122297479860711267e+00 -1.431290704749355935e+00
3.066394571048951079e+00 -1.159359105450355143e+00
2.913679039351818378e+00 -8.660857053477795109e-01
2.607971082659121365e+00 -5.481300834898962249e-01
1.741890611045278758e+00 -2.020674130900323995e-01
6.466306591386908886e-01 -6.587966540290240980e-01
5.307064017032970815e-01 -5.655627355153232116e-01
5.569341420874642790e-01 -3.909631881386629315e-01
5.526622410276197384e-01 -1.975288780074599959e-01
5.534816413175890348e-01 2.171176764264645849e-03
5.595097914061389899e-01 2.004544293524664345e-01
5.699691750157244163e-01 3.914762469115111165e-01
5.865969272171603910e-01 5.749960774600886282e-01
8.216542819241472451e-01 5.986174119924937420e-01
1.827100925645572360e+00 9.399113173358092377e-02
2.629927607534022549e+00 4.408256310127571242e-01
2.945986404049560026e+00 7.677794513005217203e-01
3.106893131221293736e+00 1.071532265771398817e+00
3.218027430484682760e+00 1.357514538435923734e+00
3.416383446775955068e+00 -1.714453387670190398e+00
3.382794106603719708e+00 -1.467448370254598178e+00
3.330056819202330320e+00 -1.212997818427640651e+00
3.192727171756948756e+00 -9.446701011619889066e-01
2.996334468793943717e+00 -6.699339357639164660e-01
2.557779725071591237e+00 -3.867906900195078879e-01
1.525894073380700267e+00 -1.376340058760486540e-01
8.822381032785148181e-01 -4.396043118143531658e-01
7.776920584161042260e-01 -4.062349402106771312e-01
7.497344920710760086e-01 -1.961090146648152566e-01
7.526628244305144655e-01 3.735501207232297307e-03
7.636391347565182341e-01 2.112749008390563676e-01
7.907421980597477695e-01 3.886896830998483043e-01
8.093574173662227977e-01 6.704267931334465525e-01
1.679196236802949382e+00 1.905306325604376808e-02
2.590154066517944109e+00 2.836947213381597610e-01
3.022283047646071363e+00 5.734804966631242840e-01
3.224394568530698280e+00 8.550933846704358299e-01
3.367122809051822152e+00 1.131104003809452863e+00
3.424012749755970475e+00 1.392053251967910299e+00
3.685918463767293485e+00 -1.744688204751021710e+00
3.653298883733824276e+00 -1.509459845131588818e+00
3.606059762882231734e+00 -1.270970220139582940e+00
3.483659339555088774e+00 -1.023501087041151614e+00
3.324681555819378520e+00 -7.772034868915705941e-01
3.112488096898377243e+00 -5.419029367556460475e-01
2.696235001489570404e+00 -3.260227305318938451e-01
1.949694325168524145e+00 -1.639073093039606077e-01
1.219020458421605557e+00 -9.891217541228465582e-02
9.595471500323917713e-01 -4.767976787686184492e-01
9.913324404465436723e-01 -1.443136407144711766e-02
9.796951014276497061e-01 4.661827490656737794e-02
1.082001718614180819e+00 -1.905410870706817500e-02
1.971665969727453449e+00 3.610636161331561012e-02
2.723320807934298315e+00 2.196972592646938005e-01
3.136628727389404681e+00 4.470685961629905503e-01
3.350947946235576236e+00 6.886027988131188105e-01
3.513714235985641476e+00 9.410955346423166556e-01
3.639671700395637366e+00 1.194658588373742392e+00
3.690218866470143411e+00 1.438222943415692345e+00
3.962672307745272793e+00 -1.775829779183162760e+00
3.932344534125811641e+00 -1.550731146354650924e+00
3.839495949212210046e+00 -1.319495821566210925e+00
3.782714814020428307e+00 -1.094962696940199320e+00
3.707380359204933917e+00 -8.758157400536348280e-01
3.551578490885880068e+00 -6.616468366739448603e-01
3.304688435447375117e+00 -4.636413737706812088e-01
3.091228045148092018e+00 -3.059337875813552543e-01
2.808175839595624446e+00 -1.880901005902202994e-01
2.551174179670593567e+00 -1.110688223820754661e-01
2.436434595933972158e+00 -5.965457435096344768e-02
2.555276173159373165e+00 -5.539495352759483265e-03
2.816105434698016108e+00 7.741354235810024575e-02
3.106163427410138400e+00 2.043181914104542640e-01
3.323709101856008985e+00 3.698717444089853479e-01
3.573009282784337159e+00 5.756917483483764419e-01
3.731594652374367715e+00 7.954118331773105677e-01
3.810310999111943708e+00 1.018706693237212635e+00
3.870311094776541339e+00 1.247417318416214504e+00
3.965260088367354108e+00 1.483460960581462817e+00
4.245654637534856057e+00 -1.807179548685900805e+00
4.218557951356998181e+00 -1.590477981000746999e+00
4.132135263113593027e+00 -1.368785740961836250e+00
4.086776334747572292e+00 -1.155858984786847232e+00
4.030624895256248230e+00 -9.491445831883014161e-01
3.906963404283756880e+00 -7.467748473997389835e-01
3.828623020543770572e+00 -5.661768439849628187e-01
3.686898828755837521e+00 -4.021759434326092064e-01
3.549428025185884739e+00 -2.636312145845519650e-01
3.431856277299848657e+00 -1.485147443463338546e-01
3.412599158706095537e+00 -4.790874867627320510e-02
3.436096558323527894e+00 5.347190599107079501e-02
3.557893933888484739e+00 1.720083009512557437e-01
3.699436774407204975e+00 3.150624832910425832e-01
3.844552189599629077e+00 4.839687344050869200e-01
3.926167711942285532e+00 6.681470505428805939e-01
4.052598593766949975e+00 8.748165395481151130e-01
4.111698537963786926e+00 1.084869372295467649e+00
4.159791537015919083e+00 1.301162969484682685e+00
4.248009404796928123e+00 1.526801918652788803e+00
4.534109947382414241e+00 -1.836677836982122836e+00
4.460173168425986212e+00 -1.621515015468197651e+00
4.430542998229142881e+00 -1.412779469389137788e+00
4.394926761019412709e+00 -1.207691780244870783e+00
4.353237302229016059e+00 -1.008366702275286020e+00
4.306305073316075038e+00 -8.173861856713915408e-01
4.198804226816793772e+00 -6.321889172477104246e-01
4.148318271774559918e+00 -4.662543496291521872e-01
4.105219059746382015e+00 -3.142845118428528317e-01
4.014125705951426148e+00 -1.728473170876954623e-01
4.004656195133306618e+00 -4.100276481479332019e-02
4.017858398384510643e+00 9.127166368530892360e-02
4.112424299340100120e+00 2.352600061018550737e-01
4.159028949611188075e+00 3.890593973909478587e-01
4.212819903174617409e+00 5.572770904778896472e-01
4.323105839267687323e+00 7.458539127436015770e-01
4.372871375279506978e+00 9.393980013120624140e-01
4.417203830001121823e+00 1.141370056785226517e+00
4.455246788360518018e+00 1.349173207883048287e+00
4.487050985857425900e+00 1.560669128832118835e+00
4.826920878494436629e+00 -1.862119856774766324e+00
4.756667063775809723e+00 -1.653395192605246367e+00
4.732544807039581691e+00 -1.449813331596172539e+00
4.704816259394986488e+00 -1.249694361146845845e+00
4.673848274753935605e+00 -1.054427964075565605e+00
4.640633433629360205e+00 -8.655265836544165925e-01
4.606995462299512845e+00 -6.843638482811308377e-01
4.575655662608297369e+00 -5.117550827366353916e-01
4.550001603477392464e+00 -3.474652491709999680e-01
4.533474113291980245e+00 -1.898513240660278378e-01
4.528687385898089168e+00 -3.588269382284678399e-02
4.536615607504447922e+00 1.183398567585008249e-01
4.556251888236737990e+00 2.766985188988962951e-01
4.584937012513508492e+00 4.421719192232080320e-01
4.619180227913836312e+00 6.163185483409586718e-01
4.655561081639245202e+00 7.992778587164365289e-01
4.691345375744536028e+00 9.901571504973731841e-01
4.724700937081466989e+00 1.187532501719270828e+00
4.754621535792763254e+00 1.389857490281690255e+00
4.780724733985636021e+00 1.595712878480345598e+00
