1.545352785581853849e+00 -2.100600724814905007e+00
9.842997744510775249e-01 -2.033161318300762854e+00
4.663100458431984618e-01 -1.918184815091056095e+00
4.711954202845822781e-01 -1.774631318346733933e+00
4.600682004160483451e-01 -1.641658200860950378e+00
4.218671395091250220e-01 -1.520364335357654362e+00
3.405777276512670371e-01 -1.410633556536609046e+00
1.836249101887995894e-01 -1.311769438385167685e+00
-1.458680044711977430e-01 -1.221515134000567659e+00
-7.474804075546699345e-01 -8.614359704346675750e-01
-1.070042713799356227e+00 2.714375164742577340e-01
-3.636517223177908598e-01 1.090432196536676779e+00
1.540818523910142956e-01 1.247736126111162580e+00
4.375305173319864460e-01 1.307680023444382167e+00
5.678765464037158761e-01 1.375943797419566739e+00
6.285704710894646219e-01 1.481408868998661532e+00
6.491398035535214106e-01 1.607697949648030811e+00
6.459430563467201125e-01 1.747885831280946434e+00
6.288870195939221253e-01 1.898150626920698025e+00
1.123486303497399419e+00 1.985508086160977070e+00
1.758703950835371677e+00 -2.062437507303923834e+00
1.176778861201984716e+00 -1.978637940440920007e+00
7.359008119020341576e-01 -1.864130250506285558e+00
7.562136865917025164e-01 -1.712011690211465265e+00
7.636219175316875107e-01 -1.571428860910071279e+00
7.460414336909101385e-01 -1.448049950577563472e+00
6.828609358044401834e-01 -1.348029949037433450e+00
5.484658781531163152e-01 -1.264429799097144702e+00
2.602000901129755128e-01 -1.193772870886603332e+00
-4.041092323364967598e-01 -1.034980319935077109e+00
-1.031346802616359248e+00 3.046269682892648323e-01
-6.161211393125171076e-03 1.141769869029288120e+00
5.574798483609063604e-01 1.126182194256241331e+00
7.666964865850013355e-01 1.177202511949010821e+00
8.811058971828742425e-01 1.254167101287544162e+00
9.266803400206893304e-01 1.369032236321015450e+00
9.346351890472508472e-01 1.506278390665933831e+00
9.195926342936356912e-01 1.659197935175353411e+00
8.914626455118339621e-01 1.822211591898993399e+00
1.214427188418903070e+00 1.930559495707778517e+00
1.966184691229024395e+00 -2.022393962168158144e+00
1.222887485558396214e+00 -1.926121428375128897e+00
9.946064042321602905e-01 -1.789454856897341628e+00
1.027214607439288496e+00 -1.621271086910298420e+00
1.049356936656987926e+00 -1.461253380520982192e+00
1.051102122660221294e+00 -1.316153452859287309e+00
1.012848068078339159e+00 -1.201524029769978963e+00
9.084127616920854020e-01 -1.132023267362435082e+00
6.574591709675063900e-01 -1.131572410807698104e+00
1.047180043527826121e-02 -1.143027046171440686e+00
-1.003740393989415391e+00 3.141071475103098809e-01
3.607932738021450980e-01 1.147165032722876621e+00
8.650548417372125876e-01 1.018834736072380176e+00
1.095711164848595986e+00 1.021641214349939375e+00
1.181237398479666467e+00 1.086740575005026743e+00
1.207796444577221795e+00 1.215373712909610493e+00
1.202233438586576275e+00 1.374231765418215900e+00
1.176865657586754210e+00 1.547850397273355494e+00
1.140113176055079780e+00 1.728964392682953433e+00
1.308296768901050067e+00 1.871030831447524800e+00
2.067862717871765454e+00 -1.978239054083425597e+00
1.193197519638461879e+00 -1.888390908501141885e+00
1.236747721052971594e+00 -1.697933812143491483e+00
1.276129824472308272e+00 -1.509383687634303861e+00
1.305045171752738709e+00 -1.326016778480916480e+00
1.316118234877151183e+00 -1.154397020413094666e+00
1.300347010979749474e+00 -1.006902525928677239e+00
1.230415954888533170e+00 -9.210252094312366689e-01
9.586999316130769833e-01 -9.673696422652933169e-01
3.623386906192932466e-01 -1.089474052293766482e+00
-1.005767733131203157e+00 2.742249973074484815e-01
6.416565210927566154e-01 9.642676368642463247e-01
1.070798502021596876e+00 7.800873214083176022e-01
1.354126067954591228e+00 7.465779258087021919e-01
1.416774658882677285e+00 8.549409582364018156e-01
1.440909446242788938e+00 1.023904114747683947e+00
1.436355652914061309e+00 1.215290417674220302e+00
1.410035926981859866e+00 1.416969222035559195e+00
1.370354111144498122e+00 1.621440804975981198e+00
1.324496047348183936e+00 1.825391226325466798e+00
2.116994587251693094e+00 -1.930088341705831212e+00
1.412822828857587698e+00 -1.804210292809922844e+00
1.458844747613053272e+00 -1.593165381596119978e+00
1.499174316065158719e+00 -1.378283484158688621e+00
1.524180320524810561e+00 -1.159649933414705014e+00
1.515975531329725623e+00 -9.366846433733797550e-01
1.442941185945124438e+00 -7.180757527812688945e-01
1.275892712949191710e+00 -5.604976900428427777e-01
1.250456806583906788e+00 -7.903214549165109570e-01
2.437447123651241832e-01 -9.889360260733219832e-01
-1.022138850314396663e+00 2.124945876531040834e-01
7.270566914199546593e-01 9.194937793090558475e-01
1.257175720130543128e+00 4.569895352134890065e-01
1.453691793973830082e+00 4.931052453730419005e-01
1.561182096969327082e+00 6.078126915768615746e-01
1.621777412950055952e+00 8.119772984942594807e-01
1.633896420928064641e+00 1.041576576664551501e+00
1.615217570386222157e+00 1.274496582724873983e+00
1.578985444173885311e+00 1.504841514732937924e+00
1.534000377941475257e+00 1.730019400309862787e+00
2.215017306125501850e+00 -1.879808144009602167e+00
1.614257180567293837e+00 -1.714391868964937782e+00
1.656783456362295626e+00 -1.479193321718375476e+00
1.687274495658657170e+00 -1.231729525165162098e+00
1.686929307983331627e+00 -9.736820074190426499e-01
1.630629054059832050e+00 -7.241809113565446099e-01
1.493943553255356438e+00 -5.147859284752025477e-01
1.082085783982354332e+00 -5.126531933754633341e-01
2.653813325995566519e-01 -1.027224446699940508e+00
-4.500363404657186095e-01 -8.635454197852014957e-01
-1.011163533467178910e+00 1.732987055642408181e-01
-2.258130984778619621e-01 1.004145536346950029e+00
6.561213316206416790e-01 8.649023543672902381e-01
1.036257649607354336e+00 4.992967142821406190e-01
1.374074099666405591e+00 2.678050318356846593e-01
1.692082959005529519e+00 5.447069972635395496e-01
1.781656060455059309e+00 8.453879392419170191e-01
1.789433653882090747e+00 1.122408106113133908e+00
1.764569561068607628e+00 1.383596234909735490e+00
1.725366201312971137e+00 1.632022114509002364e+00
2.261914462479367227e+00 -1.826118329400761686e+00
1.796097493505802056e+00 -1.624529591081681046e+00
1.827886248345306441e+00 -1.364178154223587347e+00
1.836614238494954421e+00 -1.082378826327577981e+00
1.787738598476358520e+00 -7.744949651446588756e-01
1.545217709841061993e+00 -4.149632481408861984e-01
1.073532523077508571e+00 -7.823871308870652408e-01
-3.210962240959803204e-01 -9.254124355473096752e-01
-8.261862348271606926e-01 -4.252889830210189182e-01
-8.402641706976278213e-01 -2.063314396973824350e-01
-8.460050381255170837e-01 1.099416954308128375e-03
-8.387533482661039264e-01 2.081024630346478277e-01
-8.192260179920227703e-01 4.418257355541434506e-01
-2.310855187655288800e-01 9.608212705142826771e-01
1.205341054861741812e+00 1.781563126009634845e-01
1.610501874557617397e+00 3.085722937968226609e-01
1.850222595491237021e+00 6.311698067250368638e-01
1.925294134289291970e+00 9.638665479908721245e-01
1.925404516223804485e+00 1.262273604196427534e+00
1.898170402279652613e+00 1.535906320112309764e+00
2.397675747374810928e+00 -1.779678327424484507e+00
1.959204946082541143e+00 -1.541371468358831542e+00
1.973854785803150325e+00 -1.258134305827866894e+00
1.948928529793051423e+00 -9.436044151448716999e-01
1.805784008713228639e+00 -5.844279667320060323e-01
1.409033801825390064e+00 -2.538181695535902671e-01
-8.971615546216504811e-03 -9.884419470917324979e-01
-6.250148625478667563e-01 -6.322964062936797802e-01
-6.423066458313261284e-01 -4.070454508796489956e-01
-6.472538539494812060e-01 -2.023192925031313261e-01
-6.485212966023397030e-01 5.457744908603499347e-04
-6.475071807925828482e-01 2.041197742599009379e-01
-6.449923473158859499e-01 4.115024074795497477e-01
-6.295661234366305425e-01 6.289818139438647648e-01
1.951062338621329106e-01 1.028153953481612870e+00
1.259987544533776260e+00 1.099063580883285485e-01
1.872338330202770962e+00 4.604726695843555095e-01
2.075136245404836099e+00 8.203312007405906270e-01
2.112925810935132098e+00 1.151508623555032029e+00
2.104010556866962034e+00 1.449155577292214891e+00
2.489260525698002713e+00 -1.735430700964543993e+00
2.209322002231905113e+00 -1.474595461026416698e+00
2.203879321545599179e+00 -1.173692520534937334e+00
2.087206942753264016e+00 -8.330385494704771743e-01
1.811857415270620830e+00 -4.599899956097628917e-01
9.004986017849627711e-01 -8.342999489980292838e-01
-3.836571803143326576e-01 -8.277678079338128825e-01
-4.441329900475816661e-01 -6.105760134414153217e-01
-4.482756121603052035e-01 -4.050318398611430504e-01
-4.500121636371366973e-01 -2.019791681296222718e-01
-4.507928100904821100e-01 3.840403379273609960e-05
-4.511210232714774615e-01 2.022239564793645861e-01
-4.509316168152135984e-01 4.052940786861429778e-01
-4.461190437430506139e-01 6.098475044265436740e-01
-3.754329753975748640e-01 8.323090837264869313e-01
1.270071979295694042e+00 6.253134511680362717e-01
1.840687403759472929e+00 3.108724245857553692e-01
2.205758589113730572e+00 7.111408088556447904e-01
2.281354721269511554e+00 1.062233656318462449e+00
2.294315373612730635e+00 1.376960240992779250e+00
2.566794323874001638e+00 -1.699726162900517812e+00
2.397505588770439289e+00 -1.424392810825111155e+00
2.371353189150023688e+00 -1.114465486205332700e+00
2.222301700034138516e+00 -7.639186274066657178e-01
1.823020378217623305e+00 -3.733014649971676535e-01
1.953542863933773466e-01 -9.878541382870991150e-01
-2.261986742426698171e-01 -8.117266818154066366e-01
-2.480598527425198485e-01 -6.053160956017665795e-01
-2.510722538378148405e-01 -4.031351414334482519e-01
-2.517680880816738909e-01 -2.016312853109572811e-01
-2.522200019526047443e-01 -5.897911579503218671e-04
-2.528908872099698835e-01 2.003530968884625618e-01
-2.535441553045253427e-01 4.017236518393260125e-01
-2.514620938454914523e-01 6.047157248321682887e-01
-2.258126959458572891e-01 8.173771036539267953e-01
4.010785895309151305e-01 8.753151688149725107e-01
1.804610972358106524e+00 2.142896642196116530e-01
2.330996151725247767e+00 6.362647861946045813e-01
2.492034061325219430e+00 1.005043916539914095e+00
2.524741641751141685e+00 1.327761349035229355e+00
2.643047937192805730e+00 -1.680944675336633498e+00
2.632338919833759672e+00 -1.398714955198789855e+00
2.538864105756055700e+00 -1.085329598556460606e+00
2.369189775592297487e+00 -7.360456633974790108e-01
1.870559613592353898e+00 -3.402414887348902961e-01
4.768041045473452311e-01 -8.509967931255975060e-01
-3.563659513137927559e-02 -8.052696061084235746e-01
-5.031631084618636701e-02 -6.022979204611639270e-01
-5.227891206130624163e-02 -4.014329758705574847e-01
-5.246200568751767379e-02 -2.010074128122337489e-01
-5.253999102511951180e-02 -1.084660307827166412e-03
-5.312709619279522288e-02 1.983993948910705574e-01
-5.449872071091502873e-02 3.978870685242269500e-01
-5.539379819232594093e-02 5.988055373508313073e-01
-4.279376212398457863e-02 8.030180996246870651e-01
4.401406768089132782e-01 8.208637783493951678e-01
1.843011919743426263e+00 1.809770217832245842e-01
2.467414934378812763e+00 6.047898498729010752e-01
2.652715783251624160e+00 9.755422130216878651e-01
2.702191571819415383e+00 1.298618599583646116e+00
2.840314689265881931e+00 -1.669136502469242833e+00
2.818603569754416949e+00 -1.390844645277998781e+00
2.765880886173378350e+00 -1.089273562205827384e+00
2.592023661721014616e+00 -7.519730288475920954e-01
1.997812067320764662e+00 -3.639593133165405225e-01
6.722033138672101060e-01 -7.530673544008634757e-01
1.658290305691798305e-01 -7.905218341027913098e-01
1.501402793571177674e-01 -5.990309618775911948e-01
1.474870072869510218e-01 -3.994631600485024636e-01
1.478497366524588741e-01 -1.998978808568768195e-01
1.484622834214650300e-01 -1.099282297840260521e-03
1.486393632052363245e-01 1.966504200145292314e-01
1.475694194997616560e-01 3.929897797172569041e-01
1.446297055265077236e-01 5.888205705619140584e-01
1.529216977705085412e-01 7.878157437621429171e-01
9.962816249329770057e-01 4.461835158354543474e-01
1.975276920184910079e+00 2.021713563062426111e-01
2.630184053283403323e+00 6.195023745545096272e-01
2.821387092476340896e+00 9.767497671164387940e-01
2.931622076507899965e+00 1.296932572284622553e+00
3.090348955811884402e+00 -1.674836000556578552e+00
3.061602015330508131e+00 -1.405484382908521290e+00
2.952653250334595469e+00 -1.112520948323926673e+00
2.783822785340988037e+00 -7.956609353270853724e-01
2.348687051003581772e+00 -4.360351555226051334e-01
7.950417218338514669e-01 -7.166005140276094920e-01
4.102417319486625358e-01 -7.919521670882475606e-01
3.491264061199533253e-01 -5.999737525974648822e-01
3.478039783412767982e-01 -3.959159038974370270e-01
3.492972665702234192e-01 -1.980878977484718251e-01
3.505860668789090306e-01 -1.358869410505692769e-04
3.528695939497855649e-01 1.963125277917804890e-01
3.552363871799606443e-01 3.886849001694794303e-01
3.572227132268721572e-01 5.732987121457870927e-01
3.580405351100298117e-01 7.308956596023472585e-01
8.251259602172793528e-01 6.644091715712381330e-01
2.358535638073009366e+00 2.954962127756808887e-01
2.874541472649390528e+00 6.777165885924902877e-01
3.054499904233712204e+00 1.010628616350395692e+00
3.118217063848712556e+00 1.309409724157666099e+00
3.345996196696303659e+00 -1.692362819602449830e+00
3.262706486624220581e+00 -1.429206135819164336e+00
3.205063992513271565e+00 -1.157930797195702466e+00
3.049631687868772811e+00 -8.654563975739378856e-01
2.738462407899351803e+00 -5.486854717577844820e-01
1.785912392599221077e+00 -2.031968385201135541e-01
6.153489061028352136e-01 -6.457027396898571414e-01
5.261380927435991284e-01 -5.598653085008051811e-01
5.565454197700209216e-01 -3.890991768521391836e-01
5.517632891787562777e-01 -1.970036290875061269e-01
5.524579331430284901e-01 2.146921421082925458e-03
5.588160181650259073e-01 1.996330048192527795e-01
5.692419666671904022e-01 3.888642179685653510e-01
5.851821289437186824e-01 5.704905491374766546e-01
8.276100561161529034e-01 5.948703674405003694e-01
1.877495392457576573e+00 7.344320368415065137e-02
2.763387368165392211e+00 4.240885239440725929e-01
3.085961532717811373e+00 7.518957728209851865e-01
3.250410892573435628e+00 1.056124667059182842e+00
3.364053889872941738e+00 1.342748950618237291e+00
3.558710270895050876e+00 -1.713104335147663138e+00
3.524071733282302610e+00 -1.466495212484010491e+00
3.470102864520085095e+00 -1.212651929963518338e+00
3.330945235551789896e+00 -9.450140686632514386e-01
3.131894972546332756e+00 -6.713750208048933077e-01
2.686429189807465256e+00 -3.895777056941120975e-01
1.548868207390959872e+00 -1.406837678010098291e-01
8.772215555065949744e-01 -4.443801684356948334e-01
7.785941879975275537e-01 -4.074585424875649675e-01
7.492142304289407528e-01 -1.964029944553077056e-01
7.517492784446621057e-01 3.876043320586893860e-03
7.643691435972131965e-01 2.117837191184166468e-01
7.962691345718694302e-01 3.854297034621687046e-01
7.871893234321893917e-01 6.755583572393316638e-01
1.717326311164937280e+00 1.636334630831248055e-03
2.721215513215816451e+00 2.687506049117080464e-01
3.160887080540560667e+00 5.595566834155679681e-01
3.366424701141306208e+00 8.413303777959042495e-01
3.511608681243572061e+00 1.117659383761059555e+00
3.570326262967872921e+00 1.378735543726063772e+00
3.828810550898042120e+00 -1.744192020916918606e+00
3.795414474097378754e+00 -1.509356411313086399e+00
3.747307693381057181e+00 -1.271407163940636798e+00
3.623662808903889587e+00 -1.024524363644595759e+00
3.463074054973572569e+00 -7.790531114929517553e-01
3.248620306509916400e+00 -5.448894775129707879e-01
2.826902871963106190e+00 -3.303560489919530885e-01
2.059051346841006325e+00 -1.693104010638382673e-01
1.198980027046782304e+00 -1.077834678442493588e-01
9.461355993678393084e-01 -5.622525588933839913e-01
9.896391092496915620e-01 -1.759056627786366456e-02
9.803478803692982080e-01 4.445933591671208385e-02
1.067918418148052995e+00 -2.835101586865697645e-02
2.082387103395622052e+00 2.116372100014200439e-02
2.855804487320967144e+00 2.069251597345347360e-01
3.275105331722942825e+00 4.349537604449243422e-01
3.492324677735292315e+00 6.764649478770873303e-01
3.657285314731990145e+00 9.290520174155995070e-01
3.784986817668279713e+00 1.182823680304394776e+00
3.836901790883798125e+00 1.426438560261683808e+00
4.106123861187125357e+00 -1.775997273407485366e+00
4.075221941529481029e+00 -1.551270514512687049e+00
3.981598088088064369e+00 -1.320408898427856803e+00
3.924118858722814629e+00 -1.096477928506901511e+00
3.848029260434628007e+00 -8.780618624270533079e-01
3.691063417718917883e+00 -6.646993245752222945e-01
3.442250237627776155e+00 -4.676430818615706642e-01
3.226763662584956283e+00 -3.111136100233233281e-01
2.940321221314808664e+00 -1.945960000149919711e-01
2.679098418136552251e+00 -1.190196569040874730e-01
2.562021981884138100e+00 -6.891646133841128341e-02
2.683557147987665203e+00 -1.554739561236815476e-02
2.949008478421295099e+00 6.720347459767234133e-02
3.242957509183431064e+00 1.940748452758242482e-01
3.463060987513801869e+00 3.594049849251085837e-01
3.714775747952473672e+00 5.653292167501159371e-01
3.875027893455889050e+00 7.849825897596315327e-01
3.955019923408805482e+00 1.008072135254208135e+00
4.016200518698720856e+00 1.236687475432409755e+00
4.112284084102048709e+00 1.472957694979684762e+00
4.389638829956389543e+00 -1.807859304587220217e+00
4.362117847960813144e+00 -1.591501105988885056e+00
4.275121739687002709e+00 -1.370155426386386877e+00
4.229291187652705730e+00 -1.157734504700770106e+00
4.172664125796769596e+00 -9.516074472771690607e-01
4.048291756033933986e+00 -7.498689462276144635e-01
3.969452743403987238e+00 -5.700171662372773840e-01
3.826935711934436046e+00 -4.068156388880695418e-01
3.688660276139429151e+00 -2.691304925520616731e-01
3.570375751995560787e+00 -1.549003566135267740e-01
3.551132269830946875e+00 -5.506053642344057447e-02
3.575026140819228537e+00 4.564147131596893447e-02
3.697954568185140900e+00 1.637463924915014135e-01
3.840736304102414511e+00 3.064698972018926049e-01
3.987085764468799809e+00 4.751291189354127087e-01
4.069672708502297453e+00 6.589526228329163349e-01
4.197235624419952238e+00 8.655365718304386391e-01
4.257252706750321636e+00 1.075397545461562521e+00
4.306231956808358241e+00 1.291584059264285989e+00
4.395339361773631381e+00 1.517374814054414101e+00
4.678587673503714406e+00 -1.837752733075556755e+00
4.604240099593036817e+00 -1.622845982285765487e+00
4.574280758342477604e+00 -1.414483927192778046e+00
4.538343239483896951e+00 -1.209826587872968595e+00
4.496348602803093897e+00 -1.010986354349245886e+00
4.449137151850058203e+00 -8.205387625738791435e-01
4.341192380760098501e+00 -6.359139308859669271e-01
4.290501095336392900e+00 -4.705911001025413487e-01
4.247278200149080085e+00 -3.192363766164949546e-01
4.155907560657537303e+00 -1.784639378866189063e-01
4.146558326888288626e+00 -4.720634272580389451e-02
4.160039832935833459e+00 8.452559871729231622e-02
4.255276687986603967e+00 2.281434814695088853e-01
4.302413857155783283e+00 3.815160469440108115e-01
4.356825426839513682e+00 5.493603998242256869e-01
4.467937324797174092e+00 7.377726322389309699e-01
4.518382399288809914e+00 9.310717348722190589e-01
4.563405465333447708e+00 1.132864480861551559e+00
4.602134224344302638e+00 1.340555475417464670e+00
4.634606797986033477e+00 1.552005103738024250e+00
4.971848177916500688e+00 -1.863500058423341210e+00
4.901278904017121185e+00 -1.655015883913992791e+00
4.876921579709165400e+00 -1.451763557990784603e+00
4.848973175489406096e+00 -1.252014774000095754e+00
4.817807843944875934e+00 -1.057156486199136936e+00
4.784426405274595062e+00 -8.686959719629556709e-01
4.750661940623191803e+00 -6.879991365182495100e-01
4.719246330891903263e+00 -5.158713161306127670e-01
4.693578624034502766e+00 -3.520660487776671177e-01
4.677110829775739553e+00 -1.949287306933958352e-01
4.672465859084280915e+00 -4.141834853433885855e-02
4.680621669493018722e+00 1.123727069495916442e-01
4.700568654022641901e+00 2.703330597435444904e-01
4.729638701551833968e+00 4.354464964202554023e-01
4.764327894707735211e+00 6.092760949999064257e-01
4.801200768805748531e+00 7.919655384610929660e-01
4.837508198128984027e+00 9.826256892052038783e-01
4.871404260233249239e+00 1.179835001858296817e+00
4.901870606116831119e+00 1.382047855492754218e+00
4.928514433715610821e+00 1.587844118685671546e+00
