2.018422685741516620e+00 7.815602036974536593e-02
2.074556091529566437e+00 5.359571554988316194e-02
1.165162499623345393e+00 5.723000727316345654e-02
1.194020676596358799e+00 7.293602723489055195e-02
1.227140018138262123e+00 8.754182753201522615e-02
1.266247067736486542e+00 9.555358545907537138e-02
1.313334291745589688e+00 8.958089485545066288e-02
1.389497345092923775e+00 5.899278014101753953e-02
1.483427765277616439e+00 -2.479045872391059113e-01
8.346186976276495084e-01 -7.558026771717439862e-01
2.807661591277782476e-01 6.112340011451606880e-01
1.850076300117551753e+00 5.231838523906616745e-01
1.865565806057094544e+00 -4.093177884470836775e-02
1.716556498005533005e+00 -3.161372463813283407e-01
1.585479966147505859e+00 -3.439796960266641723e-01
1.514344443797989603e+00 -3.068447223336306928e-01
1.466045746510599823e+00 -2.594343141873162173e-01
1.426198193884660848e+00 -2.123798299377575305e-01
1.390067428863060561e+00 -1.701270113657502303e-01
1.261250793097197231e+00 -2.327837007553578696e-01
1.998342528212925462e+00 8.197962808243108856e-02
1.062069430421847205e+00 1.319892592309593327e-01
1.141819268290046097e+00 1.095411343582662900e-01
1.162029138252483884e+00 1.384694694912419755e-01
1.185137274286984788e+00 1.697458554491662608e-01
1.214645264799414814e+00 1.982774388737083282e-01
1.259257602943486765e+00 2.129499618207083833e-01
1.333217372362173414e+00 1.828270768264817214e-01
1.390873340415833104e+00 1.434525462592433909e-01
1.201731290688998310e+00 -5.291077850339472866e-01
3.106198054819717669e-01 6.519363238848984166e-01
1.957930022570006479e+00 1.580032199187133279e-01
1.618746805361817920e+00 -5.984590400292251200e-01
1.483696735321892390e+00 -5.003864118788582394e-01
1.424624303017511862e+00 -4.700852641097458817e-01
1.391624450547322756e+00 -4.196694260686975597e-01
1.372395882967056391e+00 -3.604380129877218231e-01
1.356897068804702844e+00 -3.004407025980943002e-01
1.339975054604594540e+00 -2.451409743890154980e-01
1.244229464049914746e+00 -2.526434132564595036e-01
1.979512292036282428e+00 8.052834377693951495e-02
1.056576164309364074e+00 1.420229859310556952e-01
1.105758572486054137e+00 1.535305181510117079e-01
1.113459110813946440e+00 1.936665957681880657e-01
1.121380471504696441e+00 2.403601229588149812e-01
1.134892071115874312e+00 2.898921371309904904e-01
1.165417685139644499e+00 3.272594951958407994e-01
1.205673345939102692e+00 3.318320768654191011e-01
1.339023255372588261e+00 3.173295251336603617e-01
1.610892900940112060e+00 -2.922419520041084733e-03
3.332560828229558236e-01 6.020474074420714139e-01
1.974011497008290927e+00 -3.224873391722501426e-01
1.478536492456355989e+00 -5.663283011143311896e-01
1.323063485223091584e+00 -6.134984222856707525e-01
1.276399732135198306e+00 -5.748800042003803235e-01
1.264860153437183943e+00 -5.065927623341853758e-01
1.269043699283272320e+00 -4.333835828557027758e-01
1.275582001523853259e+00 -3.644086906065753806e-01
1.277838523273810090e+00 -3.019978545306419848e-01
1.224322432316935050e+00 -2.718161187168740001e-01
1.969976688969397927e+00 7.984239172240542581e-02
1.062855361402225363e+00 1.474217122825522142e-01
1.059569058365769312e+00 1.863336601759559286e-01
1.050350532602855935e+00 2.346513636032832029e-01
1.034828457662221979e+00 2.953614385992885949e-01
1.014492188989355004e+00 3.746103121215482168e-01
9.974598222808470638e-01 4.808039793890468983e-01
1.053488807039012265e+00 5.880205578557313739e-01
1.304593166056622566e+00 2.823728022878869148e-01
1.214749368898688120e+00 1.531235863718377610e-01
2.122794774570242737e-01 5.014683926011225257e-01
1.375291337284640703e+00 -5.801663982317111223e-01
1.022119164112687217e+00 -3.944996894066187809e-01
1.116972019448146725e+00 -9.318473063049719229e-01
1.078590512940894586e+00 -7.300409864456915976e-01
1.115326688546664391e+00 -5.875586423998637731e-01
1.155075456777274301e+00 -4.883176276962154505e-01
1.187785877755279440e+00 -4.090566972779340338e-01
1.209971784481424617e+00 -3.417877292291361946e-01
1.221623423336174685e+00 -2.838416338262549354e-01
1.964113085738998565e+00 8.085408628091401984e-02
1.024282841544053690e+00 1.644186071005395156e-01
1.006358438349334694e+00 2.054511851036820158e-01
9.740731018305611721e-01 2.566733588850992898e-01
9.177625816639340961e-01 3.225327133476731389e-01
8.149807146396703672e-01 4.138467292161946420e-01
5.985472877097817168e-01 5.552961051715468166e-01
1.406671316975700303e-01 6.392191510394593656e-01
9.266800829183879928e-01 7.693206391308194947e-01
8.031974835154624681e-02 4.441703958550795028e-01
7.627611420639852924e-02 4.311420672474742255e-01
1.178682856272849744e+00 -4.890884830871349287e-01
-2.182257244617598346e-02 -9.676265399006236390e-01
4.439501864492177985e-01 -8.387514336469634735e-01
6.884425371790712234e-01 -7.274319250280895099e-01
8.996959564676112464e-01 -6.165692685022446939e-01
1.022377681332882426e+00 -5.145745565587123149e-01
1.094660290334526609e+00 -4.329673751509977575e-01
1.139981239092316967e+00 -3.651411320947275385e-01
1.167496306447475041e+00 -3.070110200435762215e-01
1.954760365864072202e+00 7.857781449433334786e-02
9.845767488625845054e-01 1.706039135861903144e-01
9.513646226818488483e-01 2.090022137408081015e-01
8.938408039923719794e-01 2.540460515850384571e-01
7.943189095600911021e-01 3.037275359203353564e-01
6.279279698497302054e-01 3.479133445472272212e-01
3.651680536397985954e-01 3.740158545732059081e-01
-2.504541372561310264e-01 -2.414487249576298122e-01
9.061416571499312234e-01 5.467808132551916778e-01
3.372462613440330714e-01 2.195075861691194175e-01
4.731429635505216003e-02 2.931350655976774355e-01
9.117525697742383528e-01 1.309470470829575961e-01
4.728996316149165768e-02 -4.531347376495072077e-02
3.182869028564804664e-02 6.033614426399862563e-01
3.804666165249381837e-02 -5.602010670818822202e-01
6.460068491521127054e-01 -5.656292002356823057e-01
8.806168071085489490e-01 -5.012367826292912776e-01
1.001051451288967220e+00 -4.339133430808626013e-01
1.071684741238254190e+00 -3.723811941416960702e-01
1.114783028485104799e+00 -3.177328380382598016e-01
1.948511567360341701e+00 7.867731732423308144e-02
9.477844291850726632e-01 1.665783339128668050e-01
9.017271291020614310e-01 1.978943474088848131e-01
8.236059974905882708e-01 2.289647430078854684e-01
6.846572582006397178e-01 2.505756884856402134e-01
3.295339111241266106e-01 2.470608040157487306e-01
9.006563558546315518e-01 2.862317088328917292e-01
1.351935277974061211e-01 -5.259298028473247122e-02
-2.305500854263955405e-03 -1.344223202738633466e-02
-2.856364189629318276e-02 3.456340216552404501e-03
-2.570851342184644200e-02 9.129808787114979639e-04
-2.279612177483037946e-02 -5.071675884348559107e-03
-1.622024569721550527e-02 -2.430957446131290414e-03
2.042270943670508321e-01 1.078489807835248532e-02
-1.294974614014237912e-01 -3.023153291941597653e-01
3.903369738390342625e-01 -4.824771626296057714e-01
7.455228157999730376e-01 -4.634196342863120543e-01
9.163650334588180346e-01 -4.155340772372790314e-01
1.010128345421605456e+00 -3.654284450092157854e-01
1.066706180347382737e+00 -3.174493308930831370e-01
1.938458072092970275e+00 7.138126895632238011e-02
9.173543053549694237e-01 1.545526591926285054e-01
8.631107052606543650e-01 1.766116050066935672e-01
7.716171834740909174e-01 1.922622163256782479e-01
5.873680657542847960e-01 1.930024158762009556e-01
8.217656960933929222e-02 1.454256070421933167e-01
1.570360792997688160e-01 -1.714399888209830469e-02
-9.873999721042619332e-03 -1.744335815365268688e-02
-2.677959849098913298e-02 3.202955237572610407e-03
-2.627117709871858858e-02 2.376192847402283388e-03
-2.558198813157369633e-02 1.560383626904299562e-03
-2.374234746450886932e-02 1.490577684210188164e-03
-2.091608442704801299e-02 4.487554604678607902e-03
-3.248138742807182150e-02 1.091796609901137319e-02
4.207912998236467694e-01 -6.110308579123733402e-03
-6.425615035935139385e-02 -3.194783599908725957e-01
6.481434151692427870e-01 -4.072926189424360133e-01
1.893851891027215295e+00 -3.559549159277282659e-01
1.989753222931156529e+00 -3.147683605752873426e-01
2.044809837872556546e+00 -2.737266321314126283e-01
1.931781642014114064e+00 6.619526654944984934e-02
1.919544532920639757e+00 1.038215603123349151e-01
1.873885573842669183e+00 1.175084833843706711e-01
1.790655717262366942e+00 1.381513562185570643e-01
5.326326990041335696e-01 1.357012335110904522e-01
1.791759207458587244e-01 -5.488103868280868047e-01
2.939726869850656579e-02 7.496721390852537081e-02
-3.132865309476903087e-02 2.821911233337119455e-03
-2.626700689325974294e-02 2.912506422447886604e-03
-2.576694645525979058e-02 2.765964151028556077e-03
-2.521967046176390795e-02 2.389736107331234122e-03
-2.480998392345487233e-02 2.609355877737030462e-03
-2.545534920499900253e-02 4.437906873107896021e-03
-2.924903714385705678e-02 9.422167110657110600e-03
-1.054664157771502409e-01 -1.644288042406653536e-02
8.644634910684994011e-01 -1.137270699463102774e+00
5.567947044504198972e-01 -3.550291601558300258e-01
1.854472567261291616e+00 -3.070459213623687456e-01
1.950840749557021692e+00 -2.840969649248573092e-01
2.008829961910526318e+00 -2.552812534636216268e-01
1.926938163294098505e+00 6.129393810784060370e-02
1.905371427798704831e+00 8.339628996299636166e-02
1.862575610120926317e+00 8.817979790994119604e-02
1.784433544828851081e+00 9.447884548934869231e-02
5.064375365241312599e-01 8.518714643844474410e-02
-4.410356912688210285e-01 -8.054686288054921373e-02
-3.374159922077613321e-03 -1.332978862912132662e-02
-2.463144239619879938e-02 3.767316465813074899e-03
-2.613886773487193033e-02 3.664741040403123561e-03
-2.535274071008212018e-02 3.382285533817391398e-03
-2.481689309631168738e-02 2.729881508298194308e-03
-2.508441616018029438e-02 2.191240159177782615e-03
-2.665758372842128715e-02 1.990822454181169834e-03
-3.086640324363278121e-02 1.398595796070062607e-04
-2.428199635899476808e-02 -2.024579224212792045e-02
1.341280892665056568e-01 6.994189670129220826e-02
4.948765791706052353e-01 -3.111994353930715995e-01
1.840830456543936844e+00 -2.633061620826839255e-01
1.930156820195853662e+00 -2.416929758466021538e-01
1.982386815614894493e+00 -2.253170422562361108e-01
1.924017707561402446e+00 5.594850188067355262e-02
1.900074860697972934e+00 5.862626777867165073e-02
1.862811433717074916e+00 6.277204624420623658e-02
1.796071444487837399e+00 6.077196822305879625e-02
5.231256171469207406e-01 5.289175516341181049e-02
3.373036158885568681e-02 9.583151252920127372e-02
-4.085040126874514566e-02 -6.668046891124670104e-03
-2.944172419438010474e-02 2.276835009001551297e-03
-2.656904855600909429e-02 4.912210364464607119e-03
-2.456432591243459806e-02 4.479821340851081884e-03
-2.366418225564162134e-02 2.936966921480416333e-03
-2.413877097835277069e-02 1.227059230525106345e-03
-2.573508514230136990e-02 -2.651891992276741647e-05
-2.661414988332383089e-02 -1.301058906423884854e-03
-2.162035626984450468e-02 -3.247491107713918433e-03
-1.183329240275528549e-01 -1.637945012386238935e-02
5.086198537290379518e-01 -2.769252388763048800e-01
1.846218865576129575e+00 -2.275548118615113025e-01
1.924443164492366742e+00 -2.134115098953949241e-01
1.970219624051302576e+00 -2.028521616201119648e-01
1.921394119061649697e+00 4.235020879467206456e-02
1.901025444136691833e+00 4.209527715037607309e-02
1.872777656471197982e+00 3.741432146529570513e-02
1.823707765261159741e+00 3.038053420605444505e-02
5.906646727667630437e-01 3.446104319047153808e-02
-1.587476172314694622e-01 1.790225693387963168e-01
-4.414446981557581390e-02 1.234740552564021245e-02
-3.228536582399890720e-02 8.537032757423063459e-03
-2.650733763510789917e-02 8.628527464442677444e-03
-2.260334456602104691e-02 6.584167646690160768e-03
-2.103784370564111203e-02 3.271205879029311699e-03
-2.175548392187150876e-02 -2.699384011867033816e-04
-2.480514944438202279e-02 -2.644776978028559773e-03
-2.797864433790066274e-02 -5.587560148307062040e-04
-1.511511257417359755e-02 5.148286038994398170e-03
-4.852325677635560552e-02 9.499073936424086151e-01
5.882108176862391735e-01 -2.511912343740204112e-01
1.863862239625308392e+00 -1.986305297229467859e-01
1.926693427562404359e+00 -1.888099701531030794e-01
1.964545518551136238e+00 -1.765323819116806359e-01
1.922441391876800409e+00 2.768471639948977964e-02
1.906598721084281856e+00 2.526076787679751648e-02
1.883174239785016635e+00 2.277098585536666345e-02
1.846581530613548239e+00 1.530996200861606260e-02
1.745380801751527544e+00 7.861687202983958650e-03
-2.831521119109056683e-01 4.460381403883651591e-02
-1.980122347021104345e-02 7.754528980041645175e-03
-3.508212941728162254e-02 1.239060038782130099e-02
-2.407561379730071074e-02 1.571004303511414069e-02
-1.812328602394574703e-02 9.668012084105155265e-03
-1.621712521384428146e-02 3.895701174755866573e-03
-1.648269569788874539e-02 -2.563786483120027680e-03
-2.164766268590274934e-02 -9.828869334211114139e-03
-3.596525510236887185e-02 -1.228102015808139880e-02
-6.278983926287361184e-02 -2.036037768234180353e-03
-3.999866540099036860e-01 5.115946924579008181e-02
1.766236737837235227e+00 -1.956743392345970112e-01
1.890165210672887008e+00 -1.685482631716445634e-01
1.934805035998981015e+00 -1.623696026394058356e-01
1.963790464703424110e+00 -1.585047600079288188e-01
1.925939390437969356e+00 1.585462459769343413e-02
1.912502993552727792e+00 1.476792598512434093e-02
1.896754730207193651e+00 8.915599942991667137e-03
1.872015137615427927e+00 1.773833822444292408e-03
1.821933600517092966e+00 -8.799096556374381636e-03
4.402695685572978190e-01 -1.441252238198147649e-02
-4.573793321607435569e-01 1.631090042171469412e-01
-5.487366759286972651e-02 6.778853635603511452e-02
-8.548990469382958951e-03 2.416462070357254174e-02
-1.059190929303607462e-02 1.126718098004171956e-02
-9.998385110808355805e-03 5.407200707994212763e-03
-5.798774705942573091e-03 -2.749616484024238090e-03
-6.301313334698155702e-03 -2.184844396647234871e-02
-2.125415835331490727e-02 -4.241328938499867168e-02
9.688789629527860131e-03 -2.372903409137402247e-02
5.051487652725125121e-01 -2.010688074805758452e-01
1.849611436929628816e+00 -1.583911215829763020e-01
1.909824575518892065e+00 -1.499389862314815247e-01
1.942521542723717909e+00 -1.451526144923459549e-01
1.965625513566959359e+00 -1.389189361394609634e-01
1.929690296825529172e+00 8.125705472971683080e-03
1.920279735862318038e+00 4.563786409257145765e-03
1.909171485887350306e+00 -9.196590992578930002e-04
1.892592199705443345e+00 -7.170216290161425358e-03
1.868342855572358019e+00 -1.714476037311473550e-02
1.804859055513862387e+00 -2.930539495658509436e-02
2.212118983722543009e-01 -3.179855483181370790e-02
-8.314710165625693872e-02 7.490891393476367330e-03
1.998852807652483701e-03 4.708813468450477255e-03
-4.979261804431487151e-03 6.390990497491193245e-03
-8.406852001390170345e-03 8.665602004659225810e-03
8.269921086493081316e-03 1.377472899492837230e-02
7.271257785682645747e-02 -2.502945443003082651e-02
-3.324499567445129422e-01 1.271207821213272415e-01
3.789510557800234158e-01 -1.702919185792295675e-01
1.827269462571642133e+00 -1.418773889607199967e-01
1.896938014203133793e+00 -1.319252914922104114e-01
1.928569129145282890e+00 -1.301074510288317554e-01
1.951214930498906153e+00 -1.268905386632107890e-01
1.968085499088210177e+00 -1.255002716169053012e-01
1.934770949262479611e+00 5.164428165049990156e-04
1.927829007693584007e+00 -3.053849951009109977e-03
1.920037401403632993e+00 -7.968615119019622356e-03
1.908797446310582124e+00 -1.332644534960969462e-02
1.894173195445306712e+00 -2.088448186752010424e-02
1.873548101997366988e+00 -3.130513473660720414e-02
1.823384284858492466e+00 -4.364726289532658982e-02
1.626246840917227265e+00 -5.276040913545314293e-02
-2.389613888347396076e-01 -8.652334718338292041e-02
-5.256639788385866763e-02 -1.064214607921944999e+00
-1.884702536935448092e-02 -1.788848151869797815e-02
1.555181083476741069e-02 -8.024117266422874095e-03
-1.637488841091442604e-01 -8.466862768950682294e-02
1.638620344080519375e+00 -1.419732737315580473e-01
1.840296220165765773e+00 -1.216627803540625830e-01
1.895587393889532013e+00 -1.152079158370432760e-01
1.922348994374500908e+00 -1.151558916178121450e-01
1.942589953711672868e+00 -1.140485606145671266e-01
1.958667049745430599e+00 -1.119167208495228105e-01
1.971297046726976365e+00 -1.112829102396741821e-01
1.939831770234637265e+00 -5.373591418900797341e-03
1.934720276541385120e+00 -8.773279323903541288e-03
1.927772215144282208e+00 -1.221238274645748689e-02
1.921507662578910924e+00 -1.771385004841472682e-02
1.914707496986147506e+00 -2.440200234839998150e-02
1.904160842131966902e+00 -3.181725968670876675e-02
1.886638654839337015e+00 -4.057862032092721810e-02
1.868106664671067563e+00 -5.144655410781290988e-02
1.836965174446684168e+00 -6.370995940459373008e-02
1.798047204831740409e+00 -7.707823300502646136e-02
1.776450528975374255e+00 -8.922904181232345355e-02
1.801356804733217354e+00 -9.614874758645129693e-02
1.844041545246215996e+00 -9.792301207557473075e-02
1.879919914300241635e+00 -9.804257227856284784e-02
1.903506417655971283e+00 -9.991654282509399021e-02
1.925744948042048321e+00 -9.872727620965943141e-02
1.941118552204342596e+00 -9.915897307053167520e-02
1.952913867061798925e+00 -1.009021472400111891e-01
1.963825874828882379e+00 -1.016358248646070522e-01
1.974278356579543203e+00 -9.939788953944582450e-02
1.944669739183835677e+00 -9.888856245607818493e-03
1.940912412967868761e+00 -1.303825541686746622e-02
1.935794038678833262e+00 -1.624006978987606667e-02
1.931592908831279098e+00 -2.087079670793258457e-02
1.927347015691151411e+00 -2.625063834264346890e-02
1.920949109343748962e+00 -3.206319476438981159e-02
1.916472753379582006e+00 -3.891293908761841308e-02
1.909298508498223912e+00 -4.628470456198789662e-02
1.901999159906539116e+00 -5.421755706180966111e-02
1.895525802775161583e+00 -6.239969467428603533e-02
1.895702634652503438e+00 -6.944075792027536165e-02
1.899394516125492816e+00 -7.565553318467009569e-02
1.909826388156532273e+00 -7.953471779498193228e-02
1.921251553302132153e+00 -8.246146359651138069e-02
1.932634816191601379e+00 -8.460354850279036554e-02
1.941625051578858896e+00 -8.775944341227130685e-02
1.952071317628161662e+00 -8.840675321369570461e-02
1.960559559112227790e+00 -9.005816098037192075e-02
1.968758670213515360e+00 -9.092981285242626721e-02
1.976958936714774184e+00 -8.940731982932555166e-02
1.949166077741958158e+00 -1.334268666538961437e-02
1.945522675473702723e+00 -1.572467108927521479e-02
1.942620322353496132e+00 -1.915042267452258390e-02
1.939785571052715207e+00 -2.309459178060127571e-02
1.937092901172094095e+00 -2.753734666568079942e-02
1.934631972391773314e+00 -3.242140487290845474e-02
1.930666040184887633e+00 -3.769520880201580881e-02
1.928868609528213263e+00 -4.330469813165389870e-02
1.927812370868150271e+00 -4.894423097323236105e-02
1.925352327109728368e+00 -5.506437816829568704e-02
1.926521491932872809e+00 -6.043360618095423159e-02
1.929147168714266058e+00 -6.538202697633270499e-02
1.935353887202489576e+00 -6.870534257313032356e-02
1.940304578233851274e+00 -7.256381052935305387e-02
1.946065831300892057e+00 -7.591968089285618115e-02
1.953697061771701327e+00 -7.732358816681071667e-02
1.959998602958800573e+00 -7.948797539747828877e-02
1.966399272324121261e+00 -8.104544506383197511e-02
1.972751620549979990e+00 -8.198424268792911529e-02
1.978938660574066644e+00 -8.231775143538656858e-02
1.953272119634021031e+00 -1.598484813257201181e-02
1.950487433762494005e+00 -1.822431688994528842e-02
1.948436006745449145e+00 -2.125001379006817570e-02
1.946520798733398339e+00 -2.464489979028286482e-02
1.944808083236720719e+00 -2.838488381677928274e-02
1.943372903848368027e+00 -3.242328495888150558e-02
1.942300676924510361e+00 -3.668952400285128285e-02
1.941688233569838662e+00 -4.109162415138776364e-02
1.941640938020787965e+00 -4.552376119979130442e-02
1.942261809130588102e+00 -4.987814237020860714e-02
1.943631683707672142e+00 -5.405762896459504613e-02
1.945786329830978767e+00 -5.798378745252733002e-02
1.948702000949618984e+00 -6.159687871342199583e-02
1.952297925389931299e+00 -6.484967569005710419e-02
1.956453576327853883e+00 -6.770089347956576020e-02
1.961030869247476938e+00 -7.011292203902200204e-02
1.965892047110492369e+00 -7.205441806732108823e-02
1.970909974754163851e+00 -7.350489441337362817e-02
1.975972513995102764e+00 -7.445823082387841019e-02
1.980983823629641982e+00 -7.492374800846055005e-02
