1.998533213598398417e+00 7.467522333958477587e-02
2.054361829825464003e+00 6.037669347320519936e-02
1.138085584796330485e+00 6.804759819714550906e-02
1.162125870724549870e+00 8.568144369159877427e-02
1.189520134313502897e+00 1.026548033262063703e-01
1.221812755850295584e+00 1.141568075110936387e-01
1.259539050621104161e+00 1.140175611142339174e-01
1.313867780909740768e+00 1.082969537510007768e-01
1.473307217139224967e+00 -9.262446266408451423e-02
1.061282553499342862e+00 -7.130080211491105491e-01
3.728912060537432627e-01 7.022439511150266878e-01
1.917974756286279225e+00 2.889745511921557597e-01
1.840782966455302150e+00 -2.472857120815403764e-01
1.631891249510423636e+00 -4.377855194863438659e-01
1.523551808533705643e+00 -4.209696756264884598e-01
1.470697822223843154e+00 -3.696977139106707444e-01
1.435577726102047702e+00 -3.138423677883739327e-01
1.406242470932744126e+00 -2.598557425416294642e-01
1.378445009939163857e+00 -2.113135300529353500e-01
1.248473904050163785e+00 -2.540142876605454014e-01
1.979517646235587014e+00 7.512723694396064578e-02
1.038951609867496684e+00 1.269402221033844591e-01
1.113026313920105759e+00 1.132176887924389724e-01
1.129086701488356770e+00 1.417803617457645271e-01
1.147890529923675906e+00 1.725725028385537985e-01
1.172767388121541909e+00 2.008595841047615960e-01
1.210287096365396220e+00 2.175379153891188189e-01
1.277664937469119577e+00 2.002174937760373141e-01
1.283552930349599386e+00 1.498047841546254200e-01
1.320198408752671027e+00 -5.251119594662546630e-01
3.898275361711795450e-01 6.566386768274399266e-01
1.995240734463522347e+00 -1.317453510140143003e-01
1.475269489210339513e+00 -6.483369667183195295e-01
1.421152887028103384e+00 -5.430768364821607630e-01
1.371556475307998513e+00 -5.124201951687329393e-01
1.346834975269113110e+00 -4.585924512330983860e-01
1.336667217027292853e+00 -3.969174528118336043e-01
1.330183393692832228e+00 -3.349123276041796604e-01
1.321490823627937683e+00 -2.773350551337980252e-01
1.230093453882627363e+00 -2.717621923453844013e-01
1.962566859829847576e+00 7.093569765268495364e-02
1.033101881211230921e+00 1.359699855176479122e-01
1.077337452227950410e+00 1.510512275518153535e-01
1.081863694793987252e+00 1.900794568495051684e-01
1.087051047531593762e+00 2.367339764328204588e-01
1.099562459393719660e+00 2.894295290533926424e-01
1.135897993349620938e+00 3.334041977501379650e-01
1.193957573377885772e+00 3.186867237561144539e-01
1.244451267680694473e+00 3.261702793159047542e-01
1.467356417358709253e+00 2.000620367840129921e-01
3.431319883100681367e-01 5.656012330234124752e-01
1.793531645967594956e+00 -5.914602970712269370e-01
1.426208188084976625e+00 -6.309204610662327850e-01
1.264453852088502916e+00 -6.551708035714968181e-01
1.219670005235516053e+00 -6.089698675257658733e-01
1.217420132265377264e+00 -5.324325803309716276e-01
1.231344178937817446e+00 -4.566518040342589235e-01
1.246386126341449296e+00 -3.875258200703098899e-01
1.256184647282781564e+00 -3.252477801973270854e-01
1.209097564670044811e+00 -2.885918776428900157e-01
1.953995160726155422e+00 6.890794869210520313e-02
1.038448593247504270e+00 1.416362369757856732e-01
1.032314644714811491e+00 1.787553331188735661e-01
1.019545600206243741e+00 2.257780739709980833e-01
9.979411928693865397e-01 2.870956348035217931e-01
9.637482950761268041e-01 3.708292476010743854e-01
9.137095424535920385e-01 4.878822951031298594e-01
9.103320548025041203e-01 6.390804688431579450e-01
1.399013366505052591e+00 4.402467929660728863e-01
1.185166800561290090e+00 8.274106414520712716e-02
2.781091207732965254e-01 4.943746059252080438e-01
1.256948816102819722e+00 -5.482885068022669284e-01
1.176603964555634096e+00 -4.234728839061688288e-01
9.163422536657978013e-01 -9.539467144501649898e-01
9.835009238073010307e-01 -7.366204050209125276e-01
1.058713761137412224e+00 -5.955846628424957823e-01
1.115680081599992768e+00 -4.986026034903804360e-01
1.158231031826973956e+00 -4.219117532112644509e-01
1.187588827409447045e+00 -3.568586939123200574e-01
1.205223724214692371e+00 -3.002858702955469861e-01
1.948505301865042227e+00 6.900065845144325027e-02
1.001371850654245055e+00 1.546380291330462509e-01
9.807950170417443214e-01 1.929232113816333194e-01
9.444638973621521938e-01 2.407710094716668248e-01
8.807639552183464948e-01 3.012496285205774060e-01
7.642464416671874705e-01 3.809139983685703168e-01
5.197328002073670072e-01 5.016865241089736305e-01
-8.268301603357400276e-02 5.280318543451124613e-01
7.051235472121419878e-01 8.336699719284451637e-01
-5.027781024131787110e-03 2.137084604393339471e-01
8.062584954804906390e-02 5.025265676209889065e-01
1.222878100536544554e+00 -5.003690149602065818e-01
-3.672513341337388382e-01 -5.635111972462497620e-01
2.972054728891918574e-01 -7.928751401526785703e-01
6.249525497570178612e-01 -7.055505596128305301e-01
8.570087435581128510e-01 -6.004692282191781416e-01
9.882781610101484260e-01 -5.097740416743143932e-01
1.067818778059706819e+00 -4.358851497271348796e-01
1.118980422962437160e+00 -3.728440049615761587e-01
1.151465015793829316e+00 -3.177190497163820959e-01
1.940360257778999342e+00 6.558815284011880464e-02
9.638810386924451246e-01 1.572733346525267972e-01
9.288224477453671524e-01 1.916494217183214166e-01
8.691048677535210265e-01 2.306939988739401259e-01
7.677929472094471297e-01 2.710417643975244206e-01
6.005101577027264215e-01 3.051279034149081415e-01
3.171508414489922489e-01 3.262508675348039233e-01
-2.556343828776596605e-01 -4.531321346765129765e-01
2.826541686729389102e-01 2.930911054365528123e-01
1.243957355719361030e-01 2.246879032212658889e-01
4.540238526302470962e-02 3.614093002216440809e-01
6.776720814366272716e-01 1.396529107344423315e-01
-1.641028923299125697e-01 3.387016451392350219e-02
2.661676025194102957e-01 4.974557930570901454e-01
-4.677401122388991778e-02 -4.768367068290461086e-01
6.205048087680410385e-01 -5.461591613020930769e-01
8.596493070121459246e-01 -4.877636004802515246e-01
9.807667331446017212e-01 -4.290659484291241554e-01
1.054099410294805139e+00 -3.740433465715330419e-01
1.100517293483828540e+00 -3.236491096052708238e-01
1.934670333289043587e+00 6.482046060900489848e-02
9.299994478014945720e-01 1.504448992378144556e-01
8.835933832942632904e-01 1.769341193829095382e-01
8.064385029320224607e-01 2.012054549248710744e-01
6.711946900412464334e-01 2.149016665368448376e-01
3.028425472527581652e-01 2.052044830134439612e-01
8.490206682676618710e-01 4.502997507424066348e-01
1.250137512693421105e-01 -3.054171391988148160e-03
2.833174009938468386e-03 -1.300977673814999666e-02
-1.948865807894745519e-02 2.771959329601086063e-03
-1.653998573675792907e-02 4.703327504934298568e-03
-1.861488144578471102e-02 6.214387247760953283e-03
-5.110925743815007694e-02 6.004590456247205568e-03
6.853737975108339930e-02 -6.394377981742471739e-02
-1.754802795993255782e-01 -1.922288074140666714e-01
3.611335640867395780e-01 -4.603392822386791483e-01
7.357826265727542836e-01 -4.491502111000574837e-01
1.948542213174449866e+00 -3.797770860110520896e-01
2.029356295441996583e+00 -3.297639157179865221e-01
2.076217910258566501e+00 -2.840257893452652338e-01
1.926634531771926007e+00 5.679096410859492405e-02
1.927891549450113207e+00 1.093593420133115168e-01
1.883901875201391185e+00 1.302215968276351499e-01
1.806198116165218748e+00 1.464993838391429604e-01
5.823610964374762444e-01 1.588600133962327909e-01
4.965802528167680835e-02 9.893936190409664821e-02
1.996608343800697349e-01 -3.425498563944845420e-02
7.513957441421232827e-03 4.120986347878685153e-03
-2.342842984072658272e-02 1.347172096356060713e-03
-2.082194778916965708e-02 2.335149282424882431e-03
-2.073579038782148720e-02 4.401693242328402061e-03
-2.216574852791563036e-02 7.477266818890391034e-03
-2.528175730638134583e-02 1.134909051993363352e-02
-4.402276118453705978e-02 3.341174676666209403e-02
6.565054502587663876e-01 -2.102312445633898463e-01
-1.211162214604859788e-01 -2.476614805470384040e-01
6.454748957554594657e-01 -3.960485522025850025e-01
1.887690183799227484e+00 -3.370050217182671282e-01
1.978379353210723224e+00 -3.052474223217281901e-01
2.033092716589067539e+00 -2.710482632912266099e-01
1.921319366226126313e+00 5.118972294108668775e-02
1.904553954951678341e+00 8.390278510056438377e-02
1.861423995649558627e+00 9.051178729380632282e-02
1.783866434893365716e+00 9.992800410013720491e-02
5.326019354399110783e-01 1.050759734321108085e-01
4.445891954892455811e-01 -3.261223242510996045e-01
-4.965924506809825389e-02 1.098771678306295352e-01
-2.812013497278825769e-02 -3.482335767361476909e-03
-2.253844816210199067e-02 2.374358874395076768e-03
-2.186512541198323140e-02 2.763756274083233565e-03
-2.240396569133333224e-02 3.404234592016378968e-03
-2.473547327900709261e-02 4.587073095724462750e-03
-2.975933863159596626e-02 6.591876555393248738e-03
-4.015197860642440164e-02 8.513033667580631111e-03
-8.304697600576332883e-02 3.233554669614067956e-02
3.055322045911168516e-01 -1.084860264253997952e+00
5.570618479443427695e-01 -3.470585743679897028e-01
1.857560359212371948e+00 -2.920843795785784680e-01
1.946534204478671537e+00 -2.747509547221528292e-01
2.002012850738006389e+00 -2.511505228081740149e-01
1.917606639588246509e+00 4.610752248223565219e-02
1.894890188594780644e+00 6.358064533871614354e-02
1.855606635805468585e+00 6.303972472918627223e-02
1.784357980932621768e+00 6.124231715025293260e-02
5.096953792078960932e-01 5.826135673974069257e-02
-3.241908618181717494e-01 -1.217660705015086442e-01
4.516029494578441099e-03 1.270902968529491993e-02
-2.312673988727772384e-02 7.811538339977683841e-03
-2.222851757055964439e-02 3.892389495414805105e-03
-2.162753551017830220e-02 2.821104035702762854e-03
-2.238482887083436193e-02 1.919555176374318668e-03
-2.495289808028479037e-02 1.029312327312645629e-03
-2.986921511668259518e-02 -2.091847471115093312e-04
-3.846969822416095031e-02 -3.725699077621751759e-03
-5.006092828465497080e-02 -2.899174978699098348e-02
2.990022739831106335e-01 3.664546283392047799e-02
4.960168320759578142e-01 -3.059302024496733385e-01
1.848503903317527897e+00 -2.530597187101696899e-01
1.931111022411054368e+00 -2.351965205886780430e-01
1.980130898742735512e+00 -2.218128617350620391e-01
1.915685766985966154e+00 4.087076053041521773e-02
1.893521939344171345e+00 4.053328639785590964e-02
1.859168100431199955e+00 4.035655854458742448e-02
1.798932886161352940e+00 3.267362065330559062e-02
5.288032338621601047e-01 2.862675477272426730e-02
9.249531758271152537e-02 1.780952263323356821e-01
-1.960217067576643102e-02 -4.802598687395634273e-03
-2.100060416920842762e-02 4.477906675014972117e-03
-2.082018441788679314e-02 4.668879829514050242e-03
-2.005152110952123160e-02 2.876343112027531304e-03
-2.062233384780014570e-02 4.003694925200857249e-04
-2.295213291060241995e-02 -2.354944238198917929e-03
-2.683337188787920241e-02 -5.465775086008596920e-03
-3.102168299826396636e-02 -1.027004170957122355e-02
-2.944492591366967491e-02 -1.759666039724610068e-02
-9.831848644494879663e-02 1.185454012945388186e-01
5.128731978908385170e-01 -2.744224726829171956e-01
1.855304341396352585e+00 -2.213093028105191651e-01
1.927504904391662555e+00 -2.091942426518339782e-01
1.970279519028911297e+00 -2.004387838481731243e-01
1.915102481163025505e+00 2.813594469436724727e-02
1.896495985990640287e+00 2.563889847872292266e-02
1.871253232979443570e+00 1.856555810781785470e-02
1.827281341185705177e+00 8.054332218406408395e-03
1.648071160442601490e+00 9.197659595299109009e-03
-1.326004270827476905e-01 1.998094729601274655e-01
-3.473232971375282696e-02 2.955755584728297046e-03
-2.394027548471067829e-02 6.807337227095216006e-03
-1.941863091673040262e-02 6.891171767456303991e-03
-1.690490086900692246e-02 3.525353898591238912e-03
-1.698720636023549196e-02 -9.285214834636248971e-04
-1.918538245446572976e-02 -5.487422819057872353e-03
-2.303789123223683524e-02 -9.592975100426448520e-03
-2.648358216898376305e-02 -1.212467432392539020e-02
-2.293925837795602815e-02 -1.632091661552289436e-02
-1.483125257979562781e-02 8.633944259747935446e-01
1.650020921152685061e+00 -2.425575500518755701e-01
1.872511828158778480e+00 -1.954220599799883495e-01
1.930624838385289754e+00 -1.866373428892002806e-01
1.966229932475988651e+00 -1.757164011926585223e-01
1.917922957168258558e+00 1.481720152156528261e-02
1.903622814443854949e+00 1.088854493750501980e-02
1.882382921719010671e+00 6.321149092973636467e-03
1.849634332584573659e+00 -3.549694491640221095e-03
1.757741321928757205e+00 -1.700169578375962040e-02
-3.244898399674119860e-01 1.503628987524647243e-01
-1.266434710210368776e-02 1.628310372633582151e-02
-2.782136005727421299e-02 1.146623517636520713e-02
-1.518000336744307170e-02 1.318336660318532305e-02
-1.088828858143708542e-02 4.724504072905077838e-03
-1.127199019414200712e-02 -2.205142097145231309e-03
-1.325233103659449393e-02 -8.893614366459974552e-03
-1.837375665196544841e-02 -1.583631929627373272e-02
-2.809060312156444125e-02 -1.778106720936928342e-02
-3.178591056543751681e-02 -1.534935728180449564e-02
-4.745629308796528445e-01 1.332618599576277651e-01
1.783093138095772412e+00 -1.938484614409194673e-01
1.897419067830157013e+00 -1.680885939482736902e-01
1.938924373514845145e+00 -1.622520205631176604e-01
1.966127232182269147e+00 -1.587971441663811600e-01
1.922591190728961452e+00 4.312571509993912838e-03
1.910268463687161855e+00 1.884600359164318893e-03
1.896341559621828265e+00 -5.014036654146169017e-03
1.874235595903510854e+00 -1.366465793199460321e-02
1.829174147193345368e+00 -2.684308461678825211e-02
4.459603696591515343e-01 -3.321014289930444841e-02
-2.803574730017064365e-01 -7.009409729525703514e-02
-4.266095451443393388e-02 7.835024249892662274e-02
5.258375167625260055e-03 1.802861753836093595e-02
-1.526095376065177145e-03 3.053043360008124082e-03
-4.716943958261218123e-03 -3.536314895775451248e-03
-3.724531101564835210e-03 -1.081300055601138246e-02
-5.254290343833539767e-03 -2.661711101496586074e-02
-1.893814136654058122e-02 -4.526362614510971716e-02
-4.446858183835566969e-02 -1.184119978488457209e-01
5.129722069723654521e-01 -2.045228851939446535e-01
1.860166313848660158e+00 -1.594440445756840630e-01
1.915877063968496552e+00 -1.508883675412134306e-01
1.946452554584270356e+00 -1.462176278355956649e-01
1.968304848609999658e+00 -1.403435821890945401e-01
1.926990147084719496e+00 -2.432400022504542427e-03
1.918617721562123402e+00 -6.728211700461435817e-03
1.908851807527122801e+00 -1.287772136600027519e-02
1.894058946797104737e+00 -2.008930792751666139e-02
1.872488230506333284e+00 -3.107177172669386978e-02
1.814999828992269082e+00 -4.608802259646475191e-02
2.123130240493713017e-01 -4.699167216493977534e-02
-4.514019211255168931e-03 1.013557841701494440e-02
2.074131223536291105e-02 -4.920689001611439940e-05
4.946867272508177239e-03 -7.389952698725084715e-03
-3.291583338348475374e-03 -3.992441978985264601e-03
6.703274420792713559e-03 -3.120589197464782374e-04
6.142202321264279841e-02 -1.421210978876862215e-02
-3.633097403202604214e-01 7.884917014843458027e-02
3.806725875028978967e-01 -1.746582064011311664e-01
1.839622761572271559e+00 -1.451626939454392362e-01
1.903951497151963546e+00 -1.345467559137858982e-01
1.933481863738270468e+00 -1.323081701967975810e-01
1.954814342885040412e+00 -1.290311510016754759e-01
1.970822918120893164e+00 -1.276184302059127362e-01
1.932624703993502502e+00 -8.967607351189914658e-03
1.926501078551942525e+00 -1.303512948116996098e-02
1.919702486500062699e+00 -1.837887516110795275e-02
1.909698575065433834e+00 -2.436482323876148007e-02
1.896721811006680580e+00 -3.252834656151356446e-02
1.878378846559419113e+00 -4.354853152187115883e-02
1.832919622184700170e+00 -5.775172076143371414e-02
1.650839360655669941e+00 -7.466296867719347807e-02
-2.444962874647546580e-01 -1.016759950462256673e-01
-2.413004273167851099e-01 -1.056122730935795673e+00
-1.627621749917186611e-02 -3.862699692021161896e-02
1.953464294048120470e-02 -2.737560047255369403e-02
-1.114608064161134032e-01 -5.667968562890633721e-02
1.664782422946365248e+00 -1.504562313141339924e-01
1.851429308240025273e+00 -1.267375313805399473e-01
1.902544310078423617e+00 -1.192420470044865816e-01
1.927576659331729614e+00 -1.185040206307602373e-01
1.946650637450869858e+00 -1.170480394808944696e-01
1.961909251167645918e+00 -1.147772118572207428e-01
1.973976548917076856e+00 -1.140363351815112114e-01
1.938066851500981791e+00 -1.394499417207177919e-02
1.933603523420238002e+00 -1.768634456353000706e-02
1.927396329426013688e+00 -2.160258559637222645e-02
1.922019947712801047e+00 -2.732619668465973220e-02
1.916212116228472429e+00 -3.414137565858395978e-02
1.906911466264167521e+00 -4.184236897752355994e-02
1.891178186853610388e+00 -5.113072370702409497e-02
1.874643528207013299e+00 -6.218912846081352946e-02
1.846514643882877005e+00 -7.493974930307398252e-02
1.811266405282232483e+00 -8.867612842724922895e-02
1.791830089440744400e+00 -1.002903140335877630e-01
1.814978181030296511e+00 -1.053990593091487238e-01
1.854369968972970684e+00 -1.053106949920068064e-01
1.887602965837289481e+00 -1.040450107666194418e-01
1.909647991843210102e+00 -1.049158417141667077e-01
1.930518985239539465e+00 -1.030806137992677229e-01
1.945084498543365514e+00 -1.030401259561641025e-01
1.956342788375386554e+00 -1.044051102080381793e-01
1.966790397781451816e+00 -1.048941487872115524e-01
1.976828916765518418e+00 -1.025884009287683502e-01
1.943171671148818058e+00 -1.768889017550891174e-02
1.939932895862489071e+00 -2.107670482110220178e-02
1.935390772861665942e+00 -2.461894641906775885e-02
1.931845274278765512e+00 -2.938391333281380191e-02
1.928298072206922953e+00 -3.482228724217442672e-02
1.922720647024720675e+00 -4.079690818464960789e-02
1.919009039273928297e+00 -4.753919101768884492e-02
1.912753373396022250e+00 -5.490156827260134903e-02
1.906384296861937999e+00 -6.271744652766786388e-02
1.900768756863647324e+00 -7.064500289452947668e-02
1.901278278606688854e+00 -7.712492643257830294e-02
1.905006971460204701e+00 -8.267624493974021216e-02
1.914950889794826194e+00 -8.578785584569417755e-02
1.925825421378486446e+00 -8.802326276425626039e-02
1.936677983111044554e+00 -8.958070039259112549e-02
1.945322175346673621e+00 -9.224014271158176292e-02
1.955323673433122522e+00 -9.252306311412712703e-02
1.963508248924175081e+00 -9.386887477408974167e-02
1.971426270379860624e+00 -9.451761286500708070e-02
1.979348543301234109e+00 -9.288781468274068254e-02
1.947862147584600967e+00 -2.049130269176194230e-02
1.944623105936299945e+00 -2.315626529599697572e-02
1.942192896347295195e+00 -2.671647071850136862e-02
1.939859442150603908e+00 -3.074210891581774518e-02
1.937685494299413502e+00 -3.520692545528894546e-02
1.935745403651472296e+00 -4.004945296849687919e-02
1.932373738993679479e+00 -4.535311891411308860e-02
1.931065080858297200e+00 -5.078411081864007276e-02
1.930432486111788082e+00 -5.617865274916692547e-02
1.928463378961136510e+00 -6.210039136243227648e-02
1.929868911925122887e+00 -6.708812475933040309e-02
1.932612666616363661e+00 -7.161045707769661539e-02
1.938678130594658322e+00 -7.443915756981998866e-02
1.943568440392099417e+00 -7.786929419588080326e-02
1.949211020062942223e+00 -8.081852110613460538e-02
1.956592570366829653e+00 -8.186451067052988306e-02
1.962734731541575739e+00 -8.372453787031924888e-02
1.968967665747442197e+00 -8.503063049270716267e-02
1.975154527151515849e+00 -8.577104027067321279e-02
1.981186813114096168e+00 -8.595532055398216742e-02
1.952116349113787841e+00 -2.258229630318928441e-02
1.949664770528313218e+00 -2.503730245931368517e-02
1.947993590697228328e+00 -2.815524469550104852e-02
1.946474238180026184e+00 -3.160004218816712951e-02
1.945163886146771048e+00 -3.534350605444240567e-02
1.944126604338893616e+00 -3.933639264345216435e-02
1.943435398628450939e+00 -4.350731864255383274e-02
1.943174031404733215e+00 -4.776533018673542741e-02
1.943435334710580165e+00 -5.200746059316611186e-02
1.944311900926667391e+00 -5.613070140150019927e-02
1.945877892062574999e+00 -6.004485362143162364e-02
1.948167292965041097e+00 -6.368076352269874674e-02
1.951159513105704235e+00 -6.699007101217489824e-02
1.954780769960593245e+00 -6.993808446368575404e-02
1.958919694339707362e+00 -7.249573141668017029e-02
1.963448049529941564e+00 -7.463578965448726399e-02
1.968237687653406898e+00 -7.633445116888069870e-02
1.973170368231680571e+00 -7.757555093067459995e-02
1.978141866434373286e+00 -7.835427493947137723e-02
1.983063074652386959e+00 -7.867876314324202813e-02
