1.695198464776185743e+00 -2.091429239733747281e+00
1.140529491199982814e+00 -2.024952044468583345e+00
5.803411139644447658e-01 -1.912129355620087567e+00
5.877347684031425379e-01 -1.766966367345583544e+00
5.794585583314874055e-01 -1.632474744630486363e+00
5.445802497565436218e-01 -1.510247021071849938e+00
4.671364751841656227e-01 -1.400783384155908973e+00
3.160065078342563227e-01 -1.303402311474686215e+00
-1.664356997551380557e-03 -1.236866741545566084e+00
-6.535165912348130934e-01 -9.306494747166330628e-01
-1.036701832120094702e+00 3.369138229929755091e-01
-1.778984953382486411e-01 1.128717818441486775e+00
3.384276072333133323e-01 1.232660040452178807e+00
6.051659927057695398e-01 1.269566727300063480e+00
7.236791883237282397e-01 1.337343128182363339e+00
7.783098429446416722e-01 1.447240279556781806e+00
7.947728064714567608e-01 1.578700126376126001e+00
7.881453208806332711e-01 1.723958874388323625e+00
7.679027637186341959e-01 1.878790917534857163e+00
1.249479436032866486e+00 1.960859812418422443e+00
1.906430338345015407e+00 -2.053369869561212369e+00
1.281060410867064459e+00 -1.966197196789702284e+00
8.475898875872571736e-01 -1.853405272224194489e+00
8.696234275569973970e-01 -1.698524479952129296e+00
8.790170454835100067e-01 -1.554971028774390973e+00
8.640034273941781251e-01 -1.428894106774569295e+00
8.046502018022098079e-01 -1.327438436890166162e+00
6.765596920573665463e-01 -1.246306119107189136e+00
3.895588498897016860e-01 -1.179731167593274233e+00
-2.832455724556977028e-01 -1.082446950475123515e+00
-9.966257984731308195e-01 3.669231541731955426e-01
1.856680026942023332e-01 1.140639203906631760e+00
7.104117741217713666e-01 1.064089071819428245e+00
9.119442606340183444e-01 1.125099980799447286e+00
1.021325573869235059e+00 1.204854209249536678e+00
1.064101845089912901e+00 1.324821051031807473e+00
1.070613582318994172e+00 1.468080141688032914e+00
1.054484665461410398e+00 1.627099883998184282e+00
1.025080976241944830e+00 1.795773685214463233e+00
1.338639108087273932e+00 1.904016872032268770e+00
2.112055567336200035e+00 -2.013905693366421890e+00
1.326613948500962037e+00 -1.912761622203599465e+00
1.102831785984697444e+00 -1.774796685468398527e+00
1.136013773964857920e+00 -1.602793134832761535e+00
1.158775661724287254e+00 -1.438271944520033818e+00
1.161762422955796126e+00 -1.288254067753079601e+00
1.126657420866334913e+00 -1.169800761485538576e+00
1.026563256207599473e+00 -1.101084132878523913e+00
7.832033536107387839e-01 -1.101150458616349637e+00
1.544756598290494276e-01 -1.131698079308397498e+00
-9.728628312061129435e-01 3.685429186144163483e-01
5.449627107145247340e-01 1.101390372687229169e+00
1.009688477697793685e+00 9.596733871647499248e-01
1.225358821331860470e+00 9.578421831411590981e-01
1.306445067144848871e+00 1.027115695765622450e+00
1.332400743278254529e+00 1.163003867836434502e+00
1.327764784027944067e+00 1.329337775760410345e+00
1.303478265059571983e+00 1.509885838733852736e+00
1.267328426140404307e+00 1.697258751215323658e+00
1.430451828424255778e+00 1.842673358327461708e+00
2.212793593582042639e+00 -1.970024527802708647e+00
1.297482175221194023e+00 -1.874493021608126142e+00
1.340554713007059418e+00 -1.680354559086091770e+00
1.378851433595731368e+00 -1.487173939474095485e+00
1.405944336007578954e+00 -1.297851132550215114e+00
1.414329560482721071e+00 -1.118222471731829648e+00
1.395188172175975572e+00 -9.596802519861578062e-01
1.327638889529719979e+00 -8.610393729316567768e-01
1.087748141182548700e+00 -9.333504105126564365e-01
4.758256272076816229e-01 -1.079419006338576015e+00
-9.809626722777600172e-01 3.220890136040190921e-01
7.655698007050198983e-01 9.109639651043812680e-01
1.181690202812400559e+00 7.353489018903542895e-01
1.455083562906362982e+00 6.527011193661946820e-01
1.520076814723519076e+00 7.813146838768801894e-01
1.549989347582724442e+00 9.643023473728393746e-01
1.550343470705448867e+00 1.165497548952709517e+00
1.527812224019585940e+00 1.375007123569162548e+00
1.490714297271944044e+00 1.586130661122602037e+00
1.446321684123540896e+00 1.795840184262945449e+00
2.261316250501211211e+00 -1.921891757316936067e+00
1.513431335028857516e+00 -1.788876769675073142e+00
1.557552268708521037e+00 -1.573980513506993084e+00
1.594499423277357941e+00 -1.354266177701072493e+00
1.613568460918131331e+00 -1.129439097984415330e+00
1.594439402604508560e+00 -8.980877588392991440e-01
1.498355110953625502e+00 -6.668365841967912599e-01
1.277980490138629799e+00 -5.044328419335555314e-01
1.330467238428846510e+00 -7.108721792988136334e-01
2.499585772515631465e-01 -9.752203719701151297e-01
-1.013099329590903430e+00 2.577514149267601251e-01
8.432022998927405366e-01 8.739100968357790267e-01
1.236620949192610563e+00 3.809875559711666249e-01
1.491154828082489114e+00 4.108888444264103268e-01
1.627365176153730220e+00 5.356888625506938117e-01
1.710040563699112948e+00 7.506910229445011851e-01
1.734841562888569166e+00 9.899014696165822080e-01
1.723773817095133776e+00 1.230611472818124996e+00
1.692380041046426919e+00 1.467534552337471654e+00
1.650400929098201797e+00 1.698412141608539372e+00
2.358454070238014122e+00 -1.872027927883423981e+00
1.711104511848785537e+00 -1.698654849713830295e+00
1.750261374135991588e+00 -1.459924070159917875e+00
1.774957982906570031e+00 -1.208370824275488031e+00
1.764657445315820805e+00 -9.459631245873370009e-01
1.691794570169200984e+00 -6.927665554903512657e-01
1.527952832367538649e+00 -4.813572034467464844e-01
1.055538327653619879e+00 -5.472513792647908382e-01
3.076559038626406339e-01 -1.003410975583693965e+00
-4.266435193650410795e-01 -8.507376368712914472e-01
-1.006688680603609276e+00 2.055895812691988511e-01
-1.602791872871700829e-01 1.019017035930805060e+00
6.630762921582588065e-01 8.566816396816768764e-01
1.050265576287573666e+00 5.515913071722461369e-01
1.374367353877039122e+00 2.160027521113709881e-01
1.755887346599780852e+00 4.885871627066727951e-01
1.869080976152251106e+00 7.954527615316252520e-01
1.888926980823924850e+00 1.078796891360920052e+00
1.871271855333492828e+00 1.345845220207905424e+00
1.836553295896487192e+00 1.599560787051616195e+00
2.404725686916140859e+00 -1.818447223238589094e+00
1.889497302861678385e+00 -1.609353905242660643e+00
1.916720204975657316e+00 -1.346213095975133056e+00
1.917770254985838196e+00 -1.061764205125463434e+00
1.855321782260369812e+00 -7.522824101041957201e-01
1.576965185592325680e+00 -3.938634627720615233e-01
1.158681412949825962e+00 -7.482900347148857545e-01
-3.028117320652024547e-01 -9.303402507384911369e-01
-8.250603988324156646e-01 -4.271380957730475103e-01
-8.423604672298544704e-01 -2.061918889415322031e-01
-8.478718881023507015e-01 1.510954587009877455e-03
-8.403640000447407665e-01 2.086698061602792476e-01
-8.213581773691296384e-01 4.444540542246198656e-01
-2.048783916145484052e-01 9.629892204587814364e-01
1.191723859935065022e+00 1.547089309101228605e-01
1.648642326313324302e+00 2.608846290573887394e-01
1.924706338365537173e+00 5.850055632615819290e-01
2.068922595657355590e+00 9.236142877906715620e-01
2.077764036543314319e+00 1.227066342816994338e+00
2.055710552045999062e+00 1.505423525865817957e+00
2.539631689765084577e+00 -1.772924545517484463e+00
2.101050512328846320e+00 -1.528856279199128698e+00
2.110855589478133787e+00 -1.243569966007882277e+00
2.077574138551291583e+00 -9.275637061754755663e-01
1.864223146059964309e+00 -5.679416176807037253e-01
1.416379935468766060e+00 -2.435419781451216015e-01
1.860002926451748487e-02 -9.916220225268693733e-01
-6.240307502524737870e-01 -6.331958510502488924e-01
-6.444622823265860889e-01 -4.068478785764903516e-01
-6.494263130887687474e-01 -2.020127149977923309e-01
-6.506664479804052936e-01 9.148601592381868514e-04
-6.495784524808582150e-01 2.046683905193668607e-01
-6.469229780366363425e-01 4.125102887378073735e-01
-6.314606704607537147e-01 6.321637603187982846e-01
2.536091032318048000e-01 1.017596998719086265e+00
1.252079387617996975e+00 8.205013096966196073e-02
1.937444017023540521e+00 4.197184098305583033e-01
2.212463024300993730e+00 7.847344000934481922e-01
2.259953541385088194e+00 1.119063668828338631e+00
2.256980922373291509e+00 1.420204842259850109e+00
2.630648991466280506e+00 -1.729312203176466500e+00
2.348753241020729465e+00 -1.464950328706873472e+00
2.338617062105108779e+00 -1.163473605645139353e+00
2.213604492640536492e+00 -8.220005916816758296e-01
1.865193532050747116e+00 -4.490601920581029360e-01
9.389708075720779590e-01 -8.682930059426836600e-01
-3.811238606722791022e-01 -8.196138395189941361e-01
-4.464830314102214981e-01 -6.104170052655595313e-01
-4.504262920163990547e-01 -4.045863553623301745e-01
-4.521797013212170424e-01 -2.015853867168569680e-01
-4.529740624215388700e-01 3.850206475261350029e-04
-4.533713289992963302e-01 2.025904019308671367e-01
-4.533546956573992759e-01 4.058145715092748573e-01
-4.487333919749554312e-01 6.107876115437612663e-01
-3.788451266572898657e-01 8.357636246687095705e-01
1.327037822887501273e+00 5.150476014661045099e-01
1.896831122284986071e+00 2.751265221973663300e-01
2.339995656227866760e+00 6.803465492926594749e-01
2.425081962806904023e+00 1.033109727144589485e+00
2.444023255969069108e+00 1.350223345675360287e+00
2.707788578107956035e+00 -1.694178627511342849e+00
2.535956934625000603e+00 -1.416992900699094449e+00
2.505542702549987677e+00 -1.107223153066691834e+00
2.348835407508118589e+00 -7.570034823978811778e-01
1.873986976691808026e+00 -3.672134295583152630e-01
1.762320946884821937e-01 -9.964281411377273745e-01
-2.241855156677478034e-01 -8.113449834321629917e-01
-2.497825977276006415e-01 -6.043796263825235160e-01
-2.531074818156081596e-01 -4.025352253390369062e-01
-2.538254066285361987e-01 -2.011979332697347578e-01
-2.543144174170283711e-01 -3.133991043112075792e-04
-2.551069323149675050e-01 2.004870688550041136e-01
-2.559960736063969233e-01 4.017197434041030468e-01
-2.542704248283565449e-01 6.044216880723685126e-01
-2.274534553008706883e-01 8.150728126766635384e-01
4.320457800083185584e-01 8.745631027650384581e-01
1.854636109770919417e+00 1.827430233462138953e-01
2.464344005651375902e+00 6.096184008325674641e-01
2.634211515921873303e+00 9.801634910199679140e-01
2.672185207166086762e+00 1.304212987492568976e+00
2.783844362905571579e+00 -1.675979316595793245e+00
2.770702787038243464e+00 -1.393833980497293012e+00
2.673490197803180646e+00 -1.080531459497122260e+00
2.497335213952819988e+00 -7.321637290787433860e-01
1.923332521215292523e+00 -3.371959020494227355e-01
4.895368680745655898e-01 -8.365589111531789301e-01
-3.659136420046248117e-02 -8.055404914181704124e-01
-5.204546840012556214e-02 -6.016851050068839912e-01
-5.416127649417228074e-02 -4.007744732004426269e-01
-5.431890540909797838e-02 -2.005421349486541105e-01
-5.441576471730762143e-02 -8.917159036191811723e-04
-5.512490827479086392e-02 1.983012133558766099e-01
-5.668176104513641955e-02 3.974946980972381971e-01
-5.757337210600404348e-02 5.980075759542012870e-01
-4.355778779749774204e-02 8.016180614254641013e-01
4.374366040244304643e-01 8.247155219086871325e-01
1.894541465668950320e+00 1.526948498074542637e-01
2.601538086596899557e+00 5.815058437404969638e-01
2.794561598334153185e+00 9.534416570452668438e-01
2.848628882171882370e+00 1.277377071890238414e+00
2.981074101232010776e+00 -1.665577219269521736e+00
2.957321532023556632e+00 -1.387587571427758126e+00
2.901855168979507571e+00 -1.086819720955056079e+00
2.723252128545611939e+00 -7.507010081781644306e-01
2.109872529519731366e+00 -3.627136629381678135e-01
6.639737110867326431e-01 -7.378795083939401200e-01
1.636760980516692998e-01 -7.895870709237553520e-01
1.481760667003554355e-01 -5.981221985941055364e-01
1.457427001153198953e-01 -3.985868437919230511e-01
1.463108095319727853e-01 -1.993376080889200930e-01
1.469601605589321847e-01 -9.781131695038665277e-04
1.470112565291510076e-01 1.963156918617217639e-01
1.457004544158875259e-01 3.922751872232536074e-01
1.427274184053344830e-01 5.879737337814422427e-01
1.527512471798965488e-01 7.867804690622886010e-01
9.886130091455920255e-01 5.221689317164897037e-01
2.087565874157743639e+00 1.767856115471061751e-01
2.766181488211279849e+00 5.989517103917123553e-01
2.963608694532680499e+00 9.570534028610752086e-01
3.077675528919092685e+00 1.278345443257679737e+00
3.231438165976546539e+00 -1.672744068835027020e+00
3.201120113785185683e+00 -1.403835854789633020e+00
3.089852958453977116e+00 -1.111387405905448045e+00
2.917476521710617554e+00 -7.956208115893566024e-01
2.472471906053041124e+00 -4.374993708250219937e-01
7.732563211137878367e-01 -7.121402119670450226e-01
4.114671984612690014e-01 -7.900382639378401572e-01
3.468855659961339044e-01 -5.987880448848554860e-01
3.464055209121917889e-01 -3.944584162805708227e-01
3.483171731592909492e-01 -1.973556382534823184e-01
3.496574200509796615e-01 -7.507843355712817538e-05
3.518357930142822498e-01 1.956818915228326350e-01
3.537924366435392654e-01 3.873499851763373414e-01
3.549894753281658266e-01 5.717212576919997735e-01
3.554591500406562576e-01 7.298323723761473980e-01
7.950532851290476044e-01 6.703329257089469806e-01
2.485001199903954294e+00 2.752000424115029764e-01
3.013241398762400269e+00 6.600505646734325937e-01
3.197652727621143498e+00 9.935277491735708955e-01
3.264290934460792215e+00 1.292635517924272559e+00
3.487607624877334889e+00 -1.691429698691835792e+00
3.402960303201155501e+00 -1.428542558627774017e+00
3.343794276152832090e+00 -1.158025767704376596e+00
3.185957879476498000e+00 -8.664981459180324253e-01
2.869922516944543034e+00 -5.511649919628576200e-01
1.830567877511447561e+00 -2.066190895105179115e-01
5.908905935651684871e-01 -6.477938176486602861e-01
5.219420585484363384e-01 -5.534946939294231871e-01
5.568086575016959472e-01 -3.871122178881703513e-01
5.516390916326880944e-01 -1.962835967191084163e-01
5.522346282673703532e-01 2.174678450806446194e-03
5.587940681292180578e-01 1.988085017686743172e-01
5.690879810200374367e-01 3.864298091266290536e-01
5.841754519442168281e-01 5.662621638156057902e-01
8.294857139662853429e-01 5.860622691285511943e-01
1.928819104327507139e+00 5.237880192822989833e-02
2.898113748845239979e+00 4.073887267444550875e-01
3.226663543127187950e+00 7.360446877514179587e-01
3.394397507443370987e+00 1.040729621007905781e+00
3.510393733762080970e+00 1.327949408879297133e+00
3.700807660292610990e+00 -1.712917693418441578e+00
3.665244277575568255e+00 -1.466778663617623879e+00
3.610202194520713004e+00 -1.213606506179295108e+00
3.469428399398685414e+00 -9.467519654026288478e-01
3.268035214133412136e+00 -6.743019990105809658e-01
2.816370949412427382e+00 -3.941268064718538300e-01
1.571254161492901424e+00 -1.458686023315209357e-01
8.725614331671383006e-01 -4.451503134784334792e-01
7.794488127361767216e-01 -4.071824240017173913e-01
7.497497318119772380e-01 -1.963814917074692135e-01
7.518693000132549153e-01 3.994672538306080593e-03
7.656599334688592995e-01 2.117980980569546534e-01
8.018740062245843792e-01 3.836431948877259135e-01
7.610090427774529598e-01 6.807458463902794632e-01
1.755854092090115115e+00 -1.649944128991158096e-02
2.853759471501541967e+00 2.535935429630729043e-01
3.300334059768757378e+00 5.454707156915703514e-01
3.509042622053202276e+00 8.274451765204942078e-01
3.656520536277862110e+00 1.104093917654109580e+00
3.716957863168440124e+00 1.365296625093872951e+00
3.971526533047445628e+00 -1.744732201213655243e+00
3.937451103155076293e+00 -1.510338762164242121e+00
3.888593191258598036e+00 -1.272970018442119766e+00
3.763850082737938862e+00 -1.026734082976393125e+00
3.601843812209898577e+00 -7.821438735538072118e-01
3.385396766315526662e+00 -5.491665584607379191e-01
2.958772984361095482e+00 -3.361549486175353096e-01
2.171454711290566664e+00 -1.769439630990009282e-01
1.178001920794650603e+00 -1.192255652625282963e-01
9.203775486628403835e-01 -6.563228855733788114e-01
9.886124152225074235e-01 -2.109821841534073247e-02
9.817052406335792236e-01 4.253424526890910856e-02
1.058423496675334752e+00 -3.698345117433585183e-02
2.196279885779588881e+00 5.506770217883243806e-03
2.989629089684136432e+00 1.937271882441287396e-01
3.414421202050003323e+00 4.225097157276582749e-01
3.634329584861843099e+00 6.640683809940993720e-01
3.801340472054788311e+00 9.167842607449467884e-01
3.930683516825743684e+00 1.170776114013835745e+00
3.983894517129763280e+00 1.414451386687318957e+00
4.249434693230567106e+00 -1.777094932617206968e+00
4.218034954294434868e+00 -1.552773304196389148e+00
4.123724039915973805e+00 -1.322333050475123839e+00
4.065649641903275047e+00 -1.099021774509938432e+00
3.988919184510872906e+00 -8.813424502468485411e-01
3.830934612639093739e+00 -6.688080023211728786e-01
3.580408830398229103e+00 -4.727459755071639069e-01
3.363128960133912937e+00 -3.174005801564465101e-01
3.073650660407936552e+00 -2.022424141387245689e-01
2.808639028575759866e+00 -1.281278173996098502e-01
2.689477783268328093e+00 -7.926086375605045919e-02
2.813489903272737624e+00 -2.644385793303287435e-02
3.083165552121752473e+00 5.629655686720155122e-02
3.380685630059282243e+00 1.832770432034718233e-01
3.603158135372636739e+00 3.484900139108246253e-01
3.857119424137056107e+00 5.545843284734319756e-01
4.018937151616188252e+00 7.742207522638383521e-01
4.100136269193194849e+00 9.971462743848973354e-01
4.162437582643011780e+00 1.225692442450019959e+00
4.259602068166409516e+00 1.462193715365940561e+00
4.533506003329392797e+00 -1.809380111271851943e+00
4.505621322856466549e+00 -1.593387907732169761e+00
4.418119966746204774e+00 -1.372422311160327091e+00
4.371893343402669885e+00 -1.160516726236734630e+00
4.314870657272643406e+00 -9.549774872649093860e-01
4.189882585235226387e+00 -7.538812697850618694e-01
4.110631722676970412e+00 -5.747566818281334422e-01
3.967427746540542532e+00 -4.123453070801426090e-01
3.828454631823360543e+00 -2.754983142934996909e-01
3.709555381867368773e+00 -1.621181370295288471e-01
3.690360347130280161e+00 -6.297724672910109955e-02
3.714650295611824582e+00 3.712300319524858283e-02
3.838646659802476435e+00 1.548814615189068600e-01
3.982596801613094151e+00 2.973502321670273840e-01
4.130112302299281168e+00 4.658263018173003367e-01
4.213624918941764719e+00 6.493506010367221526e-01
4.342262443508470682e+00 8.558880391271079802e-01
4.403156290953635477e+00 1.065590936871568140e+00
4.452984245351236048e+00 1.281694569823069063e+00
4.542944190198412002e+00 1.507646773914086413e+00
4.822964880950703304e+00 -1.839593884645807531e+00
4.748254435896411607e+00 -1.624971694632649788e+00
4.718020362015939995e+00 -1.416994265231837025e+00
4.681818957902174283e+00 -1.212772078565834022e+00
4.639578131831980201e+00 -1.014414523222272102e+00
4.592146285746923517e+00 -8.244903674880487143e-01
4.483825730076567595e+00 -6.404357619356224607e-01
4.432983499451426113e+00 -4.756997195767682651e-01
4.389683439593765613e+00 -3.249280625584905491e-01
4.298090577673247203e+00 -1.847928547097183183e-01
4.288885652181053665e+00 -5.407600567599648439e-02
4.302656373798443568e+00 7.716388144608261890e-02
4.398542884499004657e+00 2.204672793370126560e-01
4.446201255314655043e+00 3.734624177003628698e-01
4.501215196770931293e+00 5.409799453639771993e-01
4.613119169758193472e+00 7.292669511637656088e-01
4.664220893771021004e+00 9.223554248509236997e-01
4.709910791822019327e+00 1.123996946963259802e+00
4.749301950621489077e+00 1.331597604197509277e+00
4.782420889342202663e+00 1.543016931247587653e+00
5.116687085150472214e+00 -1.865583572647765420e+00
5.045841531206022523e+00 -1.657361293233120980e+00
5.021292675699633001e+00 -1.454445613294027106e+00
4.993169427733866073e+00 -1.255069128126190758e+00
4.961852175907064399e+00 -1.060615667927085726e+00
4.928348715031380500e+00 -8.725871393988310354e-01
4.894500060661389540e+00 -6.923417333412278385e-01
4.863047180410424275e+00 -5.206750221885434460e-01
4.837399168100016134e+00 -3.573295517290538403e-01
4.821018018677581729e+00 -2.006397739816640491e-01
4.816534594608389064e+00 -4.755512706180511917e-02
4.824930430414616112e+00 1.058393146112263095e-01
4.845193593686535571e+00 2.634373293326969234e-01
4.874647930418436914e+00 4.282264787399956418e-01
4.909777474307237100e+00 6.017730879174804093e-01
4.947132947881446086e+00 7.842239319561030708e-01
4.983951464243822294e+00 9.746926104873061547e-01
5.018374426669277355e+00 1.171759485107309651e+00
5.049372319324111125e+00 1.373879603268644223e+00
5.076542784255004825e+00 1.579632087666469342e+00
