2.045456436444240023e+00 -1.519383274738041190e-01
1.023259133546126520e+00 -1.829925090082375472e-01
1.002629381822203847e+00 -2.066566731140789537e-01
9.731040540206488121e-01 -2.294599318044782954e-01
9.328719855660040361e-01 -2.481698216378186994e-01
8.810716651911110198e-01 -2.578842248663528181e-01
8.190818378696054225e-01 -2.521691819729100503e-01
7.521027496455102712e-01 -2.242767376657758827e-01
6.899393492193455213e-01 -1.700003385050611882e-01
6.452291629252095984e-01 -9.125124120450804621e-02
6.288863767047506714e-01 2.468848129908532332e-03
6.453493387549706917e-01 9.627458101402258661e-02
6.903217611527866504e-01 1.751894379920003741e-01
7.529025913317078933e-01 2.295920412868317773e-01
8.204241406901990885e-01 2.574887902938748918e-01
8.830077099088936565e-01 2.630129077706280794e-01
9.353222010872770387e-01 2.529210172578565397e-01
9.759126472564766397e-01 2.337335323388561037e-01
1.005639327235254843e+00 2.104425431738568553e-01
1.026353118508288809e+00 1.863342078511818767e-01
2.072501405379148842e+00 -1.577973227666204514e-01
1.053605064474660846e+00 -1.976801573238759491e-01
1.035841426131574483e+00 -2.295863079280355823e-01
1.007272821857633671e+00 -2.631948306914627111e-01
9.643092743841238379e-01 -2.950626384683268655e-01
9.037519045612480983e-01 -3.189476224816752414e-01
8.247360853429988037e-01 -3.251006330419750623e-01
7.320979110417247249e-01 -3.010292258171437529e-01
6.400872836212417871e-01 -2.359937443456522066e-01
5.708346871266009037e-01 -1.298252167161046688e-01
5.447890817681423359e-01 2.667080214356627559e-03
5.707948840650403088e-01 1.353851001337590121e-01
6.403458920544645716e-01 2.418818911644156910e-01
7.328549484615862752e-01 3.071502726811185524e-01
8.262677824295578954e-01 3.312953753036707027e-01
9.061542310757819685e-01 3.248234267664637520e-01
9.673833020716783304e-01 3.003127672722221697e-01
1.010719030514891204e+00 2.677196961456647095e-01
1.039416071774995176e+00 2.334510551346735963e-01
1.057171110879195020e+00 2.010060803445044286e-01
2.104348887638193943e+00 -1.577203072497920799e-01
1.092384869987862883e+00 -2.070390097112508876e-01
1.081262056664608950e+00 -2.477184023821128456e-01
1.058374876418866073e+00 -2.940756085775807493e-01
1.017863284741042929e+00 -3.433483525179764073e-01
9.527425102788620315e-01 -3.888750500196221926e-01
8.569127143541903635e-01 -4.175921463531407363e-01
7.307586830466809014e-01 -4.083816007873897203e-01
5.915893380822310199e-01 -3.354279275070612965e-01
4.804424098768573792e-01 -1.904457479895572680e-01
4.368212610458852008e-01 2.917978686267537480e-03
4.801222359823882901e-01 1.969985180006803283e-01
5.918054128410653592e-01 3.424598307544772235e-01
7.313316940942314881e-01 4.158723905382955000e-01
8.588525075946390475e-01 4.252470313623838982e-01
9.560221310710549369e-01 3.958185563653481287e-01
1.021979229776857956e+00 3.491321248676484412e-01
1.062729274461241324e+00 2.987134403828347051e-01
1.085526856919039496e+00 2.514999007326217950e-01
1.096470634508064812e+00 2.102235225396259510e-01
2.139649308566208052e+00 -1.492359955349875922e-01
1.139368962446695166e+00 -2.071653647447490587e-01
1.139950690087064400e+00 -2.554602474177695148e-01
1.130021760046921786e+00 -3.145579318438889715e-01
1.101604761712182912e+00 -3.837190482546058989e-01
1.043162339010709427e+00 -4.580531174670248173e-01
9.394433054935334981e-01 -5.241671746002425358e-01
7.780435240600569458e-01 -5.509306484534206572e-01
5.644470585707778154e-01 -4.880708994434287962e-01
3.785768008340837931e-01 -2.881239700259479175e-01
3.006759520416674158e-01 2.869296432341176227e-03
3.778786352266995108e-01 2.965380007359820769e-01
5.651561651431236122e-01 4.959618604653581175e-01
7.785789622176400027e-01 5.619771207167372218e-01
9.424844190687825529e-01 5.341110219942110104e-01
1.048356839329978696e+00 4.664846063871254667e-01
1.107569806637172860e+00 3.897098703337753545e-01
1.135548689085807972e+00 3.188361669114923025e-01
1.144918103924221553e+00 2.588493093841597315e-01
1.143939445784621922e+00 2.100432616934844454e-01
2.175732710322210828e+00 -1.301784995585718585e-01
1.192444314710522812e+00 -1.935380912361263639e-01
1.210460330418311470e+00 -2.453753177322411660e-01
1.223095051297683478e+00 -3.130727043626952422e-01
1.221360051157103888e+00 -3.994542637344774549e-01
1.189511103435779482e+00 -5.031558149002927083e-01
1.106018467516815873e+00 -6.165350088640579873e-01
9.262956668676580740e-01 -7.165958205579689988e-01
6.511407963870409210e-01 -7.089097720250541190e-01
2.959328235753755365e-01 -4.462259255919917567e-01
1.283290222774225720e-01 -3.388339364675307074e-03
2.847074748445104220e-01 4.656141778183949254e-01
6.358619682906502257e-01 7.313796992243010164e-01
9.278973814777066176e-01 7.284207616072283509e-01
1.111277179289697825e+00 6.325204066781805468e-01
1.200868360378753108e+00 5.124039802597449844e-01
1.229978215243101358e+00 4.034961548996269798e-01
1.229362519042358937e+00 3.159728386365163177e-01
1.215770001493610586e+00 2.480506325656338107e-01
1.197331164027677142e+00 1.960016583856030170e-01
2.208634126431315625e+00 -9.950481888006879050e-02
1.246848169496665770e+00 -1.620305210170827348e-01
1.286936695344130133e+00 -2.093616458027630911e-01
1.332153715700244989e+00 -2.741886934300158396e-01
1.377382504303377164e+00 -3.641197153852819834e-01
1.402848653803860479e+00 -4.893444616467044761e-01
1.356942364178069127e+00 -6.417795432128842181e-01
1.255809561699284815e+00 -7.797175952525132736e-01
4.516907798668453600e-01 -3.907417851493292793e-01
-4.372356496198655934e-03 -2.127335651904966457e-02
-3.772295836051943463e-02 2.543297136736962644e-02
-1.062576677389339141e-01 2.406852183076853002e-01
3.785340464552181539e-01 5.960103131372949115e-01
1.195009563778690831e+00 8.431421348195490273e-01
1.412633991919453713e+00 6.514533913471501902e-01
1.418735158533592777e+00 4.795335926480576161e-01
1.382046717369683542e+00 3.626118473018224986e-01
1.336661773881146598e+00 2.758810227465686160e-01
1.291885022121153304e+00 2.116433813381977669e-01
1.251871272915590527e+00 1.642081780091841636e-01
2.233697218527265882e+00 -5.813493031256049270e-02
1.294972273049380007e+00 -1.108645137719426466e-01
1.357372703792062207e+00 -1.421062496785979734e-01
1.438141545728541137e+00 -1.833193325424045117e-01
1.541963582608204764e+00 -2.362688603193932035e-01
1.672234698703403577e+00 -2.953607771082960021e-01
1.811593607728190891e+00 -5.388615502416496117e-01
2.997487187758835631e-02 -5.509107215373178212e-02
-1.890266868135798833e-02 -1.343287401916079711e-02
-5.599395251209388427e-03 6.751871781195322407e-03
-1.216170537505576951e-02 9.532001884662692076e-03
-1.166536230383693161e-02 1.843949274944862646e-02
-3.252564542842186629e-02 3.542178054921168301e-02
8.504485244343784611e-02 1.275348470605918317e-03
1.638911407616745031e+00 4.421511760137579738e-01
1.637502359310180955e+00 3.423787139278345326e-01
1.538364202822448901e+00 2.483538822007576308e-01
1.441309048077520361e+00 1.882587358965965574e-01
1.362354057973095278e+00 1.450748497482796939e-01
1.300318317454864259e+00 1.130020732548143308e-01
2.246741163254964757e+00 -9.334262387088782323e-03
1.327939441093391348e+00 -4.269689145569856292e-02
1.406052923559185430e+00 -4.662537523251743254e-02
1.511345365924702033e+00 -4.378419624840133167e-02
1.653635434142179061e+00 -2.524432712011469987e-02
1.855520576480503836e+00 1.510654227326622620e-02
2.046671661217986382e-01 -1.432835483142222699e-01
-7.998059746416933541e-03 -2.220043521909080293e-03
-1.124662826061625064e-02 -1.123418341701589709e-03
-1.231327477526720192e-02 2.274648115118586746e-03
-1.549112210563102603e-02 6.738142888847570115e-03
-2.047870287061828026e-02 1.124331157574904282e-02
-3.103947395204320614e-02 1.299139054536744241e-02
-4.476193265331938897e-02 -3.983391013952171421e-05
1.506164720540253132e-01 8.785276286319408656e-02
1.811519785825935980e+00 -3.264252718139044884e-02
1.663090341184294774e+00 2.924137819575656563e-02
1.518976289765281651e+00 4.912890900487328766e-02
1.412696366102916601e+00 4.975982908706073904e-02
1.334109851497391031e+00 4.458707146309320857e-02
2.245365145736334611e+00 4.173143030104010942e-02
1.338644863988499578e+00 3.489569464238085478e-02
1.420236536367486258e+00 6.455825610652818347e-02
1.528567347693412959e+00 1.241759670062945187e-01
1.665797556407422553e+00 2.461198062362957295e-01
9.465706777491771362e-01 9.199625787734506954e-02
1.280376541067786145e-02 -1.695606675989395559e-02
-8.762901451044326911e-03 -8.208989698810833721e-03
-1.373954049071656608e-02 -3.789271006622687947e-03
-1.629529080074937700e-02 -9.628344744224402209e-05
-1.902175224095701070e-02 3.213148512040614642e-03
-2.283928216756201182e-02 5.367794988465462644e-03
-2.767734798222584724e-02 4.673308903264712308e-03
-3.002498377068288371e-02 -1.495763492920535657e-04
-3.042990808733737201e-02 3.822149600067663473e-03
8.180945082380158828e-01 -7.154172148964165097e-03
1.682448663912540887e+00 -2.359060244074485113e-01
1.538721745557788401e+00 -1.208714637445245099e-01
1.428658597963392785e+00 -6.286525717556427917e-02
1.345783345929671526e+00 -3.392212622503974068e-02
1.247635134952204128e+00 1.138906894192327768e-01
1.324496283408273856e+00 1.111616630195910588e-01
1.395333195886263589e+00 1.724160813918460544e-01
1.480902798547343080e+00 2.837453084701480610e-01
1.565428739648089040e+00 5.050966915424675019e-01
2.086490440029931948e-01 5.019837627051423196e-02
-2.418662689830086351e-02 -2.162605164081689291e-02
-1.712726817050545108e-02 -1.250716052994858135e-02
-1.825280852408697405e-02 -6.171395086939770146e-03
-1.976668909205032618e-02 -2.149203554081459237e-03
-2.150115150815509399e-02 6.645262235610829762e-04
-2.359734495557381725e-02 2.109856492714972786e-03
-2.568997466629172402e-02 1.705331243729475872e-03
-2.691207386143743344e-02 -1.242273631142109831e-04
-2.302655887429088180e-02 -8.755125832197632307e-04
5.083004206391428595e-03 -2.339858626427291158e-02
1.575320914120955207e+00 -5.062793149565033568e-01
1.493253943411303242e+00 -2.860338177466726917e-01
1.404884249559318121e+00 -1.733168272999386361e-01
1.332244010485802432e+00 -1.117017690596277396e-01
1.245108992882204113e+00 1.243625483977703200e-01
1.288585776941965300e+00 1.754921009947760235e-01
1.337918750829936609e+00 2.582600061414746517e-01
1.382847896803326648e+00 4.000706414126992683e-01
1.375810251446655474e+00 6.508007015627379488e-01
-1.677703215732894437e-01 -1.532755592882212026e-01
-2.530499787308237991e-02 -1.925908787734505884e-02
-2.370222777243063267e-02 -1.150545510427658687e-02
-2.278562271215849727e-02 -6.707772812919120774e-03
-2.297063055935281636e-02 -3.152448828282542782e-03
-2.357982356488487821e-02 -6.057782944257001419e-04
-2.420055250567611574e-02 7.684263155560542733e-04
-2.461156171349406646e-02 6.343133502467853064e-04
-2.513418253038008851e-02 -1.137027156953566986e-03
-2.941210762678145990e-02 -5.253023314859277433e-03
-1.494712833757248826e-03 -2.163704223766155926e-02
1.401682837843385210e+00 -6.790456768527538545e-01
1.394772487363073354e+00 -4.086473388648220739e-01
1.347279775290181281e+00 -2.622922260436553188e-01
1.296267997738076438e+00 -1.777770248197418912e-01
1.210733702632865727e+00 1.618589372481853972e-01
1.238419873974012209e+00 2.208724230115782228e-01
1.262578632663602374e+00 3.112377347409035488e-01
1.266858314697330901e+00 4.545813262051409676e-01
1.214427783625116719e+00 6.785176700421343687e-01
6.310215605965917574e-01 4.358602592957579458e-01
-3.056007116235645235e-02 -1.136231714120595690e-02
-2.820961001443062638e-02 -9.071588455438428511e-03
-2.628192993265267632e-02 -6.018422866106585591e-03
-2.581819404307245450e-02 -3.246395040801540975e-03
-2.563683946253641002e-02 -7.579059503474357444e-04
-2.507090108183317873e-02 9.726097998660601434e-04
-2.371646090496872666e-02 1.282639250617577387e-03
-2.167809300787484211e-02 -8.676950871099261848e-04
-1.920448430414776336e-02 -7.348047343819717400e-03
4.218023588655288314e-02 3.965811859721189020e-02
1.191655926883743888e+00 -7.321406762527952194e-01
1.274378860314747008e+00 -4.683939857133223028e-01
1.270312605466106914e+00 -3.176376994680147892e-01
1.245322034260404997e+00 -2.246064463139350875e-01
1.170795715311936602e+00 1.858946676393249398e-01
1.182877746922423867e+00 2.454606382117717756e-01
1.184823545448472570e+00 3.313501667520186156e-01
1.160068690746483666e+00 4.578882261275328824e-01
1.070189376901705014e+00 6.552739852419280364e-01
7.671334554711685128e-01 8.063234444910938326e-01
-3.663401732964410851e-02 -1.277622446138125534e-02
-3.028890312644085328e-02 -5.198155427434856916e-03
-2.829633075794615524e-02 -5.258373579613338442e-03
-2.845437809956081338e-02 -3.113324602110169662e-03
-2.815976674323527468e-02 -1.949017340324695011e-04
-2.674569499746983631e-02 2.571240042459013546e-03
-2.355384760838374544e-02 4.224935083697359782e-03
-1.836617799455000921e-02 3.581029324623979070e-03
-9.524772368451376106e-03 2.024213998355288164e-03
7.824992104541748095e-01 -8.809659052087628339e-01
1.053881463127810170e+00 -6.683931392111978065e-01
1.162413731109179560e+00 -4.701013290548309298e-01
1.190301174465582923e+00 -3.383564764933123525e-01
1.188598515366764197e+00 -2.499526674014119487e-01
1.130187293819722161e+00 1.970737460708175681e-01
1.129341275710657122e+00 2.517266052246634467e-01
1.115177501495743240e+00 3.257109495649065378e-01
1.073495941298715506e+00 4.266431484750292658e-01
9.721333993135027329e-01 5.672868448185094392e-01
7.206735553287694218e-01 7.607522894906348920e-01
1.122374066829521545e-02 7.621706082735357768e-02
-2.149911759623693297e-02 -3.953564588974818259e-03
-2.961097662943499090e-02 -7.271331967681431314e-03
-3.167860405052631834e-02 -3.487562558558388384e-03
-3.177424454001751691e-02 4.652015676824888465e-04
-3.025449778071289883e-02 5.221712077727733853e-03
-2.551964478126902969e-02 9.760429746136840834e-03
-1.742728099006857906e-02 1.010179718253970127e-02
3.610291755479199532e-02 -5.452829354596804706e-02
7.267052836446225017e-01 -7.481329413824838737e-01
9.682873608590217840e-01 -5.710924281877912678e-01
1.074633002013523297e+00 -4.345588425822614620e-01
1.119020738221322198e+00 -3.319081501353296493e-01
1.133940761919785878e+00 -2.562955750386885501e-01
1.092530373424047241e+00 1.976356876332106827e-01
1.082436798416249735e+00 2.443130341211876277e-01
1.058644664294215776e+00 3.034383219340573423e-01
1.010698708762767239e+00 3.773366295693111327e-01
9.193758381367418409e-01 4.670972438086937184e-01
7.470518370464576119e-01 5.671124126588937830e-01
4.471773013996248602e-01 6.487124237917365477e-01
-1.596853139894446605e-01 -1.075437673249425713e-01
-3.754742892676428412e-02 -8.207224703140548333e-03
-3.616913016161670685e-02 -2.741165082212880869e-03
-3.647011992779562728e-02 -7.151092484863762373e-04
-3.711829722956447308e-02 7.864498656639823393e-03
-3.480137042376326567e-02 1.416891874357117942e-02
-1.067187848211435530e-01 1.524725654237259198e-01
4.778210675919001282e-01 -6.460826242114114937e-01
7.545082206992828056e-01 -5.629637554317753478e-01
9.199734613874993583e-01 -4.701892108447929819e-01
1.012347423845635808e+00 -3.827826204997219484e-01
1.061734202595335352e+00 -3.085888692265739142e-01
1.086224998758896776e+00 -2.486034420711947246e-01
1.059909945050484081e+00 1.904943369179667167e-01
1.044159919621639343e+00 2.282127926383171190e-01
1.016079415416615950e+00 2.727965480772576723e-01
9.689466254049833305e-01 3.235708670381341467e-01
8.929864664627328308e-01 3.773394585783321764e-01
7.752823830329588217e-01 4.255524311115531089e-01
6.039724089499441950e-01 4.505745000555556046e-01
3.756543920977431505e-01 4.297024283445174397e-01
1.652769744445492517e-01 3.158656976095901570e-01
-1.824828403401764984e-02 1.715816727037364209e-02
-3.012416488427388864e-02 -7.841587738283389841e-03
-3.676157799653499703e-02 -5.061099977143161677e-02
9.228836798937674335e-02 -3.328652669307484713e-01
3.805279586655627155e-01 -4.434528661187987497e-01
6.134336426569985123e-01 -4.537530867824454694e-01
7.793336996245407988e-01 -4.274275930700305870e-01
8.949298444923727835e-01 -3.808986433161141716e-01
9.710734173559848470e-01 -3.280387765670077505e-01
1.018869709836995208e+00 -2.772171190746924863e-01
1.047425969388024791e+00 -2.321669624966888890e-01
1.033100608973436918e+00 1.784630546335509993e-01
1.014599877542956774e+00 2.076403066198507508e-01
9.858916074760853965e-01 2.397575615178113850e-01
9.430915533397160599e-01 2.729605937487476486e-01
8.817741299310202230e-01 3.033619481014968589e-01
7.981778849330283254e-01 3.240619774863995883e-01
6.920721208261123580e-01 3.249226513422638907e-01
5.709008251147890123e-01 2.949094572308487150e-01
4.526880119156925786e-01 2.275253812420238997e-01
3.607311833058252093e-01 1.248660135866594273e-01
3.245144709374335745e-01 -2.694784823812131341e-03
3.599773244635541269e-01 -1.308381034891432093e-01
4.521149293278956538e-01 -2.356552679372664327e-01
5.742013890916034535e-01 -3.016705021901980310e-01
6.959327031909864347e-01 -3.293481675938628728e-01
8.010053499381321052e-01 -3.277727883445222257e-01
8.840058641293806474e-01 -3.072718117088610312e-01
9.453856685993792253e-01 -2.770582939807273992e-01
9.885077743539487649e-01 -2.437518083507996258e-01
1.017515155744684208e+00 -2.113203632134781629e-01
1.011976884268055876e+00 1.638469125041759344e-01
9.927795346135374066e-01 1.856237764645660981e-01
9.655806169074178102e-01 2.078757986619721998e-01
9.283540523265002564e-01 2.285714549844401755e-01
8.794095831751332915e-01 2.443803798883597556e-01
8.183313075291065442e-01 2.505039447112727968e-01
7.473922930628199568e-01 2.411233532867632090e-01
6.728725567217948011e-01 2.109340690342863811e-01
6.052436168177697251e-01 1.575322707204788730e-01
5.571196850486617169e-01 8.349209806904966946e-02
5.396268355780221571e-01 -3.030834518536272559e-03
5.575682511876673964e-01 -8.963959896421296036e-02
6.065110799274144870e-01 -1.635942423194275408e-01
6.749908549823809834e-01 -2.163552658966807207e-01
7.497805068349310265e-01 -2.457526705873209760e-01
8.205914429204009819e-01 -2.546702712936578239e-01
8.815749339131500051e-01 -2.483858067868004726e-01
9.306067856234946367e-01 -2.324808609327317366e-01
9.680279644392760785e-01 -2.116137620756196602e-01
9.954252862467430907e-01 -1.891010328298087517e-01
1.999566330845811368e+00 1.356756212764450298e-01
9.773137437571727260e-01 1.640639129077537117e-01
9.526718503593029075e-01 1.788970021305669733e-01
9.210591788496433896e-01 1.910287108570628278e-01
8.821071800465049018e-01 1.979272779280158712e-01
8.365450008505926904e-01 1.964495439696010703e-01
7.868046022262157324e-01 1.832943474044190779e-01
7.374148773213250463e-01 1.559225930750017530e-01
6.946865192445411674e-01 1.137577236732410929e-01
6.654616822264667331e-01 5.910197474499340881e-02
6.551874432961198869e-01 -2.765427466621520492e-03
6.659927484843274348e-01 -6.458252212149864779e-02
6.957650170744132945e-01 -1.190431618762149424e-01
7.389514442444166109e-01 -1.608447344221336228e-01
7.886028812574278346e-01 -1.878015110283005329e-01
8.384554985650206627e-01 -2.006260662679705820e-01
8.841004567257236824e-01 -2.018740067934599869e-01
9.231710642555202018e-01 -1.947879779665784850e-01
9.549348441613170202e-01 -1.824557692288018840e-01
9.797274070825251480e-01 -1.673870058659505389e-01
1.983211836351722157e+00 1.153394957489576184e-01
1.970234945647169278e+00 1.281295750784843812e-01
1.951111728542681334e+00 1.361316866454024554e-01
1.927934450785344422e+00 1.413767785231717922e-01
1.900933622884691365e+00 1.423039191457934616e-01
1.871025956395937051e+00 1.371948690576539065e-01
1.840010618188035796e+00 1.244864174387511624e-01
1.810589413879310827e+00 1.032304123440874466e-01
1.786085172560820222e+00 7.358710193945314226e-02
1.769825051246906256e+00 3.715308360314809044e-02
1.764314514279905710e+00 -3.080451646709622161e-03
1.770487834667274107e+00 -4.324072894056964905e-02
1.787384800622410230e+00 -7.944783980082896491e-02
1.812445599824652920e+00 -1.087147097013212438e-01
1.842285327249405302e+00 -1.294939198187519125e-01
1.873566844848674862e+00 -1.417022956275032219e-01
1.903621074078149844e+00 -1.463465404184595420e-01
1.930694749644633390e+00 -1.450102767704698481e-01
1.953903708059598454e+00 -1.394070046889434589e-01
1.973032830786214165e+00 -1.310866451987034997e-01
