-1.390770013406550154e+00 -2.065830659087312782e+00
-1.599028925019368996e+00 -1.865702776525693274e+00
-1.607338612012463530e+00 -1.672734904439056924e+00
-1.618482619276908840e+00 -1.479002973815899402e+00
-1.632795417566621055e+00 -1.283432611969896886e+00
-1.650226799349832518e+00 -1.084560010611506975e+00
-1.670027493261337703e+00 -8.806623634279574508e-01
-1.690450843776926115e+00 -6.701492599013469942e-01
-1.708708627409124992e+00 -4.522506327231451961e-01
-1.721482145444762413e+00 -2.277756052102617723e-01
-1.726004714698251119e+00 6.026828420308517290e-04
-1.721203281139223273e+00 2.289228402996488498e-01
-1.708206129432205955e+00 4.532361482484996706e-01
-1.689823177716129887e+00 6.709153046275818655e-01
-1.669375864062273340e+00 8.812148277007105790e-01
-1.649618446682514339e+00 1.084946087434120354e+00
-1.632259442224214263e+00 1.283708848222444576e+00
-1.618021756742465067e+00 1.479217005399707574e+00
-1.606941435518433492e+00 1.672919996936813813e+00
-1.598679016513653517e+00 1.865878130400187240e+00
-1.181170821150665518e+00 -2.070612424389977058e+00
-1.390026393451020414e+00 -1.872482949964956678e+00
-1.398142445509560350e+00 -1.682394915243053957e+00
-1.409934917952853528e+00 -1.492179781708610653e+00
-1.426241204313027700e+00 -1.300547294516153807e+00
-1.447548028069028270e+00 -1.105471223239030021e+00
-1.473446430236425853e+00 -9.041942315252724516e-01
-1.501911956969365303e+00 -6.936633420882054590e-01
-1.528779361382994528e+00 -4.717145728309192210e-01
-1.548327439382822357e+00 -2.388545450590942865e-01
-1.555404476915510426e+00 7.726883749036770038e-04
-1.547907376182967809e+00 2.403075894854821981e-01
-1.528028530107739202e+00 4.728940977715788141e-01
-1.501020103112444826e+00 6.944740818994743492e-01
-1.472589061132161481e+00 9.046849904559606248e-01
-1.446809836741113520e+00 1.105750699071956999e+00
-1.425638410946697743e+00 1.300712933971808871e+00
-1.409450587538621846e+00 1.492300342604052199e+00
-1.397745804590556862e+00 1.682511649266348552e+00
-1.389685790823128819e+00 1.872613704693980807e+00
-9.692526564844770043e-01 -2.073934452607262724e+00
-1.178058505079171425e+00 -1.878301388179571596e+00
-1.184972268548845742e+00 -1.691632519038861249e+00
-1.196332185592359654e+00 -1.505989415222845240e+00
-1.213744070025805533e+00 -1.320043345932874868e+00
-1.238723112763913559e+00 -1.131255846968499013e+00
-1.271912237867335316e+00 -9.355210471360797531e-01
-1.311673583762594797e+00 -7.273079896601873928e-01
-1.352222468223311047e+00 -5.012233603901854462e-01
-1.383348102059332341e+00 -2.562816360052009856e-01
-1.394996776118850423e+00 1.038558613044976084e-03
-1.382691411333465625e+00 2.582225629610825357e-01
-1.351029766769858309e+00 5.026700117967004555e-01
-1.310375980464272949e+00 7.280845204137031956e-01
-1.270807192040089850e+00 9.358312026594511890e-01
-1.237869322486139456e+00 1.131334939282902630e+00
-1.213110605678843879e+00 1.320033478822817630e+00
-1.195869323109980398e+00 1.505979111713151353e+00
-1.184616744630769825e+00 1.691667667526619789e+00
-1.177756084388082991e+00 1.878388919302826254e+00
-7.550958089328001499e-01 -2.074848571683818310e+00
-9.628415484381019906e-01 -1.882011754423180694e+00
-9.670240291521154941e-01 -1.698992171730700385e+00
-9.760079475422800410e-01 -1.518779981937090628e+00
-9.923919998322596747e-01 -1.340414975739307568e+00
-1.019335287717363148e+00 -1.161227047830973413e+00
-1.059741311878852121e+00 -9.758412280810987438e-01
-1.114184002431765519e+00 -7.751520254933734755e-01
-1.176792396532672758e+00 -5.470989082865853614e-01
-1.228507729549102923e+00 -2.847419436502715007e-01
-1.248923944682752918e+00 1.390785551216590019e-03
-1.227467409164489043e+00 2.874503110599163080e-01
-1.174676150006399356e+00 5.488519968284879536e-01
-1.112303585868958500e+00 7.756340509657156934e-01
-1.058467269696229396e+00 9.757504374578493955e-01
-1.018435446658724430e+00 1.160999035884591635e+00
-9.918094562523308566e-01 1.340143913955800015e+00
-9.756598816837814825e-01 1.518602655952172809e+00
-9.667792634257782458e-01 1.698951181342978289e+00
-9.626162378666194286e-01 1.882076852628158159e+00
-5.391896395877910919e-01 -2.072286492890687448e+00
-7.445379581862386908e-01 -1.882099899989154501e+00
-7.439612809705130614e-01 -1.702263195447776711e+00
-7.475513041059161923e-01 -1.527551225084287534e+00
-7.588720101898646098e-01 -1.358090273190059705e+00
-7.833682537658517298e-01 -1.191913550958172197e+00
-8.273683172135918307e-01 -1.023083540753378706e+00
-8.974378591536983363e-01 -8.400145471053623858e-01
-9.911525992707471699e-01 -6.191967042398668353e-01
-1.083310928238466975e+00 -3.318572845991303311e-01
-1.123370912696995072e+00 1.138036929831499379e-03
-1.083443167364062765e+00 3.367120794098596992e-01
-9.879385825689812606e-01 6.215413911207509079e-01
-8.956211821298964981e-01 8.387578678448219804e-01
-8.262863749338887898e-01 1.022817423135077064e+00
-7.823417466298815404e-01 1.191219689053605091e+00
-7.585532664047323070e-01 1.357378500196479099e+00
-7.475266298728119319e-01 1.527209834055676785e+00
-7.439318680690962804e-01 1.702211512428020601e+00
-7.444263096353829212e-01 1.882200766166737260e+00
-3.225616734628978799e-01 -2.065261647405935541e+00
-5.240734834155795774e-01 -1.876865623548428896e+00
-5.165357619225351415e-01 -1.698573261908685961e+00
-5.108174995629878312e-01 -1.527611403269796497e+00
-5.104724329343324207e-01 -1.366084674482683781e+00
-5.234710953119663390e-01 -1.215108126344889961e+00
-5.656095463986461347e-01 -1.068146885529522860e+00
-6.485271970389858698e-01 -9.055695902593514646e-01
-8.522358605919412300e-01 -5.893234096173733949e-01
-9.681847134498264840e-01 -2.735771112241992542e-01
-1.009757619874839030e+00 8.066506687266957951e-03
-9.965426131946035770e-01 2.836318718356256041e-01
-8.533295976600669963e-01 6.121154084541484686e-01
-6.555193745648444370e-01 9.054775087978910175e-01
-5.596859460113428053e-01 1.067184921977089695e+00
-5.230513605162202539e-01 1.211987343312724397e+00
-5.115229128948639570e-01 1.364886399988066490e+00
-5.114991238451023214e-01 1.527413314876310713e+00
-5.167975180781217981e-01 1.698716900004462627e+00
-5.240675512424270988e-01 1.877108645282721922e+00
-1.067917733590740270e-01 -2.053177223999377077e+00
-3.033857893967948360e-01 -1.864886073218350981e+00
-2.873142068382388281e-01 -1.685064087517499587e+00
-2.688820423804829662e-01 -1.513215113339270168e+00
-2.495651351756961733e-01 -1.352473617696778874e+00
-2.342880900600625427e-01 -1.206182543190814194e+00
-2.827673940855199297e-01 -1.079412431238838010e+00
-6.787282733820347858e-01 -7.224925039412611882e-01
-8.014207376377955327e-01 -4.051563836290003606e-01
-8.029438371563848431e-01 -1.994840300423057211e-01
-8.046871797833698992e-01 -1.770414356239808046e-04
-8.027381606028058947e-01 2.004912782879825217e-01
-8.020465014927229408e-01 4.051297899236689370e-01
-6.503115913174944973e-01 7.409172151242329196e-01
-2.781893050741776063e-01 1.064889087803499113e+00
-2.442578422458934195e-01 1.208299452822070519e+00
-2.528358840864919355e-01 1.353901094814067285e+00
-2.700724695231703221e-01 1.514090723439471153e+00
-2.876807356356000933e-01 1.685703056735151195e+00
-3.033689941809376567e-01 1.865375246996106462e+00
1.061713476974252002e-01 -2.036158225547051170e+00
-8.532745307273920110e-02 -1.845702046005694319e+00
-6.078684092607095080e-02 -1.660284126397291171e+00
-2.894712803238166932e-02 -1.480739590589627674e+00
1.126466103610976321e-02 -1.309720412576238058e+00
4.930122067501310767e-02 -1.152458881898078547e+00
-3.708353954193461810e-01 -9.404301826392527097e-01
-6.020178659245669639e-01 -6.030288923182014482e-01
-6.035074324325598871e-01 -4.015771142411120875e-01
-6.040737766272179510e-01 -2.004623198180603139e-01
-6.044971088814575788e-01 2.914756619169672791e-05
-6.043091403623078728e-01 2.005953387897174978e-01
-6.041858789643294037e-01 4.015122815449732041e-01
-6.020391577383202852e-01 6.022338640666575760e-01
-3.713714604384623086e-01 9.194722424284950124e-01
4.789282345492010262e-02 1.150849845503500335e+00
1.047761648583081517e-02 1.312240843034346627e+00
-2.938018206519016351e-02 1.482584848000738198e+00
-6.079276845806308449e-02 1.661415976472738310e+00
-8.509521002525022304e-02 1.846420969535868872e+00
3.144070710413087166e-01 -2.015264585052091828e+00
1.269340244735380763e-01 -1.820403199944063743e+00
1.576168849511422332e-01 -1.625453305407120519e+00
1.995453109666825708e-01 -1.430879592455362115e+00
2.556169784453166116e-01 -1.234183209905921119e+00
1.011642474119181928e-01 -1.045429339697752313e+00
-3.956613172203390927e-01 -8.069861970251280825e-01
-4.031561938089257557e-01 -6.022533993396353980e-01
-4.043899813091815787e-01 -4.013160999914250349e-01
-4.047789884561752705e-01 -2.006082523561320552e-01
-4.049475616707171044e-01 -4.659311502909682233e-05
-4.049321125769336227e-01 2.004513015590363989e-01
-4.047436329256932641e-01 4.009296622281143807e-01
-4.038930557189785997e-01 6.016093888816501645e-01
-3.994752871503244318e-01 8.043393919112719059e-01
9.981892803911544820e-02 1.049115467253634915e+00
2.558024802808829268e-01 1.239244578904020955e+00
2.002052245236203842e-01 1.433167837313760185e+00
1.582886550243632340e-01 1.626738976660124791e+00
1.275410301019722359e-01 1.821179763893489234e+00
4.674336092051214475e-01 -1.991203004433056645e+00
3.308898265900217517e-01 -1.791751935285614605e+00
3.633015169830105529e-01 -1.585051151669765401e+00
4.075898126313590164e-01 -1.371313821618335371e+00
4.653479639481271080e-01 -1.140707296060238685e+00
1.207206983278157342e-01 -1.009074546577321430e+00
-2.020496862559872930e-01 -8.035709503129456754e-01
-2.045597090396089335e-01 -6.023204634487534515e-01
-2.051775773301137418e-01 -4.013500909132854955e-01
-2.054059905921596929e-01 -2.006528077450349945e-01
-2.054629397412244263e-01 -8.077262788840544518e-05
-2.053940114825842933e-01 2.004024363616302429e-01
-2.051630520117327938e-01 4.008057043678647235e-01
-2.045505650753476623e-01 6.011656587998438495e-01
-2.013500774920021774e-01 8.021085987669716033e-01
8.992894342474859470e-02 1.003769484619468022e+00
4.705612928556496266e-01 1.143072769394194221e+00
4.100582811861203658e-01 1.372811831176125263e+00
3.647438788097447926e-01 1.585972861984912718e+00
3.318874613599524515e-01 1.792334604469100867e+00
5.035383800085712069e-01 -1.974391381485166352e+00
5.256627394922394059e-01 -1.763579710958761648e+00
5.547141363681213910e-01 -1.545773676641478467e+00
5.923653316405348424e-01 -1.314546267979974647e+00
6.343840180508826254e-01 -1.057814935465233530e+00
3.065928333239055781e-01 -9.606223969374807492e-01
-3.807572318459523895e-03 -8.032243658966498057e-01
-5.588488611076026548e-03 -6.020421469668444381e-01
-5.933553645462908213e-03 -4.012658296191084495e-01
-6.026119609662069013e-03 -2.006074342865649118e-01
-5.992088552955122244e-03 -3.257434436869534712e-05
-5.836325670860629047e-03 2.004612748899379793e-01
-5.504740275477424880e-03 4.008538900073318478e-01
-4.795793473219661825e-03 6.010781334835523237e-01
-2.487742493452895550e-03 8.008432827111180430e-01
2.493542832971399892e-01 9.647361759686376992e-01
6.385509252556871296e-01 1.055967678311961810e+00
5.953950807356889197e-01 1.313962071080555738e+00
5.565404846605431777e-01 1.545852662906249675e+00
5.268830064618975628e-01 1.763764107829850492e+00
6.946303485598986915e-01 -1.956053586112481479e+00
7.123824354029626438e-01 -1.739596622233869683e+00
7.341491331266233322e-01 -1.513954216579318279e+00
7.592104138020738802e-01 -1.272115364927826286e+00
7.808152752875126001e-01 -1.002787871866815284e+00
5.891914911899068796e-01 -8.743667784691021572e-01
1.960364921529377247e-01 -8.013907928791194069e-01
1.937868601720827699e-01 -6.015628077277753727e-01
1.934257421259223675e-01 -4.010760320039357119e-01
1.933689855046799577e-01 -2.004805932539689695e-01
1.934672893104791014e-01 9.330326980165669446e-05
1.936951288606825750e-01 2.006138825845026341e-01
1.941513126552479040e-01 4.010586611853101946e-01
1.951517082306060691e-01 6.013046701816958661e-01
1.983917515461282588e-01 8.008589515489891175e-01
4.839131049871798762e-01 9.187195071434895999e-01
7.822601411927142534e-01 9.909269397693839521e-01
7.614217983425171088e-01 1.269887001072677046e+00
7.357489712076097366e-01 1.513241356958554329e+00
7.135623862368518644e-01 1.739364394076588605e+00
8.816746105623805008e-01 -1.941862698300024670e+00
8.936951134000833408e-01 -1.722266577647020735e+00
9.065119669989566420e-01 -1.493226896429707296e+00
9.175922573325953069e-01 -1.248766321667764911e+00
9.192910368192712678e-01 -9.777217059263194621e-01
8.468776666840921452e-01 -7.076823383811859935e-01
3.983608317666531562e-01 -7.998741913483290444e-01
3.937108511566921321e-01 -6.010452269074464393e-01
3.928977007032594115e-01 -4.008743647235948337e-01
3.927759963001264398e-01 -2.002849627502067686e-01
3.929218851540707824e-01 2.728743002438423649e-04
3.931813541959539027e-01 2.007996828279924595e-01
3.937172055387156422e-01 4.013301453305913591e-01
3.950763927516302010e-01 6.016473201647040137e-01
4.006625234150771875e-01 8.007650897901861242e-01
8.444697738424993272e-01 7.017214799466719999e-01
9.156479675046768074e-01 9.737146492922561514e-01
9.181498934343192975e-01 1.246397425813794424e+00
9.075353863490525086e-01 1.492190306706908665e+00
8.946482083208335823e-01 1.721777802185566308e+00
1.066579028968754006e+00 -1.932546375396271499e+00
1.072758319557887141e+00 -1.712340577816105602e+00
1.077105265357277242e+00 -1.483965972172436754e+00
1.076127594487143346e+00 -1.243379791928958422e+00
1.061381123093401602e+00 -9.840183329647025356e-01
1.008386619903320902e+00 -6.998695626830271355e-01
7.299221068498225051e-01 -6.599836390089256488e-01
5.948968266394344395e-01 -6.002281103673909879e-01
5.922796242845401737e-01 -4.006104074045516161e-01
5.922022801189371632e-01 -1.998749406303649556e-01
5.924702297998304390e-01 4.750927205616808902e-04
5.926764677310719653e-01 2.008512249413643980e-01
5.931712093780673323e-01 4.013530147096669998e-01
5.956478836928601472e-01 6.011371728659323788e-01
7.312575650595367627e-01 6.646075297644195023e-01
1.005928614411939925e+00 7.038742639598527528e-01
1.059556406868946254e+00 9.835078410620505807e-01
1.076010423413352068e+00 1.242077778435137558e+00
1.077661240924572716e+00 1.483075245009580545e+00
1.073461659783535360e+00 1.711794918868324133e+00
1.251153272842050912e+00 -1.927944826672275846e+00
1.252319274706956698e+00 -1.709104480396603787e+00
1.250057098880872131e+00 -1.484166887118673950e+00
1.240915511439671048e+00 -1.251186953704774840e+00
1.218200510610794263e+00 -1.008145852956102262e+00
1.168399105320826914e+00 -7.548448639615509270e-01
1.067074409675559110e+00 -5.075773483864435276e-01
8.660661241465106297e-01 -5.008331349486363493e-01
7.917444781418703226e-01 -3.974609538684440446e-01
7.921789499121951739e-01 -1.984080800060812055e-01
7.925246183363257035e-01 4.287190338254614607e-04
7.925547633640704914e-01 2.003452785554496463e-01
7.928663039950726299e-01 3.986022900716405526e-01
8.736705412106877677e-01 4.950820122917079513e-01
1.074955020562640140e+00 5.078749638813853107e-01
1.169665980493681534e+00 7.577200484139763326e-01
1.217817786430057225e+00 1.008383227922876380e+00
1.240918729585704039e+00 1.250598752067878738e+00
1.250434460943877557e+00 1.483540199199868015e+00
1.252856240665593202e+00 1.708613364640093391e+00
1.436768685110825228e+00 -1.927291692598525508e+00
1.434212211922315294e+00 -1.710995679186406271e+00
1.427651813910478351e+00 -1.490753389752271119e+00
1.414343066651959857e+00 -1.266158202308710568e+00
1.389969300178730327e+00 -1.037694708594405713e+00
1.348319390862136924e+00 -8.082853955725469719e-01
1.282992272932718558e+00 -5.860504673437079148e-01
1.190305972836825932e+00 -3.846293395247459279e-01
1.093857883113225293e+00 -2.359224593269759751e-01
1.014624046901053012e+00 -1.400592263720467079e-01
9.957117007600253533e-01 -2.090839096548549256e-03
1.017221465788980872e+00 1.285993851145435241e-01
1.082787911767340239e+00 2.283615009666145612e-01
1.193035934499586670e+00 3.809786186211117087e-01
1.285800196027429676e+00 5.859462446103134159e-01
1.349424776937032666e+00 8.088753683842597741e-01
1.390258542444387624e+00 1.037733060203586355e+00
1.414580954938029267e+00 1.265803555531906488e+00
1.428014927398791878e+00 1.490296567749252343e+00
1.434668597664445544e+00 1.710573832426120822e+00
1.624241466846609416e+00 -1.929552160282964168e+00
1.619293153518629236e+00 -1.716246673227927344e+00
1.610485586510093325e+00 -1.500778463046466005e+00
1.595942901912061451e+00 -1.283567906009831283e+00
1.573258602008722029e+00 -1.065979008168574271e+00
1.539917626290943087e+00 -8.510572846540939151e-01
1.494653491844274873e+00 -6.441780235846894520e-01
1.439886203541612897e+00 -4.526086075999608549e-01
1.384577995604901801e+00 -2.825583292122033074e-01
1.341403358349872788e+00 -1.339811507139526681e-01
1.324809477415862080e+00 -7.236121980539880283e-04
1.341584394836375704e+00 1.330348450239035862e-01
1.384426928324728356e+00 2.808298551425345013e-01
1.440959749489520547e+00 4.511711812700518465e-01
1.495892959580183978e+00 6.436272249389591860e-01
1.540722958169513435e+00 8.508811992934045554e-01
1.573726970328313435e+00 1.065759892037831280e+00
1.596310214267433469e+00 1.283230454297292100e+00
1.610869229986780393e+00 1.500389335951079595e+00
1.619713830946654554e+00 1.715868997145812980e+00
1.813893977427734505e+00 -1.933703325171028498e+00
1.807669602000328002e+00 -1.723321230229263090e+00
1.798105506561895162e+00 -1.512051517127511735e+00
1.784062385038696741e+00 -1.300622174635466699e+00
1.764371395940611098e+00 -1.090460786394144233e+00
1.738266811001256684e+00 -8.839512205241417675e-01
1.706185784926744553e+00 -6.844391879763757069e-01
1.670767860944539995e+00 -4.955815071336420741e-01
1.637361687538880561e+00 -3.197783876750519561e-01
1.612994900140315435e+00 -1.563214012661261199e-01
1.604034551500369998e+00 -5.782766707606082617e-04
1.613144236891412842e+00 1.551713850667894856e-01
1.637723274117814931e+00 3.186347375023568240e-01
1.671406563966261194e+00 4.946300938816105552e-01
1.706898841390388721e+00 6.838018280846070995e-01
1.738867085488343678e+00 8.835220228321651881e-01
1.764840522870957162e+00 1.090093526508215449e+00
1.784464510274198723e+00 1.300251240696908450e+00
1.798494760170067153e+00 1.511677030557577961e+00
1.808067582220172831e+00 1.722962830375680321e+00
2.055882902282329283e+00 -1.939525083379796566e+00
1.999014408392887798e+00 -1.731088848699756655e+00
1.989627733955909417e+00 -1.523209036363943669e+00
1.976923705530160946e+00 -1.316005344563511592e+00
1.960445641584093845e+00 -1.110670854725251955e+00
1.940196615734645524e+00 -9.088788812604721157e-01
1.917045462566687286e+00 -7.126206090842470697e-01
1.893090405757352102e+00 -5.237177728362526485e-01
1.871656272833280399e+00 -3.430150775750549497e-01
1.856633773500074192e+00 -1.695894711777156671e-01
1.851251604295665487e+00 -4.944530303764175854e-04
1.856782174327542112e+00 1.686167212602023291e-01
1.871957726696826363e+00 3.421015190126025507e-01
1.893521484915871911e+00 5.229268449537124441e-01
1.917530632384516043e+00 7.119862093815622073e-01
1.940662434716789786e+00 9.083716310211558120e-01
1.960866788312307651e+00 1.110236419545442610e+00
1.977311874360468735e+00 1.315605770379397299e+00
1.990003087103846990e+00 1.522831913229307332e+00
1.999389260672493673e+00 1.730735957947528991e+00
2.349271861206803980e+00 -1.945310998371014399e+00
2.293128669371099715e+00 -1.739986206047161144e+00
2.284631664590138111e+00 -1.534800057890853831e+00
2.273815651640342939e+00 -1.330631718880796566e+00
2.260597437983908886e+00 -1.128367393920665540e+00
2.245263105471214438e+00 -9.290998003719624920e-01
2.228655250680388278e+00 -7.339677350834015179e-01
2.212278392614989375e+00 -5.438453426066733876e-01
2.198189472868674166e+00 -3.589337237596508801e-01
2.188592561048031460e+00 -1.784242017249960677e-01
2.185214314477975428e+00 -4.521544909080983730e-04
2.188711613931109135e+00 1.775345941632483215e-01
2.198421520960406106e+00 3.580901672243892997e-01
2.212603647102582283e+00 5.430791535262552427e-01
2.229038292264916343e+00 7.332965988428475912e-01
2.245667690607483724e+00 9.285185201122557741e-01
2.261002298418969492e+00 1.127856505973832135e+00
2.274215738661448327e+00 1.330172554448152855e+00
2.285029544136913060e+00 1.534382000913923516e+00
2.293527103200531325e+00 1.739605462128139823e+00
