2.062286450899097456e+00 -1.512906892862294905e-01
1.035302530393938270e+00 -1.876656577088599009e-01
1.015866075120219314e+00 -2.143363150715904830e-01
9.867712393679389793e-01 -2.409945277461862934e-01
9.455708664375344075e-01 -2.642553539186976996e-01
8.906235185126398779e-01 -2.786712616754141170e-01
8.225871301040308392e-01 -2.766357035628416172e-01
7.465459157855196537e-01 -2.494087395612555880e-01
6.738621264184952997e-01 -1.904536511122440212e-01
6.206486056648760075e-01 -1.007934160101956605e-01
6.015844077841636661e-01 8.133741931230488442e-03
6.229553675347332398e-01 1.170391078548732311e-01
6.787441221294968630e-01 2.061523979944336615e-01
7.537107295205781599e-01 2.637779544406398391e-01
8.314165329223397460e-01 2.892073336836761821e-01
9.004227955903053582e-01 2.892459026923878684e-01
9.556806513741326059e-01 2.729158817492809974e-01
9.967183294194181808e-01 2.480195598388863498e-01
1.025385194842290293e+00 2.200601822451433154e-01
1.044283227644318579e+00 1.923930270102051365e-01
2.091892257165341107e+00 -1.526996362096620929e-01
1.069501778708094042e+00 -1.997879389642749914e-01
1.054536568692583609e+00 -2.348118993992910353e-01
1.028349046082454255e+00 -2.728922015000424528e-01
9.865030382100016260e-01 -3.107151179970404908e-01
9.245320611611023143e-01 -3.417317026772701549e-01
8.399748619615624579e-01 -3.550584322160268425e-01
7.360885895644841970e-01 -3.354773316672209349e-01
6.279909859071826084e-01 -2.670948809049648598e-01
5.441614104353843517e-01 -1.463958592859413987e-01
5.126844240805935593e-01 9.014620408157906009e-03
5.468320367368565416e-01 1.649670968737922960e-01
6.345128542731227617e-01 2.850389438296075384e-01
7.455498828383679832e-01 3.513589612031598475e-01
8.514528957539876375e-01 3.684194429863574261e-01
9.369023392447743959e-01 3.522908000633843684e-01
9.987635379816405257e-01 3.188181837396082408e-01
1.039956172235823262e+00 2.791012093530494953e-01
1.065279435715460910e+00 2.396602625518579888e-01
1.079373731533372016e+00 2.036928311627859978e-01
2.125246752412026208e+00 -1.466059066409549638e-01
1.112154994320049495e+00 -2.046975934109652728e-01
1.106016485243880521e+00 -2.478446202847552071e-01
1.088531243974129037e+00 -2.984279799715517933e-01
1.052964589131415440e+00 -3.543151465151404556e-01
9.905817766081274067e-01 -4.091715590899664412e-01
8.927078735012271560e-01 -4.492315653020144128e-01
7.562449608893963005e-01 -4.516559174805266919e-01
5.931484174618623095e-01 -3.817094508231283490e-01
4.560765724370168805e-01 -2.184434412312635243e-01
4.013458320210924191e-01 9.624148885511921506e-03
4.590931891106044271e-01 2.406960357477388734e-01
6.028546533294281140e-01 4.021514344345189507e-01
7.689986431044097959e-01 4.691993509985342148e-01
9.083839351982992971e-01 4.628738118252238021e-01
1.006401082926525525e+00 4.187293001288581173e-01
1.067765336637892526e+00 3.609614170246503995e-01
1.101870570615221867e+00 3.030864858928926653e-01
1.117875311726667764e+00 2.512946194676404787e-01
1.122757858864845248e+00 2.074474040906486016e-01
2.160162102724329181e+00 -1.307680000986624902e-01
1.162216264853612291e+00 -1.980747367415147120e-01
1.170315895264432138e+00 -2.468449103319491078e-01
1.169789341141689309e+00 -3.080696094571177546e-01
1.152195248612960521e+00 -3.822287572462556571e-01
1.104318852097853521e+00 -4.660368435644055007e-01
1.006520958537461263e+00 -5.471368169721189112e-01
8.419768692707106927e-01 -5.907286541904340771e-01
6.038880653541003340e-01 -5.535088124175659985e-01
3.663929097077132102e-01 -3.335238975206603618e-01
2.660390381650845071e-01 8.622985076050198802e-03
3.715600023209337244e-01 3.644155425090606082e-01
6.172998626283343615e-01 5.728229647494624821e-01
8.632136106773932172e-01 6.116920207780840446e-01
1.028105474590317536e+00 5.577685114563004642e-01
1.124108074800475032e+00 4.729017678547542403e-01
1.169764553134014395e+00 3.859358496749088485e-01
1.184535323546233920e+00 3.100681468808557661e-01
1.182816487700955044e+00 2.482877518355617597e-01
1.173167896031537705e+00 1.993802662407563320e-01
2.193128136895416080e+00 -1.037551623558502500e-01
1.216350236703128473e+00 -1.753339151021186260e-01
1.244099514342860591e+00 -2.237422004795591723e-01
1.270310308349068329e+00 -2.883200578267855474e-01
1.286474266365163821e+00 -3.734324679120409329e-01
1.275925847319191453e+00 -4.802748063796670741e-01
1.216100950245103451e+00 -6.054312734150454345e-01
1.047740342781632528e+00 -7.346634834521847957e-01
7.688078412081431612e-01 -7.203160398982434431e-01
3.281840621087300791e-01 -5.163914991884448469e-01
1.080007931164225637e-01 3.985696368620041986e-03
3.379429175251313922e-01 5.586415693237134494e-01
7.775407824096968179e-01 7.857216277849066177e-01
1.073241017015283516e+00 7.377750624159313819e-01
1.241313806367632333e+00 6.153116313098763168e-01
1.303646941547918159e+00 4.813281103950264317e-01
1.306071122212920432e+00 3.705581088048621186e-01
1.284676350676410506e+00 2.862657875583585199e-01
1.256068450182095120e+00 2.228752919567370816e-01
1.227031638420487347e+00 1.751809474571688063e-01
2.219685609253148062e+00 -6.584246412352973143e-02
1.268224510458885845e+00 -1.330796577838073425e-01
1.318581100199305078e+00 -1.708008898275650833e-01
1.379728570583671265e+00 -2.224065560768057059e-01
1.450027140550860238e+00 -2.956007724130472192e-01
1.513088012123231296e+00 -4.082374883919649977e-01
1.494743935298471715e+00 -5.720217553513757824e-01
1.359737536243911249e+00 -6.858310913745536697e-01
4.926077641279857366e-01 -2.919745654179481953e-01
-1.265084968800280207e-01 -7.678051576609166984e-02
-3.552869553761624916e-02 3.356164975125550815e-02
-3.354057007081091835e-02 3.074753854337005654e-01
4.820983384527936511e-01 6.439880661744177281e-01
1.416896107139507199e+00 7.752049967566482236e-01
1.584700642599607967e+00 5.238415912219877013e-01
1.530044104598255794e+00 3.762414075350525855e-01
1.457890873762716755e+00 2.849424419003385167e-01
1.388919221330407572e+00 2.181815729719406016e-01
1.328500313617318573e+00 1.687995044825842395e-01
1.278104657658793553e+00 1.320186666558251232e-01
2.235479628320816925e+00 -1.962247778737681581e-02
1.308948429361347143e+00 -7.150996399236196621e-02
1.378338154861724840e+00 -8.578358097241835234e-02
1.469590026690315465e+00 -9.966921745031288860e-02
1.587380691266928601e+00 -1.076759134895144826e-01
1.720313563192418016e+00 -1.022196070530601436e-01
1.803878763206161695e+00 -8.805853929662317559e-02
1.582825645758064587e-02 -8.594027319555602729e-02
-1.655066746035679590e-02 -5.378600387910490062e-03
-1.342740088807409943e-02 -3.496319995060167304e-04
-1.540904480174634834e-02 6.606178471571046195e-04
-1.700742053424240258e-02 5.095325172861777351e-03
-1.989040732884960958e-02 -1.498205961526919566e-03
1.006707401520161999e-01 9.802128233854100203e-02
1.744830151277485752e+00 3.429208994247660569e-01
1.723702729598363126e+00 1.609206642515915997e-01
1.588366633172247910e+00 1.204376142277867184e-01
1.475800572139242428e+00 1.013379417429907670e-01
1.387022003839766260e+00 8.501895746541128507e-02
1.318307974427651574e+00 7.033108608547886109e-02
2.237634937995644613e+00 3.022834035798703523e-02
1.329838072595639797e+00 3.665108486080970000e-03
1.407221514605683232e+00 2.183572526826358176e-02
1.508023620620281058e+00 6.117881618401289912e-02
1.635633627689285996e+00 1.420363585437664222e-01
1.757645763488412838e+00 2.868714036956447888e-01
4.314497145536482225e-01 -3.200772286662417060e-02
-2.192314247143859526e-03 -1.906277959427976273e-02
-9.921435388003026559e-03 -3.102975435533682907e-03
-1.365948171585180254e-02 -1.835964241651181529e-03
-1.562422745591731006e-02 -7.749866686200240079e-04
-1.747196674474267228e-02 7.979028348595443082e-05
-1.793410496568977400e-02 1.027695275391281087e-04
-1.555267873491028054e-02 4.181345712580521873e-03
9.059995205434095977e-02 1.291565734553112299e-01
1.774429665864465377e+00 -2.448697464681828251e-01
1.650116908180713438e+00 -1.384811624267291708e-01
1.519993111724577295e+00 -5.892840509983011954e-02
1.417551522548318177e+00 -2.203628184270850499e-02
1.339616166345475978e+00 -5.006317161203643895e-03
2.225723106932565809e+00 7.805421593113531786e-02
1.326177131698812017e+00 8.229533014099253696e-02
1.397446344432599297e+00 1.341508365750317400e-01
1.482561994417639362e+00 2.290397645203683108e-01
1.566779527605662192e+00 4.031533991707074716e-01
6.985484846386397217e-01 2.214966160901040149e-01
-2.005959938962173852e-02 3.281541066471287040e-03
-1.638801580809456232e-02 -9.830708735461567149e-03
-1.384892262236016303e-02 -6.229764417939741457e-03
-1.513707155892876632e-02 -3.814383161226090387e-03
-1.668170603859767814e-02 -2.445290705713475208e-03
-1.819154143681053423e-02 -1.419230074822968408e-03
-1.961191477017884890e-02 -1.377702116454642333e-04
-2.191043121505209523e-02 2.981327494700500378e-03
-2.169571949385442136e-02 1.674910668722259452e-02
9.312494043258122689e-01 -3.590912685830224271e-01
1.588417519085212781e+00 -4.060383194440445598e-01
1.497864004235813340e+00 -2.308476434812491151e-01
1.409705747437167700e+00 -1.363177495600003120e-01
1.336741703459835451e+00 -8.470919977143563651e-02
1.226639170693138325e+00 1.390127773022669655e-01
1.298967932481835730e+00 1.531274684529605745e-01
1.351871453264741785e+00 2.314900979298181727e-01
1.401075673005255151e+00 3.669475885885347677e-01
1.406890031070747948e+00 6.233963644733131471e-01
-3.816861205614779928e-02 -2.649948768391904852e-02
-1.382095535299616290e-02 -8.328444991085860033e-03
-1.629036720627599633e-02 -7.248648812738989720e-03
-1.603346177042680801e-02 -6.380127261578039805e-03
-1.666149525602906786e-02 -5.008017084593851045e-03
-1.777457729530232747e-02 -3.814132998520717091e-03
-1.910595365227757761e-02 -2.909259677062417827e-03
-2.092624977848627291e-02 -2.253375629350881041e-03
-2.441962285837671887e-02 -1.893008522369112653e-03
-3.197624102431139564e-02 -8.370299002203642966e-03
-4.411572577357600333e-02 -1.452928022175163821e-02
1.433739473490556193e+00 -6.252154874624453740e-01
1.416847039569833600e+00 -3.752807797391879419e-01
1.364749869785210734e+00 -2.369887536389715388e-01
1.309837369169797094e+00 -1.573666919342200377e-01
1.222642957802611896e+00 1.487012542932959758e-01
1.254293148061002006e+00 2.073365312437207009e-01
1.282659955269428664e+00 2.994187298287727117e-01
1.288432997049492768e+00 4.501589820524863339e-01
1.204143235638457154e+00 6.866453464100952253e-01
-8.605953101509215830e-02 -6.399670101818814849e-02
-1.766126059603305432e-02 -9.493535359049341468e-03
-1.678491201477593994e-02 -7.057705886693103545e-03
-1.692403558128617938e-02 -6.764274088554092686e-03
-1.779614424386998309e-02 -5.936386123462367159e-03
-1.876625717884676525e-02 -4.879187313449696861e-03
-1.964823387216566714e-02 -4.160278473451302361e-03
-2.081741785609625764e-02 -4.303104371365806466e-03
-2.307281124741247802e-02 -5.711675022646382424e-03
-2.703197423778513908e-02 -5.913019214202595158e-03
3.121258942978559145e-02 -1.498053545203712443e-02
1.217345206956916837e+00 -7.520683463489317155e-01
1.302633419814202220e+00 -4.662091879013430251e-01
1.294566412312602610e+00 -3.084345808386633192e-01
1.264645692408309818e+00 -2.135521054253536055e-01
1.184966261190955050e+00 1.787216178839668435e-01
1.200772990334584733e+00 2.408445886141153403e-01
1.205518413929866250e+00 3.331425302783733722e-01
1.177389586594890680e+00 4.732931447656853474e-01
1.079174328627179547e+00 6.851142905659188820e-01
2.120862199127434844e-01 4.490874615499155786e-01
-1.831988722698087851e-02 3.882640215466643362e-04
-1.553984299307476467e-02 -6.533728809314750564e-03
-1.715351647810344979e-02 -7.958214277397561431e-03
-1.893757566254338290e-02 -7.093793904479512268e-03
-1.988717925674599388e-02 -5.593126983270515704e-03
-2.001579080798696758e-02 -4.554479061884191514e-03
-1.960245692031538714e-02 -4.994541371352880649e-03
-1.973280844979276305e-02 -8.210177938758323607e-03
-2.272805216475773729e-02 -1.524275519004837480e-02
1.603430245063180160e-01 -3.491261811216397198e-02
1.034627047679007816e+00 -7.361118131489150507e-01
1.184543636134179012e+00 -4.944540368525281449e-01
1.215004125303894567e+00 -3.445588727984736921e-01
1.209863860793070067e+00 -2.485689945686909708e-01
1.144658946542939537e+00 1.953072676081166192e-01
1.146559056327751014e+00 2.544464548024457096e-01
1.133319465187690778e+00 3.371791837391890367e-01
1.085953376583672414e+00 4.543876926565892926e-01
9.597760917483048049e-01 6.322733425031371590e-01
5.820556053626732007e-01 8.540769235225065259e-01
3.032436588544793962e-03 -2.914814744555550841e-03
-1.146409091086661100e-02 -1.058372723541965016e-02
-1.765481476734158395e-02 -1.126997528043753756e-02
-2.098200499569248534e-02 -8.789451069488231350e-03
-2.190671370229645837e-02 -5.843465813575827311e-03
-2.096707324935519895e-02 -3.518606740788520447e-03
-1.811839207899102605e-02 -3.013074900937867846e-03
-1.322053370171382553e-02 -6.089783822081628120e-03
-9.023613737841143859e-03 -2.656803324633123103e-02
5.607830954625346864e-01 -9.140765685360552339e-01
9.420409525896169534e-01 -6.488934028647225238e-01
1.087789249220979304e+00 -4.722945387853624832e-01
1.140006903568380192e+00 -3.488839821408922792e-01
1.154042677280252560e+00 -2.628402704504017029e-01
1.105892213336763685e+00 2.001101035507702464e-01
1.097361086570019850e+00 2.521060931208367606e-01
1.072904352157078911e+00 3.204205393635409793e-01
1.017838756374697784e+00 4.102315313099075267e-01
8.991107546007539586e-01 5.309257651859691229e-01
6.097397325585595107e-01 6.867536726595471208e-01
-1.233759024670245952e-02 -4.150571890407983577e-02
-7.518471798867346068e-03 -2.142422507181837230e-02
-2.171598334226852375e-02 -1.768204313260091781e-02
-2.526417081475505061e-02 -1.056659873111141269e-02
-2.566826176189607872e-02 -5.580540590469227485e-03
-2.386093662287637474e-02 -7.991241081356976767e-04
-1.813468602456739728e-02 2.913919411358181083e-03
-1.322096892663280482e-02 -1.963955574733593050e-03
2.688310983504156940e-02 -6.467587115742871873e-02
6.164457297448705519e-01 -6.786222144673751400e-01
8.938681328280808636e-01 -5.401158049807815997e-01
1.018893900559960652e+00 -4.231164548275541115e-01
1.077670080697293198e+00 -3.309222605781590998e-01
1.103384654752221472e+00 -2.603899567918789848e-01
1.071365644482054291e+00 1.958603431720712662e-01
1.056108821773922291e+00 2.388703161734366254e-01
1.026266094404379325e+00 2.917603453146383474e-01
9.718992989822169415e-01 3.555120592040486582e-01
8.749407484393342260e-01 4.298092694886660459e-01
6.980589725248768085e-01 5.082416971684592388e-01
3.809849244474155516e-01 5.690534707623269295e-01
-2.977409295078947138e-01 -2.178071899199801598e-01
-3.857243144273850982e-02 -1.562304949528189012e-02
-3.144158659853067694e-02 -9.532548058895522203e-03
-3.123271948727992381e-02 -6.446964570772217157e-03
-2.970377584554782791e-02 3.139458374603941969e-03
-3.421385702794615263e-02 8.161785257091078855e-03
-1.676225357820408934e-01 5.630234000264382893e-02
4.240233825144261171e-01 -5.644530568915562263e-01
7.026507283339066268e-01 -5.087295085993560617e-01
8.742055043054846042e-01 -4.376705362430203805e-01
9.734996880766668692e-01 -3.653600714577141528e-01
1.030067611783916925e+00 -3.008303645013887806e-01
1.061055745372888826e+00 -2.466450579054147441e-01
1.042356520982412604e+00 1.854891713707074175e-01
1.023547227118468905e+00 2.193954919835361950e-01
9.925164901233263226e-01 2.583010548562346131e-01
9.432973788857615949e-01 3.009977403831252118e-01
8.673862137075182277e-01 3.441035948202637029e-01
7.533566638277244820e-01 3.799311289418992321e-01
5.898965889223283243e-01 3.937772114692252301e-01
3.714427459610628590e-01 3.668688435953291194e-01
1.742460320872440405e-01 3.122888957776840946e-01
-2.856591445172629654e-02 -8.880636967127757131e-03
-3.283332086396297672e-02 -1.176703285875185974e-02
-2.773136368298066007e-02 -1.478995920113318832e-02
7.268669515332536191e-02 -2.817482544290901836e-01
3.705796139345169382e-01 -3.824288937457278048e-01
5.954561391533443881e-01 -3.981731014530507928e-01
7.550076394658463697e-01 -3.852820913956371829e-01
8.682978501252353043e-01 -3.516082978429594941e-01
9.453594191082225207e-01 -3.092865641590420989e-01
9.958611393459501082e-01 -2.662562692611131765e-01
1.027766109807193962e+00 -2.265810838284439410e-01
1.019082940863283993e+00 1.715666194266982914e-01
9.990679150323300561e-01 1.972763208388592093e-01
9.694038373469956449e-01 2.247226986697739015e-01
9.268452240036277878e-01 2.519707183486466495e-01
8.678452621442922510e-01 2.754285602717365666e-01
7.895445226347318490e-01 2.892079281490707587e-01
6.920694685905232069e-01 2.851472705645790029e-01
5.818769798019445272e-01 2.549726636415671766e-01
4.742563953354577144e-01 1.943563152599668276e-01
3.898338328722587010e-01 1.057648181046826341e-01
3.557978597308387170e-01 -2.038447189587603084e-03
3.880891028739145154e-01 -1.112291855759512255e-01
4.725508481713168729e-01 -2.018753259417865042e-01
5.831284981386625210e-01 -2.619835962160794174e-01
6.938001863153068216e-01 -2.914528602435009219e-01
7.909004046528244070e-01 -2.958305644435099135e-01
8.693989112255625651e-01 -2.826376961194678183e-01
9.291184738894061601e-01 -2.593855370693621820e-01
9.724811387174813193e-01 -2.318921919256833331e-01
1.002786910416028743e+00 -2.039351894529009002e-01
1.001106992946105834e+00 1.560601686886948225e-01
9.814294742222813284e-01 1.749151836068883192e-01
9.544252095968253080e-01 1.935599418112469994e-01
9.185157342539670422e-01 2.100645542748794670e-01
8.725080878340081281e-01 2.215018723610328866e-01
8.164018530512221483e-01 2.238784526524569274e-01
7.524342578133954573e-01 2.125958136159615541e-01
6.861745814414511591e-01 1.836997686392690954e-01
6.265682629293438666e-01 1.357322549444199000e-01
5.843185097157584940e-01 7.116486784516738717e-02
5.688774216054303112e-01 -3.318293323426846006e-03
5.843618511175158181e-01 -7.794477751736737792e-02
6.270058421421645933e-01 -1.426504252703351683e-01
6.871315564045681334e-01 -1.905068728934886657e-01
7.536697189355582305e-01 -2.192897619020553190e-01
8.178326595100390284e-01 -2.306366863656698352e-01
8.742955774294789428e-01 -2.283709671916482054e-01
9.208269043579337954e-01 -2.169004876941786897e-01
9.572925950505074555e-01 -2.001644497754019592e-01
9.847776588172568735e-01 -1.811356431372449505e-01
1.988842060048328308e+00 1.240466169559053949e-01
1.975319051556143624e+00 1.401970288534684361e-01
1.953968460536498197e+00 1.517912335251382916e-01
1.926997265943813487e+00 1.608352964763828941e-01
1.894242418122286997e+00 1.652753539525615156e-01
1.856445783435806129e+00 1.626252583921670158e-01
7.934733976609473771e-01 1.623592760075350527e-01
7.498923218611021069e-01 1.366839488182030882e-01
7.125528735212806053e-01 9.874330219054988644e-02
6.871519179772949126e-01 5.061021007501442792e-02
6.781864533450185917e-01 -3.363177410231882932e-03
6.874138810824418355e-01 -5.734287176440928946e-02
7.131238878399803749e-01 -1.054626908169870453e-01
7.507833303384234824e-01 -1.433454185450909191e-01
7.946551528884749915e-01 -1.689602104858890230e-01
1.859560407318615383e+00 -1.709840896798474064e-01
1.897798207083648325e+00 -1.731905847179977809e-01
1.930963345741889325e+00 -1.682879430448755154e-01
1.958303041280750723e+00 -1.587403242380580060e-01
1.979953280675041505e+00 -1.466059561012707790e-01
1.976550025068761984e+00 1.044398061701473229e-01
1.963862370076594477e+00 1.147172226556898017e-01
1.946337351183874409e+00 1.202372367453817120e-01
1.925657910290816677e+00 1.230953386340104122e-01
1.902172310291773583e+00 1.220853600815254847e-01
1.876768805966720688e+00 1.159597344246874745e-01
1.850983558451477107e+00 1.036719050238435608e-01
1.826971080122477664e+00 8.469731792871164344e-02
1.807265092654504857e+00 5.934572233708040184e-02
1.794325627626635722e+00 2.893720598687384363e-02
1.789969870626166193e+00 -4.270795711487666499e-03
1.794875170101833284e+00 -3.744427868649021635e-02
1.808368711470961010e+00 -6.774196812752365793e-02
1.828618112459640122e+00 -9.289852705381848597e-02
1.853138048709944252e+00 -1.116035339186299824e-01
1.879381146817904247e+00 -1.235690757473201506e-01
1.905193832752494876e+00 -1.293367213938347859e-01
1.929043049867827264e+00 -1.299598301432204339e-01
1.950037846275302744e+00 -1.266892596431560269e-01
1.967823487065880395e+00 -1.207377056481020450e-01
