-1.234538735326825343e+00 -2.081764033076221931e+00
-1.496128357263507791e+00 -1.884187644032527809e+00
-1.506438156815374185e+00 -1.693739142928755825e+00
-1.520510840563527699e+00 -1.502484675898929201e+00
-1.538894547449605632e+00 -1.309019258352322135e+00
-1.561665801586506808e+00 -1.111362210401870110e+00
-1.587977345544889118e+00 -9.070885966577699744e-01
-1.615574916132986427e+00 -6.938290951553893748e-01
-1.640613615879324749e+00 -4.702629980268647758e-01
-1.658324187785439552e+00 -2.373314107679891372e-01
-1.664635292075149930e+00 1.244630533808882555e-03
-1.657919932144757968e+00 2.397735033178339525e-01
-1.639828197098106788e+00 4.725405055658672415e-01
-1.614500367879299958e+00 6.958414573052605911e-01
-1.586729091970166428e+00 9.088007052584490264e-01
-1.560343787377030056e+00 1.112784644719033933e+00
-1.537574831746178150e+00 1.310191012030095470e+00
-1.519240233327734613e+00 1.503457816684085513e+00
-1.505236769997993385e+00 1.694564456196794300e+00
-1.494998046383586132e+00 1.884905685414185683e+00
-1.021860135599167219e+00 -2.086782104530595205e+00
-1.283895868985910571e+00 -1.892301307468844840e+00
-1.293642630906116198e+00 -1.705561851433150755e+00
-1.308167454328260426e+00 -1.518935237601856558e+00
-1.328709262771139876e+00 -1.330793600011156208e+00
-1.356138312536386836e+00 -1.138472590384709493e+00
-1.390215336062335716e+00 -9.381876888613387422e-01
-1.428525860888936405e+00 -7.255026169095861732e-01
-1.465457423744402465e+00 -4.968994686222306667e-01
-1.492738849237297050e+00 -2.526581855684419398e-01
-1.502737039475401382e+00 1.462621492671079600e-03
-1.492198362349494101e+00 2.555496449543058213e-01
-1.464362720351597424e+00 4.995353047198293761e-01
-1.427078895522797097e+00 7.277114027908615501e-01
-1.388600171185192300e+00 9.399638312246765270e-01
-1.354496502333755403e+00 1.139856803244633898e+00
-1.327140111872647132e+00 1.331867353418720645e+00
-1.306717959425812481e+00 1.519789112571101164e+00
-1.292318691567535094e+00 1.706273501476342158e+00
-1.282680077853162848e+00 1.892923538882451240e+00
-8.064404815987624708e-01 -2.089577483271247260e+00
-1.067854683404205529e+00 -1.898822545935536565e+00
-1.075622913304719264e+00 -1.716345296900616102e+00
-1.088992834859273451e+00 -1.535551349080172656e+00
-1.110200175769959774e+00 -1.354866209415195311e+00
-1.141544008944607613e+00 -1.171100809651697716e+00
-1.184400747375933927e+00 -9.788139859990450109e-01
-1.237277620932112354e+00 -7.703046772700685718e-01
-1.293009919271874475e+00 -5.371533224091106229e-01
-1.336699095983306718e+00 -2.767784969764571223e-01
-1.353367344644617276e+00 1.749752964584117259e-03
-1.335949417726920219e+00 2.803903732618549527e-01
-1.291346822184441745e+00 5.402530546884287688e-01
-1.235280413090786622e+00 7.726961634909355059e-01
-1.182260923179013767e+00 9.805639528679250816e-01
-1.139498439698173993e+00 1.172322177239804253e+00
-1.108353145873906209e+00 1.355723211688103280e+00
-1.087378931596791887e+00 1.536191254522213612e+00
-1.074210274630576833e+00 1.716883807807342510e+00
-1.066586152568239854e+00 1.899318319894350182e+00
-5.885737272020041821e-01 -2.088957321425644942e+00
-8.477862316683391075e-01 -1.902192942436576439e+00
-8.515230292216253716e-01 -1.724023268788533070e+00
-8.610184430551938162e-01 -1.549825794448796534e+00
-8.796959695082482433e-01 -1.378623761430693095e+00
-9.119518686035031907e-01 -1.207328379342315738e+00
-9.624220452010712190e-01 -1.029265363358551344e+00
-1.033097289960199117e+00 -8.320500280885699818e-01
-1.118221142248757349e+00 -5.991615939306611516e-01
-1.191421139589200484e+00 -3.158818317752672966e-01
-1.220941705181403547e+00 1.987875597281925800e-03
-1.190213459928545658e+00 3.208162475465859420e-01
-1.115548536244244548e+00 6.025621646377617990e-01
-1.030063353668827508e+00 8.346544133613335026e-01
-9.596269796791672135e-01 1.030660165562413910e+00
-9.094316600552045937e-01 1.208188199020024944e+00
-8.775712061990601498e-01 1.379052549759568036e+00
-8.593270473453920033e-01 1.550108553836486047e+00
-8.501139555188808039e-01 1.724329570728772243e+00
-8.465273090388200083e-01 1.902548544820374277e+00
-3.691050984398381862e-01 -2.083682958641924099e+00
-6.241271890634094710e-01 -1.900441406214822049e+00
-6.212470623158019567e-01 -1.725607688273868678e+00
-6.228818491383790734e-01 -1.557502492101888070e+00
-6.334856209608686894e-01 -1.396605194558395491e+00
-6.601459528884685568e-01 -1.240909041214687702e+00
-7.114131229632499887e-01 -1.083860267757591256e+00
-7.990364057938472708e-01 -9.118018327893968600e-01
-9.204370478439123371e-01 -6.889718909449222828e-01
-1.052409437553315064e+00 -3.792575065695698577e-01
-1.111657480462833636e+00 1.167709431943528536e-03
-1.052262837905819648e+00 3.868132144498526159e-01
-9.178361614988488348e-01 6.963876756413091007e-01
-7.955297025179417503e-01 9.119879673571500422e-01
-7.081966550607543542e-01 1.085318235572478418e+00
-6.565920492540813225e-01 1.240941035254512270e+00
-6.312845616197516607e-01 1.396059215044528790e+00
-6.214433489570272418e-01 1.557268003425549718e+00
-6.200352519990176559e-01 1.725694023400424548e+00
-6.229635254627350349e-01 1.900697615409281616e+00
-1.495295885024228721e-01 -2.072767017190536354e+00
-3.983635292099025338e-01 -1.891491472742173885e+00
-3.862856514775516725e-01 -1.717428096022710404e+00
-3.752306565755749723e-01 -1.552263339191865210e+00
-3.691244368968765732e-01 -1.398867715733750128e+00
-3.779192612345259050e-01 -1.259718930007106330e+00
-4.242194486091763750e-01 -1.127971708851148058e+00
-5.229988214156739978e-01 -9.744551215917414133e-01
-8.076198449638563037e-01 -6.221245550827931847e-01
-9.723195764379285455e-01 -2.800634071560195171e-01
-1.012602317727422152e+00 1.090083747990303574e-02
-9.966032381468452606e-01 3.083724164394015532e-01
-8.118334491576146839e-01 6.709874681966236931e-01
-5.268057172010884859e-01 9.830740394455859121e-01
-4.101443489375710127e-01 1.125035286039452798e+00
-3.751473196808866595e-01 1.254362502480103947e+00
-3.690609977135985709e-01 1.396967805163570331e+00
-3.748465307265309576e-01 1.551889157492233107e+00
-3.854872232221663308e-01 1.717563103555909576e+00
-3.973392893783622704e-01 1.891783412215354732e+00
6.809698261052393731e-02 -2.055854980368503782e+00
-1.732652075616457621e-01 -1.873844664757792877e+00
-1.505952117901940279e-01 -1.696248477149248535e+00
-1.235589624903938866e-01 -1.527075688488085836e+00
-9.324396619825695010e-02 -1.369228773265208421e+00
-6.568947416442286191e-02 -1.225151932945631295e+00
-1.113389907201685625e-01 -1.104077300316340660e+00
-6.696202402066540049e-01 -7.344981752720904922e-01
-8.025297646399830453e-01 -4.068578634091994384e-01
-8.037101590499966530e-01 -1.993823009648939548e-01
-8.059533642461769176e-01 4.112050612857307669e-04
-8.040447101330222557e-01 2.020214456804363679e-01
-8.038938726786972744e-01 4.077388596998914316e-01
-6.365535207957642161e-01 7.527944925739941118e-01
-1.167109610509998174e-01 1.100889964759095729e+00
-7.674306270232061911e-02 1.232254990767723823e+00
-9.632296584895055913e-02 1.371694004993960991e+00
-1.239716308066096118e-01 1.528150376491756779e+00
-1.499959182507437927e-01 1.696917201692721866e+00
-1.722578318443286349e-01 1.874333812408113475e+00
2.814879372068567198e-01 -2.033547378807996964e+00
4.743242721306473175e-02 -1.847472630157761531e+00
7.972133357289018507e-02 -1.661268638226708783e+00
1.217739198686475788e-01 -1.479484930912030372e+00
1.749946673872752323e-01 -1.303234014867055146e+00
2.240158606968373767e-01 -1.135969295537069712e+00
-3.363953038685020824e-01 -9.495893578997701701e-01
-6.016067965590162769e-01 -6.046722367420603872e-01
-6.043940092265003283e-01 -4.018494389016623591e-01
-6.053492849766061168e-01 -2.004175955478675886e-01
-6.060603531210371209e-01 3.971388537707954943e-04
-6.062021858617558934e-01 2.012733970043845966e-01
-6.064738369421537323e-01 4.023694130931250723e-01
-6.040253729399204241e-01 6.032305604660216369e-01
-3.511530541254932469e-01 9.317777187204815403e-01
2.228919728720739901e-01 1.135678314218697915e+00
1.757214380274744470e-01 1.305936391980575761e+00
1.225662368136675173e-01 1.481549834325578185e+00
8.080071337582223068e-02 1.662434945522220264e+00
4.868931940114776258e-02 1.848143654400076219e+00
4.886377519475708642e-01 -2.007506019131164443e+00
2.599788743664291912e-01 -1.814367290794842935e+00
2.982277991580963850e-01 -1.615271506830772141e+00
3.496096531867300961e-01 -1.412880693630436557e+00
4.156822538332655137e-01 -1.201413010685193017e+00
1.780125650388510450e-01 -1.029857731500539275e+00
-3.936336400598131613e-01 -8.082464893364321723e-01
-4.040560064975757260e-01 -6.031690329679416651e-01
-4.056830658746869434e-01 -4.017623133895374954e-01
-4.063470166476852996e-01 -2.007400211344691210e-01
-4.067547581964954251e-01 5.060770776178214988e-05
-4.069963886546308363e-01 2.007020675406025467e-01
-4.070467485626490522e-01 4.012248045896482096e-01
-4.061415363743242635e-01 6.019403297234170447e-01
-3.996567484773267398e-01 8.064725418885000385e-01
1.926274313769639757e-01 1.028415527068423874e+00
4.177640585574855514e-01 1.206439441903205401e+00
3.516986238305499501e-01 1.415049306025097930e+00
3.001215830053061695e-01 1.616409657586831417e+00
2.616679685720980642e-01 1.814984340202449697e+00
5.909255444821410741e-01 -1.978480382077962618e+00
4.618049192494708133e-01 -1.778396122979736038e+00
5.002921270711234714e-01 -1.564675310609355607e+00
5.510479238646540656e-01 -1.338593816618235399e+00
6.120835694771105118e-01 -1.084467022229552047e+00
1.326344588072450592e-01 -1.008707293565478835e+00
-2.027136006547480274e-01 -8.051798594546466514e-01
-2.059279187734020800e-01 -6.032115786093532606e-01
-2.068042219344902732e-01 -4.018823351264289578e-01
-2.072087532911191798e-01 -2.009355496196735535e-01
-2.074308741754746499e-01 -1.893455088378914698e-04
-2.075270732782534544e-01 2.003840627247236716e-01
-2.074436782651188083e-01 4.007793792532765575e-01
-2.068856108695174278e-01 6.010710609883193056e-01
-2.028473478615357983e-01 8.018068737576473648e-01
9.997885323422667225e-02 1.002179061318498654e+00
6.190542289504153972e-01 1.086836451127084047e+00
5.549850936279061564e-01 1.339466802331781947e+00
5.030003470974792057e-01 1.565175662947398072e+00
4.639051927974590095e-01 1.778655625204270896e+00
6.266964711488823836e-01 -1.960666859059880140e+00
6.525074046286720719e-01 -1.744352919630561161e+00
6.853224126821697570e-01 -1.517801192154972112e+00
7.252490594176905780e-01 -1.271996769101853220e+00
7.613149377653298799e-01 -9.914324759392428854e-01
3.083461281080017713e-01 -9.642358143964709916e-01
-4.823286732750322638e-03 -8.044588444834421814e-01
-7.311533259031450203e-03 -6.028316150091077574e-01
-7.807835712854793372e-03 -4.018267345351723141e-01
-8.015709309323217416e-03 -2.009818942757697346e-01
-8.078871226225133734e-03 -2.654185825366264253e-04
-7.990793005659574746e-03 2.002896125052884557e-01
-7.696241834465245533e-03 4.006211344926842166e-01
-6.978813745483291794e-03 6.006476119380522727e-01
-4.334330850990782136e-03 8.001904259433730848e-01
2.628261637426717034e-01 9.599305521478834757e-01
7.676485877662571067e-01 9.852328644429481086e-01
7.296971852903026967e-01 1.270198529869300152e+00
6.883522378375166451e-01 1.517167460990721972e+00
6.547904264330194346e-01 1.744040433431895742e+00
8.141710043992058665e-01 -1.938996746775168978e+00
8.340271608400319225e-01 -1.716489613106075840e+00
8.571246366585913989e-01 -1.481742744922107891e+00
8.807658381724601249e-01 -1.225825537226183481e+00
8.938520873521518251e-01 -9.353183424265488766e-01
6.282492548593487935e-01 -8.287584517846874332e-01
1.948073535062224415e-01 -8.016383432217212279e-01
1.919398369390880321e-01 -6.021589733144073753e-01
1.914012716711821493e-01 -4.016357372723255437e-01
1.912224603110593835e-01 -2.009067957393287918e-01
1.912685890494213725e-01 -1.849477382620039146e-04
1.915359113710519423e-01 2.004140396233645982e-01
1.921327517243638650e-01 4.007715581315235975e-01
1.933722575783425046e-01 6.006410789308291864e-01
1.972873533438956051e-01 7.993883260455177941e-01
5.097591112758167453e-01 9.106808080118707904e-01
8.923685993378348558e-01 9.183619737279741235e-01
8.839161109894144719e-01 1.221872412086432380e+00
8.597523996257250278e-01 1.480097338827136344e+00
8.361714496668308794e-01 1.715620865571252596e+00
9.972035206106828475e-01 -1.922818309281407068e+00
1.009860498021905251e+00 -1.697311471191939924e+00
1.022018371017162863e+00 -1.459894935888737200e+00
1.029329071891475822e+00 -1.203380149391890752e+00
1.019782795467926384e+00 -9.140881590959432090e-01
9.060144478525077316e-01 -6.319495328592236172e-01
3.988683412743694867e-01 -7.998876698130873431e-01
3.920412059535420823e-01 -6.015055799611885856e-01
3.908179196095893926e-01 -4.014899817117585923e-01
3.904574307205561090e-01 -2.007664274180771258e-01
3.905563285983240096e-01 1.591902078380889960e-05
3.909709264543889673e-01 2.007214823759144451e-01
3.919100001082906348e-01 4.012313292748077020e-01
3.940329260478594997e-01 6.011014620717396451e-01
4.016508010566333664e-01 7.980821546821802448e-01
9.047515245507588011e-01 6.207716553942869142e-01
1.014917697970877164e+00 9.085816731538163271e-01
1.030351084559200325e+00 1.199480542724428389e+00
1.023843430543157851e+00 1.457870444900769114e+00
1.011647004381486026e+00 1.696112031583048463e+00
1.178153115436272325e+00 -1.912741582010716757e+00
1.183814300906844696e+00 -1.687239672560797432e+00
1.186164161160321751e+00 -1.451817871290049133e+00
1.180257673670948915e+00 -1.201833329804464778e+00
1.154377330555918402e+00 -9.297531910209477779e-01
1.073879780401108874e+00 -6.297526546992220364e-01
7.340942319487560042e-01 -6.533573308088783671e-01
5.942821693978824760e-01 -6.003529687702404694e-01
5.901643969009762181e-01 -4.014791125569271979e-01
5.896077076259607086e-01 -2.004353710907300357e-01
5.898061391027957789e-01 2.747744959481439710e-04
5.902514861667306212e-01 2.010389042252807290e-01
5.915114212081923339e-01 4.017405080481820101e-01
5.953063694050094723e-01 6.006589992859486804e-01
7.370358082065761041e-01 6.552524819714337090e-01
1.072707532228457827e+00 6.339807438644406989e-01
1.152496833056507075e+00 9.284419740453739855e-01
1.180511853453158677e+00 1.199408538658619516e+00
1.187354607197042222e+00 1.450014946330475230e+00
1.185226448279834699e+00 1.685973513315443872e+00
1.359140978940451605e+00 -1.908354212464983712e+00
1.359005572180533639e+00 -1.685070682966224087e+00
1.354023086159438893e+00 -1.454600781701448353e+00
1.339728947174369189e+00 -1.214857577637067365e+00
1.307590700411627616e+00 -9.638349422722675142e-01
1.240440920401091773e+00 -7.020666105571545801e-01
1.108547857941385217e+00 -4.491622829445750531e-01
8.513657698061886103e-01 -5.103532772584752353e-01
7.892101996115942208e-01 -3.978909375255862413e-01
7.891986299699629281e-01 -1.987681547988686404e-01
7.894551879133729910e-01 1.371546837456398679e-04
7.896506177672900639e-01 2.008011531743308375e-01
7.906374565129705712e-01 3.990031629106212119e-01
8.677895307785080670e-01 4.947294543196960048e-01
1.120510998026559957e+00 4.492849532388539235e-01
1.242641890775433522e+00 7.047350906560426731e-01
1.307503493079928525e+00 9.633323850805504129e-01
1.340134075788059320e+00 1.213379071917640717e+00
1.354943787529201638e+00 1.453160496999171158e+00
1.360154386949361305e+00 1.683883879128122985e+00
1.541701943299612632e+00 -1.908596731671262647e+00
1.537397483842126711e+00 -1.688759824140875443e+00
1.527864337324137178e+00 -1.464403654640938690e+00
1.509732979942386200e+00 -1.235226458822347828e+00
1.477795069926259197e+00 -1.002055896026575965e+00
1.424670820887698142e+00 -7.686353767782031499e-01
1.342880104127384566e+00 -5.446684092441418379e-01
1.228310735839046375e+00 -3.458472639582397257e-01
1.111962996264530323e+00 -2.053640580426072115e-01
1.012988725639055954e+00 -1.390121169926848699e-01
9.930987767219640050e-01 -3.023187199947690879e-03
1.015556347825554484e+00 1.243701416272563059e-01
1.092373745186262068e+00 1.977290288462153767e-01
1.231407373369382441e+00 3.401113675620576204e-01
1.346635841482048068e+00 5.438016971786194809e-01
1.426305912651133934e+00 7.685736903761839489e-01
1.478462736217495355e+00 1.001340309026500064e+00
1.510388600443349327e+00 1.234085004514188233e+00
1.528718199785947141e+00 1.463206587800345293e+00
1.538394580190358463e+00 1.687675402722322415e+00
1.726698050354336766e+00 -1.912166093590505822e+00
1.719814603554314481e+00 -1.696152344355438490e+00
1.708085203810169705e+00 -1.477755393030826703e+00
1.689285083964006340e+00 -1.257588542814372268e+00
1.660622311656636541e+00 -1.037390808507712370e+00
1.619269960164876787e+00 -8.208393788179100259e-01
1.563972651093108013e+00 -6.141983583980837880e-01
1.497834470338228696e+00 -4.256547448570382475e-01
1.431420709928538093e+00 -2.619399372950005911e-01
1.379549151680340202e+00 -1.228148521691919959e-01
1.359502078373939549e+00 -1.185064888201526646e-03
1.379654512421216728e+00 1.208647113309155308e-01
1.431250352476129750e+00 2.590332402341800067e-01
1.499268436226278922e+00 4.231697854944449499e-01
1.565660532510359193e+00 6.128003787645587286e-01
1.620473190776537509e+00 8.198955251611501627e-01
1.661468910965191448e+00 1.036417920029748752e+00
1.690059159389788901e+00 1.256516442225954266e+00
1.708919102793110989e+00 1.476675057259044799e+00
1.720721221044039018e+00 1.695142333462499984e+00
1.914420982626137802e+00 -1.917827695260334808e+00
1.906250855331720562e+00 -1.705444490600997343e+00
1.893981376631009628e+00 -1.492168409036591425e+00
1.876298003224928568e+00 -1.278925735388312113e+00
1.851894618516626956e+00 -1.067454392980684563e+00
1.819991627907175280e+00 -8.605703045601247325e-01
1.781253611754592070e+00 -6.621259871328665225e-01
1.738904033548158479e+00 -4.762246068779906194e-01
1.699239331900266103e+00 -3.054510971143399867e-01
1.670430324332301986e+00 -1.488530162498901965e-01
1.659862505679092548e+00 -1.071055690546694923e-03
1.670643260975346545e+00 1.467122121840570559e-01
1.699762069093454953e+00 3.033313209730246207e-01
1.739805278676248124e+00 4.743616149063211718e-01
1.782282451252523936e+00 6.606572292419259362e-01
1.820926397312394140e+00 8.593680080001078192e-01
1.852716262424554117e+00 1.066352390949550921e+00
1.877080923314304206e+00 1.277856050201770399e+00
1.894783368192973771e+00 1.491138019784703284e+00
1.907089126383541888e+00 1.704479604615129151e+00
2.204845318091967155e+00 -1.926224323567256258e+00
2.146543574437937529e+00 -1.716019673251453659e+00
2.134865755673078347e+00 -1.506847845870548985e+00
2.119250586849716012e+00 -1.298618203200121446e+00
2.099217733258806895e+00 -1.092749734595527933e+00
2.074845623344720558e+00 -8.911922814627314393e-01
1.996117416099719932e+00 -6.956211791702134883e-01
1.967580199978229194e+00 -5.093671597035058785e-01
1.942206072616998069e+00 -3.326431920953736854e-01
1.924501572067284005e+00 -1.643104975466643247e-01
1.918185364097861445e+00 -9.482547730285064867e-04
1.924721196512682475e+00 1.624364820950588983e-01
1.942651327381248905e+00 3.308509203830186096e-01
1.968220113168372754e+00 5.077376492496312732e-01
1.996859674793799222e+00 6.941961789648637415e-01
2.075684559278369701e+00 8.898496933577202395e-01
2.100045328860463911e+00 1.091539429420600671e+00
2.120073729627436787e+00 1.297498191083028107e+00
2.135700889752329523e+00 1.505804821162440188e+00
2.147397822189025973e+00 1.715055442098401439e+00
2.496880490561630417e+00 -1.934104906307541283e+00
2.439383983588135685e+00 -1.727652242901093649e+00
2.429001871763534659e+00 -1.521843825977539311e+00
2.415952165853485489e+00 -1.317337317515933082e+00
2.400187234769534772e+00 -1.115152114004328787e+00
2.382088322025936566e+00 -9.165199767460909808e-01
2.362665456745395076e+00 -7.226978384387228171e-01
2.343660397010802754e+00 -5.346210490246882108e-01
2.327411052619071441e+00 -3.524592907248596529e-01
2.316395485301810719e+00 -1.752590812036709522e-01
2.312542868981827482e+00 -9.052340719371545705e-04
2.316584686992896103e+00 1.734698226136454635e-01
2.327781232337527761e+00 3.507355724200801883e-01
2.344186310200535139e+00 5.330060162426919490e-01
2.363303165746984735e+00 7.212176976853513777e-01
2.382792258065733915e+00 9.151738581051512833e-01
2.400928101046896579e+00 1.113921884243199267e+00
2.416718566666014478e+00 1.316204423239092369e+00
2.429790955857223267e+00 1.520797500453335394e+00
2.440193314096354538e+00 1.726688313763021565e+00
