-1.076180898443410472e+00 -2.097449626694797509e+00
-1.391696743199908326e+00 -1.903224142988480416e+00
-1.403838461265948911e+00 -1.715647451366747678e+00
-1.420757374674985751e+00 -1.527337016715609730e+00
-1.443301985782530661e+00 -1.336542064112741235e+00
-1.471780205253465645e+00 -1.140689664599896957e+00
-1.505323654482176421e+00 -9.364917589311135826e-01
-1.541147202319759879e+00 -7.205688183814322745e-01
-1.574162843287985281e+00 -4.908192065056644626e-01
-1.597772345665079863e+00 -2.482238339322379583e-01
-1.606174620526817698e+00 2.214121967281702102e-03
-1.597019453190722249e+00 2.525634887197698575e-01
-1.572709595310477937e+00 4.948384512904016042e-01
-1.539197741551760368e+00 7.240870806145798255e-01
-1.503105402071876151e+00 9.394792984187881890e-01
-1.469460091053439443e+00 1.143195440883021385e+00
-1.440989602535019065e+00 1.338643387292316911e+00
-1.418515513379795756e+00 1.529114692960479305e+00
-1.401696426466777057e+00 1.717173714104667681e+00
-1.389661474548076425e+00 1.904557333369441219e+00
-8.601738585871818721e-01 -2.102084156454638197e+00
-1.175807671942846966e+00 -1.912332159058286463e+00
-1.186820395072942791e+00 -1.729286664790872674e+00
-1.203744771314816386e+00 -1.546771896857933370e+00
-1.228338574889068946e+00 -1.362856071870103936e+00
-1.262047780053979995e+00 -1.174196063478524898e+00
-1.305011148141796973e+00 -9.757787467528005187e-01
-1.354500381064475567e+00 -7.614088293776685168e-01
-1.403274281390878286e+00 -5.257673589474745057e-01
-1.439921850545164972e+00 -2.685416088305391247e-01
-1.453391662525489458e+00 2.580233859367875825e-03
-1.438896805538053325e+00 2.736474979493168092e-01
-1.401220835860326197e+00 5.303505099458084571e-01
-1.351885686461522296e+00 7.651806062988683044e-01
-1.302182208447795198e+00 9.788161765485147159e-01
-1.259215961630345992e+00 1.176621450460586527e+00
-1.225621207234355747e+00 1.364811435339730927e+00
-1.201193895879847151e+00 1.548378238418733233e+00
-1.184448829515499790e+00 1.730644524979080279e+00
-1.173600217689838132e+00 1.913516048791045643e+00
-6.411897636048572435e-01 -2.103553187623731446e+00
-9.552981635473017930e-01 -1.918994783578689578e+00
-9.633042645130940329e-01 -1.740937748909531457e+00
-9.779754261354660638e-01 -1.565435310170371075e+00
-1.002280827559747012e+00 -1.390788744512893471e+00
-1.039580363684061259e+00 -1.213261847110302716e+00
-1.092475561009443652e+00 -1.025935002699278620e+00
-1.159945034825254240e+00 -8.183326620591118150e-01
-1.233339622748309328e+00 -5.782490947410283688e-01
-1.292512494324833616e+00 -3.005551662145339309e-01
-1.315237211364764347e+00 3.019756509787013560e-03
-1.291032167833949362e+00 3.068553552118400418e-01
-1.230213716783867817e+00 5.834259974442070895e-01
-1.156417895398459184e+00 8.222448832246068706e-01
-1.088842371639873186e+00 1.028835638526337082e+00
-1.036156587433599618e+00 1.215435776125172840e+00
-9.991161763604610169e-01 1.392454683285132111e+00
-9.751167447829311996e-01 1.566744861837455316e+00
-9.607347371129397740e-01 1.742038503203764632e+00
-9.529552586136541548e-01 1.919976830498532738e+00
-4.198445400171046948e-01 -2.100486133420907731e+00
-7.301261506593674788e-01 -1.921216992966368275e+00
-7.325511119771278556e-01 -1.747836551465187904e+00
-7.414137104935893952e-01 -1.579737359529650442e+00
-7.609523995981998246e-01 -1.416112023371168593e+00
-7.969625865578066071e-01 -1.253803833084512709e+00
-8.565708355830802256e-01 -1.085293684164290395e+00
-9.448799966142575890e-01 -8.941759766073865690e-01
-1.055570509652371092e+00 -6.575312608281778104e-01
-1.155311400737626393e+00 -3.523595563452328605e-01
-1.196042908579949549e+00 3.284908411050856559e-03
-1.152696723162206949e+00 3.608627737330389329e-01
-1.050942934501939874e+00 6.627909110999977704e-01
-9.396342610706712728e-01 8.980989999976043414e-01
-8.522127131367926989e-01 1.087620250405674227e+00
-7.928480098999884929e-01 1.255609678362074710e+00
-7.572527172438627829e-01 1.417243165787733128e+00
-7.383139707535978369e-01 1.580539675308053837e+00
-7.298898662391793968e-01 1.748576435871172396e+00
-7.277273919624728249e-01 1.921960157103116185e+00
-1.974184205054222430e-01 -2.091612934170489435e+00
-5.011448384584327176e-01 -1.916612221185235221e+00
-4.949590045914557535e-01 -1.746233706051015355e+00
-4.931954015783444056e-01 -1.584090191535980185e+00
-5.010466618669903172e-01 -1.431137000881357535e+00
-5.271534508204300806e-01 -1.285688552837192633e+00
-5.822359742016086637e-01 -1.141296530118133257e+00
-6.846309002906643126e-01 -9.849552845253518596e-01
-8.429453276702972842e-01 -7.630089964405262215e-01
-1.018207176015107462e+00 -4.315386852921364591e-01
-1.101192270142633323e+00 2.223753257570031464e-03
-1.013733954854454611e+00 4.439904767638517269e-01
-8.354780668272336897e-01 7.757504494373357318e-01
-6.805688361595462199e-01 9.861500357313934817e-01
-5.768891876769168814e-01 1.144680148257030572e+00
-5.208844818581461755e-01 1.286391465163721604e+00
-4.969014287295241417e-01 1.430793576393654121e+00
-4.902848416280815580e-01 1.584072742123043165e+00
-4.924757436212616191e-01 1.746586654341096834e+00
-4.988139833992889516e-01 1.917149274991772900e+00
2.412977071690025621e-02 -2.076138979066131540e+00
-2.705295497177259700e-01 -1.902865482560597510e+00
-2.530233198002461714e-01 -1.731849311016361082e+00
-2.352845146373802598e-01 -1.570760305436821325e+00
-2.213029928104952027e-01 -1.423066117907634931e+00
-2.224218189870534323e-01 -1.292934129060848703e+00
-2.686392748160517652e-01 -1.175985303046630515e+00
-3.840155006524048620e-01 -1.034569981166165942e+00
-7.661935127896949416e-01 -6.434110885199740837e-01
-9.742014580816724667e-01 -2.918783674449596521e-01
-1.014000427102854651e+00 1.584901847198910696e-02
-9.918645873076311625e-01 3.429478792841835766e-01
-7.553827392776372163e-01 7.397280495124040067e-01
-3.769013903375836860e-01 1.050715395559417731e+00
-2.473637122878329930e-01 1.166352133174315853e+00
-2.185317136018173900e-01 1.285202801063036970e+00
-2.204038711954734442e-01 1.420808806714253913e+00
-2.338205207000439156e-01 1.570478924858523806e+00
-2.510576209762787059e-01 1.732180464546057452e+00
-2.683442432923520138e-01 1.903369670673356939e+00
2.423910097128958996e-01 -2.054136178833580129e+00
-4.193085372788926679e-02 -1.878631531044636649e+00
-1.225709513707706755e-02 -1.701473629088012807e+00
2.385824692236915290e-02 -1.532137245660734060e+00
6.545573685321440238e-02 -1.372693264225383292e+00
1.041505251405492050e-01 -1.225600560005889239e+00
4.623879029899824467e-02 -1.099178823180489317e+00
-6.615668395614375807e-01 -7.412732469021621196e-01
-8.039760286290043023e-01 -4.086514893814489069e-01
-8.055427907238398300e-01 -1.999822023489934708e-01
-8.077421991290011372e-01 4.546183810950142731e-04
-8.057673825464135575e-01 2.028380986966633326e-01
-8.044486954645811982e-01 4.085282272060384856e-01
-6.235161071826105239e-01 7.664729846889251075e-01
5.545409070288104258e-02 1.122319323394459722e+00
9.611144007216987362e-02 1.238018323702448686e+00
6.335448960457729095e-02 1.377214220506840725e+00
2.449881954297206121e-02 1.533935453784636582e+00
-1.047665421786922457e-02 1.702467087123930467e+00
-3.972710575619639584e-02 1.879317440546843354e+00
4.549585629402136400e-01 -2.026772209231636257e+00
1.801398696672271704e-01 -1.844574595008305895e+00
2.197933378960546524e-01 -1.655503677883974900e+00
2.710674107301748181e-01 -1.468206922900260558e+00
3.349343346415617484e-01 -1.281519105537067160e+00
3.895618467765780135e-01 -1.098471871126283972e+00
-3.051458477486122534e-01 -9.611335000343893542e-01
-6.028255755176112896e-01 -6.059774207234083221e-01
-6.064858991838425473e-01 -4.020466263979169397e-01
-6.074441867220502500e-01 -2.005111040657956978e-01
-6.081027331499480049e-01 4.856629488508115472e-04
-6.082388060330654600e-01 2.015692534402034330e-01
-6.083873634036228717e-01 4.029610539251389789e-01
-6.055296083240921945e-01 6.046572864686621251e-01
-3.225835632924178853e-01 9.415959251892457305e-01
3.932600817677102123e-01 1.101852271995598542e+00
3.379198845508221694e-01 1.284871601123407370e+00
2.736744981472541416e-01 1.470802132911529503e+00
2.223520646611789608e-01 1.656964199698656159e+00
1.827207019712081271e-01 1.845383887587318306e+00
6.115489768127759795e-01 -1.994673117948852159e+00
3.916148138393364397e-01 -1.803745652748759642e+00
4.362254426042326827e-01 -1.598577248417762942e+00
4.945746324509532887e-01 -1.385487087759685876e+00
5.658679959244843349e-01 -1.155172527784151804e+00
2.294108613563597965e-01 -1.020921094034595633e+00
-3.936611396546282893e-01 -8.068503687904610144e-01
-4.062339011717821524e-01 -6.031153475860780988e-01
-4.078654283497036293e-01 -4.017509907404240299e-01
-4.085308257683205047e-01 -2.007051833472528468e-01
-4.089315265074834893e-01 1.505597323615096863e-04
-4.091866097267468638e-01 2.008978342161778230e-01
-4.092562636281791288e-01 4.015486681908811972e-01
-4.082318846059810880e-01 6.024714062494009870e-01
-3.989138648733371872e-01 8.084016054526856898e-01
2.577346960645366392e-01 1.013331751267669389e+00
5.707340231749393755e-01 1.159687392552293472e+00
4.988546248108275405e-01 1.387574850531677617e+00
4.398549176679059647e-01 1.599688288727848073e+00
3.947657994686579741e-01 1.804324371896461221e+00
7.124221253948754828e-01 -1.963324162729978228e+00
5.901701268743849704e-01 -1.761085118152628803e+00
6.329524915473951907e-01 -1.538946946768414037e+00
6.867363933026704448e-01 -1.298673693791326800e+00
7.431348110992087586e-01 -1.018954426314144346e+00
1.339556562728068945e-01 -1.013186305794335329e+00
-2.032009291914537719e-01 -8.050335453502009964e-01
-2.078055402208663638e-01 -6.029513051683514924e-01
-2.089340045486544339e-01 -4.017638175481803575e-01
-2.094046852867093300e-01 -2.008615371052172860e-01
-2.096571635111534881e-01 -1.058078891244468636e-04
-2.097803161169794484e-01 2.004940873476923346e-01
-2.097284870695823589e-01 4.009030627892418708e-01
-2.091672611742516064e-01 6.011874266792074373e-01
-2.047575502208274778e-01 8.016734126056744847e-01
1.016943894861576936e-01 1.000570369303763529e+00
7.540653399106608257e-01 1.020103610132998773e+00
6.928490071817101636e-01 1.298635131166970158e+00
6.374664596350094747e-01 1.538977738824888197e+00
5.937910489631879063e-01 1.761050998402949208e+00
7.477281474654108306e-01 -1.944589242362779746e+00
7.760899283845609231e-01 -1.722156019149897466e+00
8.107125206392067351e-01 -1.486154107663923307e+00
8.493714259804345801e-01 -1.225229085961513364e+00
8.736789625063648979e-01 -9.224131753681825696e-01
2.951280812438267231e-01 -9.645806182801940354e-01
-5.592599716611190708e-03 -8.042444810390536603e-01
-9.088111105386161015e-03 -6.026466165553155951e-01
-9.857969865389270073e-03 -4.017287678181155619e-01
-1.019457373952793733e-02 -2.009289950396669633e-01
-1.031684962104842569e-02 -2.132798841593687412e-04
-1.024008763562206901e-02 2.003380448926100899e-01
-9.926766078309232424e-03 4.006084897537621203e-01
-9.127183287397673886e-03 6.004855843222479672e-01
-5.721081982669653371e-03 7.999962469194770165e-01
2.801392697228287099e-01 9.586860887074205584e-01
8.794390439536582393e-01 9.091090291672108137e-01
8.556955567700770260e-01 1.221680260196345680e+00
8.154278348014112332e-01 1.484630122811750441e+00
7.798483826532892627e-01 1.721291669332496221e+00
9.313213101081524448e-01 -1.920287394167971895e+00
9.521803216626707478e-01 -1.691497042525804462e+00
9.748477613067187963e-01 -1.447561265071486414e+00
9.941902480608643122e-01 -1.177978660227776642e+00
9.942327597300232300e-01 -8.673207860970099103e-01
6.292778123870210738e-01 -8.153922078103951199e-01
1.938690533183040909e-01 -8.010038327652176937e-01
1.903075565458363094e-01 -6.019647804601219176e-01
1.894326225193433966e-01 -4.016218466899209583e-01
1.890454922350747746e-01 -2.009233490285455004e-01
1.890097653686070023e-01 -1.608626281296071984e-04
1.893132792768751904e-01 2.004596642212158608e-01
1.900486894515560077e-01 4.007229792541662228e-01
1.915062255225488119e-01 6.002814653919736898e-01
1.961004441641237273e-01 7.984798593983573056e-01
5.324164081411054683e-01 9.058288589031642246e-01
9.890410779546096043e-01 8.463304242455071957e-01
9.984937870562073936e-01 1.171855011181451411e+00
9.789058925229641162e-01 1.444754964828777632e+00
9.556722895571935217e-01 1.689878963027303449e+00
1.110334848552162912e+00 -1.902798445822123208e+00
1.122700816010194114e+00 -1.671446060383174670e+00
1.132839993844496851e+00 -1.425976692845975169e+00
1.134364421090521935e+00 -1.158290217060111926e+00
1.110171736872819226e+00 -8.526452176513472647e-01
9.444569243626940169e-01 -5.608559821402748780e-01
4.004735670430453753e-01 -7.987942763550389680e-01
3.908118442397385817e-01 -6.013744477110715136e-01
3.889544858924656734e-01 -4.016727880521706040e-01
3.882140533812907801e-01 -2.009113418772077442e-01
3.882003649779224852e-01 2.988238148328415354e-05
3.887320820709131985e-01 2.008645326832281808e-01
3.900339397944634912e-01 4.013267639429454192e-01
3.928614562245628106e-01 6.007403676036027207e-01
4.019717699350763285e-01 7.950654474302910613e-01
9.416624632151912033e-01 5.432167681270716475e-01
1.104645283078133033e+00 8.455097714389341323e-01
1.136130369879899238e+00 1.152549107387228267e+00
1.135823944305529132e+00 1.422734787890953978e+00
1.125671574315236789e+00 1.669390825156370273e+00
1.287509643016070848e+00 -1.892531762656843197e+00
1.291956809428945085e+00 -1.661980579723887796e+00
1.291387184321093118e+00 -1.420029207623879630e+00
1.279351148672792426e+00 -1.161648011795879842e+00
1.240732344137367216e+00 -8.786834110860420877e-01
1.129828254101688190e+00 -5.663288288514176649e-01
7.416346956127155554e-01 -6.459517743556144609e-01
5.944990795899136593e-01 -5.998687441001302467e-01
5.883494366816206522e-01 -4.021606397960624801e-01
5.871194219500405209e-01 -2.007459818320623812e-01
5.872049335108363577e-01 3.011869903603940071e-04
5.878448735654115964e-01 2.013879719711652860e-01
5.898327466119889229e-01 4.022703458865037329e-01
5.946187185499479666e-01 5.999855709171229012e-01
7.472695061332120803e-01 6.407196822910593559e-01
1.130865555716300763e+00 5.700290323390039271e-01
1.239220816025322858e+00 8.761557308386506149e-01
1.280310236483756636e+00 1.157794199328112006e+00
1.293545641057261664e+00 1.417084212605592253e+00
1.294399217383363609e+00 1.659829563396585606e+00
1.465196461064358857e+00 -1.888787284282526402e+00
1.463289663122886664e+00 -1.661386524839748580e+00
1.455038321361997289e+00 -1.425936034441611211e+00
1.435003713912405887e+00 -1.180323577892794518e+00
1.392900118932636877e+00 -9.226884257152410118e-01
1.307930526487471656e+00 -6.543441731376741233e-01
1.143677260748980906e+00 -3.976729779108240104e-01
8.444517311391376291e-01 -5.046776241100360272e-01
7.863814503737724948e-01 -3.980384337008185391e-01
7.862862468041738051e-01 -1.988298107042129614e-01
7.865203391499669960e-01 5.229971689318225038e-05
7.869664542266617824e-01 2.013316879425762485e-01
7.875503908569649880e-01 3.991971448946380341e-01
8.597476514651741786e-01 5.009088850606656651e-01
1.160884642550510826e+00 3.961755643649247371e-01
1.311473109879652821e+00 6.561974907027484649e-01
1.393435759239442406e+00 9.210275357647992323e-01
1.436123750124314036e+00 1.177646534502977849e+00
1.456807525532244574e+00 1.423448640483266470e+00
1.465343028818512749e+00 1.659326886707788162e+00
1.645024940311954342e+00 -1.890215012291410535e+00
1.638688237409136494e+00 -1.667170902346823969e+00
1.625905091354948873e+00 -1.439196974951743035e+00
1.602742118201785582e+00 -1.206141884364086536e+00
1.563201224728373528e+00 -9.691940533542994229e-01
1.498848297292425968e+00 -7.328412931942510644e-01
1.401101740460645839e+00 -5.081168724812730186e-01
1.265027365517014557e+00 -3.123127969782514834e-01
1.127825317116378345e+00 -1.797319712120798441e-01
1.011203716893803950e+00 -1.417641322238595569e-01
9.909688997306828062e-01 -4.062238611079561218e-03
1.012445098985617742e+00 1.238999959788166239e-01
1.099206451028531317e+00 1.711254046795848693e-01
1.268432122695495767e+00 3.040582277907492581e-01
1.406003224905290061e+00 5.059383812431594851e-01
1.501254274837447555e+00 7.316587818096600415e-01
1.564511654370687843e+00 9.673496458117919472e-01
1.604088547463341063e+00 1.203918406321800916e+00
1.627521261422941734e+00 1.437026549857810753e+00
1.640489654989117030e+00 1.665239166223393186e+00
1.827856476917297801e+00 -1.895266826627828083e+00
1.818889478467758058e+00 -1.676846609193016979e+00
1.804135372770159895e+00 -1.455927377636185849e+00
1.781073066538370053e+00 -1.233322109131996136e+00
1.746596442140901262e+00 -1.011120515028292477e+00
1.697637221597094737e+00 -7.935471128441307087e-01
1.632970058945714786e+00 -5.875923190184977329e-01
1.556288798627968539e+00 -4.021536920588739683e-01
1.479561433054267905e+00 -2.443173061570934612e-01
1.419594992982523118e+00 -1.135877990509180507e-01
1.396328371418956049e+00 -1.986143542177140967e-03
1.419689537505182564e+00 1.099471039829867935e-01
1.479529320077558330e+00 2.396826989848067635e-01
1.558233238843798496e+00 3.981570922310151972e-01
1.635269845670702216e+00 5.849129079547799037e-01
1.699433985638140188e+00 7.914460004163803575e-01
1.748042873444853207e+00 1.009061225760943259e+00
1.782489073116292788e+00 1.231238552376884066e+00
1.805658146783267304e+00 1.453927614875254015e+00
1.820517449212267769e+00 1.675016521285282112e+00
2.064123227364686120e+00 -1.903680434636920049e+00
2.054133069298606618e+00 -1.689663612791433511e+00
1.988777488629299928e+00 -1.473427751938568564e+00
1.967545183831175715e+00 -1.258737753392687564e+00
1.938655204500131513e+00 -1.046340720100841892e+00
1.901344866215542329e+00 -8.394182056306400685e-01
1.856504923644032967e+00 -6.422309130443073499e-01
1.807884444110046784e+00 -4.592184307689428091e-01
1.762611665011406092e+00 -2.930734372976560032e-01
1.729855719850188267e+00 -1.425983668930763948e-01
1.717885896683742697e+00 -1.813625955858629360e-03
1.730188934407586920e+00 1.389844347705845029e-01
1.763391682769143376e+00 2.895350749392064382e-01
1.809167552064785855e+00 4.560383723859757210e-01
1.857992416667356261e+00 6.395563496963738714e-01
1.902782525056549323e+00 8.371034064619947701e-01
1.940019002291719641e+00 1.044204565063988177e+00
1.968911989129626505e+00 1.256710594349798260e+00
1.990201402739940173e+00 1.471520766911446954e+00
2.055584118482863154e+00 1.687881057807628205e+00
2.352895203727729534e+00 -1.914249187092565974e+00
2.293159344521841447e+00 -1.702637303373273570e+00
2.279375224620331597e+00 -1.492559492310151947e+00
2.261173222898300139e+00 -1.283702210632868157e+00
2.238081011146463517e+00 -1.077657948287580769e+00
2.210263632927105704e+00 -8.765741199813065210e-01
2.127278528548010694e+00 -6.814031247571479266e-01
2.094933799129200747e+00 -4.975006967602444985e-01
2.066319631308219051e+00 -3.241863248002118669e-01
1.993991561633523091e+00 -1.598649414112741640e-01
1.986875186545180361e+00 -1.603571216773667409e-03
1.994321152484176185e+00 1.566936673532991209e-01
2.066933447243948230e+00 3.212264063350356857e-01
2.095822276819201413e+00 4.947455120298510090e-01
2.128336790574621329e+00 6.789042220662873106e-01
2.211462819627471266e+00 8.742277280090343661e-01
2.239320408278519192e+00 1.075495558822507025e+00
2.262456042243423671e+00 1.281685111152807144e+00
2.280712425642009933e+00 1.490678815553283521e+00
2.294549974399004988e+00 1.700898206444289240e+00
2.643964645267033564e+00 -1.924088140259344826e+00
2.585184202311607393e+00 -1.716758806963628148e+00
2.573115417889468404e+00 -1.510557031768376746e+00
2.558117213597680184e+00 -1.305920194525548972e+00
2.540183377299105594e+00 -1.103966930285559922e+00
2.519781692347445645e+00 -9.060262612434810681e-01
2.498060215910050896e+00 -7.134306384803271728e-01
2.476945446983935817e+00 -5.271449323506754991e-01
2.458985978533511307e+00 -3.473004339415219355e-01
2.446860004689392909e+00 -1.728269155814811386e-01
2.442641993469335304e+00 -1.422445871386211064e-03
2.447116371803554458e+00 1.700088025709001749e-01
2.459488939832072951e+00 3.445641920906026834e-01
2.477666411230421861e+00 5.245431459581300082e-01
2.498950448394507529e+00 7.109967986548637597e-01
2.520790374900018449e+00 9.037646818627479428e-01
2.541276158176987821e+00 1.101863378992269604e+00
2.559277637794782567e+00 1.303959436497521773e+00
2.574335053408095320e+00 1.508731096232630575e+00
2.586454323464071337e+00 1.715065421461567485e+00
