2.083750272086307476e+00 -1.450306778893719062e-01
1.053330957092938114e+00 -1.936739407526603118e-01
1.036015399589789610e+00 -2.243358191613316621e-01
1.008114595394023816e+00 -2.563849825683094386e-01
9.661223186435076160e-01 -2.863095170747969598e-01
9.070925934765756704e-01 -3.077715616059616410e-01
8.307776902522745477e-01 -3.111829996729493231e-01
7.427071870741962512e-01 -2.850895638483894601e-01
6.564908598235151826e-01 -2.205380081823050953e-01
5.923738637649126337e-01 -1.176714719583371871e-01
5.696287558994765909e-01 9.443226620787030165e-03
5.963077571387696008e-01 1.359742304380147093e-01
6.638414370774637918e-01 2.367089475100488394e-01
7.517759843474186576e-01 2.982263702938406369e-01
8.400256358979365512e-01 3.217499839761260860e-01
9.158857783777246686e-01 3.166547439525849716e-01
9.744218030342978176e-01 2.941603990291771220e-01
1.016058313150223880e+00 2.635129305527472710e-01
1.043699402627296324e+00 2.308586641248085991e-01
1.060794172258911816e+00 1.996540352272244134e-01
2.115063920886870008e+00 -1.396550072267180309e-01
1.092181623338045471e+00 -2.016776683368224077e-01
1.081608990502642920e+00 -2.404612409468348255e-01
1.059598006876665721e+00 -2.844286679913448634e-01
1.020308155887594603e+00 -3.308050447439107589e-01
9.568163483497451605e-01 -3.726590160139246488e-01
8.639928908869802804e-01 -3.965020580625591706e-01
7.446213657254364682e-01 -3.823076914145412952e-01
6.166315530583827975e-01 -3.096405470994496034e-01
5.146097791599364424e-01 -1.714784504380499897e-01
4.767949012352260540e-01 1.112275789860337621e-02
5.203783765675560335e-01 1.933121873159411030e-01
6.277354833066270956e-01 3.275838468532288883e-01
7.569701567425944910e-01 3.950437711249295547e-01
8.752943589348297637e-01 4.059875533984151907e-01
9.667578067387326834e-01 3.806423930844932135e-01
1.029416073377074081e+00 3.381404624806235160e-01
1.068285507619948893e+00 2.912306619471481950e-01
1.089986667736387416e+00 2.467062000368803742e-01
1.100268134392075270e+00 2.073960563131805324e-01
2.147892101638433804e+00 -1.251550014847310210e-01
1.138894128704880604e+00 -1.999591123086176536e-01
1.139931030001306356e+00 -2.452704077858612330e-01
1.130959331640703613e+00 -3.004227537603814113e-01
1.104181370893757341e+00 -3.649531354584046872e-01
1.047448401319833078e+00 -4.342794633993795061e-01
9.452468587659115240e-01 -4.931001331650646802e-01
7.903285770498086338e-01 -5.094838906412958446e-01
5.996617466503816329e-01 -4.398939051691420077e-01
4.305882140871113983e-01 -2.565428956249687920e-01
3.644380063219477273e-01 1.288266312396101065e-02
4.398051047771050492e-01 2.837914576111187914e-01
6.173805577137033707e-01 4.580022057557411319e-01
8.062561808696250276e-01 5.197705471158686752e-01
9.579373915155384722e-01 5.001309238314646244e-01
1.057679886241611467e+00 4.412838019291315250e-01
1.113948020792071780e+00 3.720553371302151024e-01
1.140496237402254920e+00 3.069613826500577347e-01
1.149070954024770108e+00 2.511718290022089128e-01
1.147622184688201763e+00 2.053357688765723998e-01
2.178999437270539907e+00 -1.001830538764361955e-01
1.191083680378657972e+00 -1.840954160837142417e-01
1.208811478696673047e+00 -2.314353587337828200e-01
1.221340879955040704e+00 -2.924654864146314370e-01
1.220827388769565758e+00 -3.698627283597591409e-01
1.192964015255566501e+00 -4.652005532305219515e-01
1.108907795027228360e+00 -5.741884735354945146e-01
9.245763143958346530e-01 -6.539260341600144910e-01
6.472719769258156175e-01 -6.219521720426738343e-01
3.584806903340172490e-01 -3.944239633232741182e-01
2.344652303905566393e-01 1.315152402587884718e-02
3.769379668706588360e-01 4.327667607898164071e-01
6.708303194194839003e-01 6.350820929431209017e-01
9.456306423834048847e-01 6.578366687677836833e-01
1.117728761566460838e+00 5.792255203992444645e-01
1.203434915736463440e+00 4.740983943099863485e-01
1.232560229382855699e+00 3.773284358885227729e-01
1.232241102269152400e+00 2.984590045025635185e-01
1.218759147655176012e+00 2.367497023536565826e-01
1.200406062167336696e+00 1.890216453663386975e-01
2.204278413936102687e+00 -6.491639837017949832e-02
1.243874415763225327e+00 -1.502489031799824071e-01
1.281999437984403301e+00 -1.916695153241495531e-01
1.323281292991647984e+00 -2.473997822547669423e-01
1.361249920424703719e+00 -3.226707850775132336e-01
1.381496518860268585e+00 -4.222926898908619942e-01
1.365929710353447124e+00 -5.510375715306545796e-01
1.246679197528571814e+00 -7.412628612876969170e-01
8.168759007028185692e-01 -7.934682006786600850e-01
3.690704777228722144e-01 -5.605268732422685751e-01
9.625722527395379202e-02 1.213321182026910229e-02
4.313110876052586029e-01 6.116649448445674597e-01
8.922009678810103317e-01 8.386498948740851445e-01
1.234854609650338553e+00 7.503074293577149945e-01
1.381664964652003391e+00 5.755746350844671566e-01
1.405792573613324770e+00 4.303704698411044416e-01
1.377237788162505083e+00 3.261050130291738847e-01
1.334897217858567187e+00 2.513293701735332952e-01
1.292209541715827692e+00 1.961224981782253851e-01
1.253577319218764474e+00 1.547287670551058536e-01
2.219653045235486566e+00 -2.164812853484145497e-02
1.289812891033067066e+00 -9.682172851187245688e-02
1.348309726225292771e+00 -1.210364883227808136e-01
1.421462187174219460e+00 -1.526482868466567944e-01
1.510354799132727743e+00 -1.967358223502531089e-01
1.606057012742388324e+00 -2.721272554157644907e-01
1.637457603851709020e+00 -4.247853101116989549e-01
1.524392693496636531e+00 -5.916050082340156280e-01
4.623783655463909459e-01 -1.849425419874546894e-01
-4.696448031315016841e-02 -1.546654298728125654e-01
-1.598441898770193784e-02 5.324834243230176095e-02
3.442631344898042928e-02 4.092421513904058727e-01
6.318120183398322487e-01 7.809576320902172908e-01
1.683264781646010677e+00 6.749865679729856183e-01
1.694324519104701388e+00 3.275017038916561707e-01
1.604282388301233819e+00 2.503717014391163009e-01
1.513213529412112290e+00 1.972881144288214927e-01
1.429050408524373816e+00 1.570009010829896690e-01
1.357758042214836314e+00 1.258273380991367929e-01
1.299778630844392602e+00 1.013055686833925773e-01
2.222369644115797627e+00 2.534859812530017645e-02
1.319987878573144036e+00 -2.649401801801650955e-02
1.391616545951787298e+00 -2.181194985715469506e-02
1.484069513761316461e+00 -5.912840750673310775e-03
1.598205048625823688e+00 3.186548454384488527e-02
1.718633916103383674e+00 8.108860080323083974e-02
1.577898303878860320e+00 1.230651303710285221e-01
-2.833166639317725652e-02 2.754775744421793238e-02
-2.669336294927377590e-02 -1.756203436052572106e-02
-2.776974765130681491e-02 -7.129091232426712152e-03
-2.304222074359590922e-02 4.918626454455342877e-04
-2.122468476358806838e-02 8.325075277114277195e-03
-9.286599786622426467e-03 3.568032663339213914e-03
6.233222098036603903e-02 1.114574537204614246e-01
1.878970032547513602e+00 1.475205985292482591e-01
1.758363365130638067e+00 -3.367182159676566228e-02
1.609040805325188561e+00 -3.082333357913228603e-03
1.493384065470219069e+00 1.892848799710306062e-02
1.402206658815746909e+00 2.906335329426327357e-02
1.330972366154889341e+00 3.148258837591345199e-02
2.211943573604045810e+00 7.085393035490357427e-02
1.327276855332283789e+00 5.257009759450651659e-02
1.398513683437049959e+00 9.144054812446832103e-02
1.485081835296764519e+00 1.624004243614585730e-01
1.580076030621615724e+00 2.915542382182502168e-01
1.650803947967693697e+00 4.701910275543630946e-01
2.328098055938896405e-01 -1.014444934485747435e-01
-4.425652177976231727e-02 5.621693940018426469e-03
-3.772934799089337071e-02 1.412193008182606674e-03
-3.022118579932951341e-02 7.261198696594298695e-04
-2.641079486064033463e-02 2.871310138954505202e-03
-2.519194559902226266e-02 5.811188102442330777e-03
-2.578239265682859618e-02 9.901495839098403348e-03
-3.641310330027492520e-02 1.399287445579588084e-02
1.708064622599589910e-01 5.525087896057011977e-02
1.736379589584654326e+00 -4.369384231057867329e-01
1.606795500643264596e+00 -2.765318909320357843e-01
1.504780175206788861e+00 -1.514403960397551763e-01
1.413778187861202573e+00 -8.410088438245709452e-02
1.340542281162835359e+00 -4.783093652184574468e-02
1.221690491600104345e+00 1.419440213453722899e-01
1.309888660612738454e+00 1.291200114721668402e-01
1.367178329948220972e+00 1.989157629429845475e-01
1.424441874501354288e+00 3.189445210919837903e-01
1.459109294305561244e+00 5.278835880064973729e-01
4.266444519771160349e-01 5.699591074674775076e-02
-2.645263510131930576e-02 4.815960290697693380e-02
-3.660591377558959636e-02 1.501852626977113504e-02
-3.339080500336417956e-02 7.360700089389372175e-03
-3.018852192988035615e-02 4.777855855327229305e-03
-2.803588556647175489e-02 4.786014519774598255e-03
-2.733678634526638326e-02 5.865888911743309848e-03
-2.836983709597714134e-02 6.940357073483078426e-03
-3.105169504462223021e-02 5.533371496284184357e-03
-1.761639616180865620e-02 3.597162588110300579e-04
5.896540836741577252e-01 -1.716770720996010080e-01
1.491980939659344862e+00 -5.280664533027699115e-01
1.450437406703862786e+00 -3.155004242835926509e-01
1.386622760456678094e+00 -1.953045438061427330e-01
1.325592916976392033e+00 -1.262998973766924771e-01
1.205981007157455931e+00 1.639501742784612026e-01
1.271772922366683822e+00 1.927379301765454467e-01
1.305928338404709566e+00 2.832001432463265855e-01
1.320022183139123007e+00 4.330933502216899322e-01
1.241682031806988995e+00 7.000994671759879218e-01
-8.016022409748009558e-02 -1.321398326458153860e-01
-1.946493640774615147e-02 1.322558121756482220e-02
-2.779882922869668024e-02 1.318629060106506559e-02
-2.935618810733479564e-02 8.808556477640044208e-03
-2.891772369907319104e-02 6.455058413170098458e-03
-2.822796959784468554e-02 5.747419719356464292e-03
-2.795140417836516900e-02 5.808684131070098074e-03
-2.825117478373293661e-02 5.703190927549814208e-03
-2.887352556307841087e-02 4.601463912348807694e-03
-3.341050966269955291e-02 1.979031709769608124e-04
-8.563439403201694722e-02 -4.190892812975063886e-03
1.299037657878006513e+00 -7.235703530925645666e-01
1.347196708241265917e+00 -4.401867301894161755e-01
1.327138877387715965e+00 -2.851186186913359788e-01
1.288893740923331199e+00 -1.930160147273431714e-01
1.200708455040386813e+00 1.727715634282749879e-01
1.220719020231338714e+00 2.367889620008993834e-01
1.229473293101692288e+00 3.342860318244255113e-01
1.200631042431435702e+00 4.873877934405282941e-01
1.069295308342754769e+00 7.059852928003922390e-01
-3.453192238879603249e-01 -3.764234489945793988e-02
-2.090346536586624657e-02 1.453318757049245312e-02
-2.466468073927563509e-02 1.014656947735144941e-02
-2.676432249666311353e-02 7.924699533243085431e-03
-2.772708643401028059e-02 6.498140000585997736e-03
-2.798112547209751638e-02 5.968437585940199186e-03
-2.790543629585285137e-02 5.863974987400075861e-03
-2.772090239238289566e-02 5.597216206949975729e-03
-2.724088187303623856e-02 4.883180756304559764e-03
-2.367088988634981003e-02 5.554109266195754457e-03
9.588755628658364449e-02 6.053255798746500632e-02
1.045755527598448920e+00 -7.839260814243169673e-01
1.223992738315144546e+00 -5.056347276521931944e-01
1.249817607983521039e+00 -3.416472864270518328e-01
1.237852608294957024e+00 -2.403638807528989951e-01
1.160679138037945757e+00 1.957551419517839786e-01
1.165490512807226375e+00 2.596347679043132795e-01
1.152989989889694256e+00 3.517347152630335150e-01
1.097221041452488555e+00 4.862681428437226061e-01
9.497171350145313662e-01 6.883837762783078240e-01
-1.226868938815920129e-01 -2.696952302133764044e-03
-2.304739703323540820e-02 8.515432086602360562e-03
-2.268538304639806588e-02 7.581910478917212176e-03
-2.534989953196182741e-02 6.023265873438926089e-03
-2.723235658953673810e-02 5.568422389487671237e-03
-2.800514399448607999e-02 5.778939955318324745e-03
-2.793893305764181753e-02 6.121757338218069243e-03
-2.730142156860593944e-02 6.075385234980352871e-03
-2.678211104923600497e-02 5.396600317151679579e-03
-2.665914323975961814e-02 5.927260014103335854e-03
1.548525965238024271e-01 2.233816114015208659e-02
9.139237336986635318e-01 -7.239375162011499887e-01
1.111920352099604603e+00 -5.089494489670204347e-01
1.170585572996817758e+00 -3.627009348816987999e-01
1.181482258419239706e+00 -2.658607601754254257e-01
1.120461822770171478e+00 2.056924373485691515e-01
1.113215207478149615e+00 2.638609702032508886e-01
1.086779752623535433e+00 3.428664232314755367e-01
1.019959717087500328e+00 4.506401955971342521e-01
8.591580905147419012e-01 6.075987843920750420e-01
2.708488792730740502e-01 7.721059702338636255e-01
-3.249367708426013999e-03 4.795716344662741271e-03
-2.066063664348505996e-02 3.474194771188791973e-03
-2.490965905682267223e-02 2.964167766517766985e-03
-2.784901055679901358e-02 3.958233340025599928e-03
-2.888694288077415726e-02 5.461871116261876949e-03
-2.853138991996272480e-02 6.802205922693210435e-03
-2.695068308666445644e-02 7.356053358042288076e-03
-2.451258874468706037e-02 6.280995322147051377e-03
-3.027557735838448671e-02 -9.044807043454731327e-03
2.691084935162188496e-01 -8.509493935105264528e-01
8.566324709860160258e-01 -6.257218244504053617e-01
1.030539221947534001e+00 -4.699208137100264748e-01
1.101358887577006174e+00 -3.549027679666462709e-01
1.127503246486671662e+00 -2.716860590400032582e-01
1.083527316387022266e+00 2.049450800220697921e-01
1.068146875539148555e+00 2.543620202547997033e-01
1.034716894599073456e+00 3.173613687551228302e-01
9.680075370298605320e-01 3.969779969362632333e-01
8.333917965862914778e-01 4.985182322641205088e-01
5.144210738758631107e-01 6.137513088694354080e-01
3.906112501670547243e-02 4.188437950679393951e-02
-1.480792954968913715e-02 2.876099542040599921e-03
-2.646524762748769452e-02 -2.952652572438004604e-03
-3.043315348417875016e-02 2.184370171604104773e-03
-3.104651948451110990e-02 5.250408164707100200e-03
-3.040830541905018697e-02 8.130809801925535651e-03
-2.698209344364015105e-02 1.106914252065156062e-02
-2.909260915981405973e-02 3.704032734283051360e-03
8.145048151415650028e-02 -1.297699742433839898e-01
5.421999634781735633e-01 -6.207314394805071300e-01
8.402098377165736487e-01 -5.129315242876991698e-01
9.780190325951672037e-01 -4.123018167421328983e-01
1.047081770006040413e+00 -3.289689783318349714e-01
1.080723706056323730e+00 -2.628707349197584864e-01
1.051790074147382681e+00 1.965249554956756406e-01
1.031872250946627156e+00 2.362871957512072962e-01
9.966261880379168048e-01 2.836908526649536966e-01
9.364689199954511212e-01 3.385362003375180229e-01
8.341015909648676896e-01 3.989710234908664388e-01
6.524212098176770391e-01 4.574826634253318369e-01
3.156926715074236389e-01 4.894852351950187419e-01
-1.907389959806914947e-01 -7.839432395457162153e-03
-4.457565502879080876e-02 8.590937667295613610e-04
-3.480950773853992014e-02 3.724139468210086595e-03
-3.410220171502235248e-02 3.789772296247542402e-03
-3.268556510665912573e-02 1.021124177138531437e-02
-5.216246408793694112e-02 1.108683228359697015e-02
-7.484654446532953975e-02 5.975866143207894665e-02
3.758834123868774468e-01 -5.139783626706071473e-01
6.686668221893580233e-01 -4.685157845168800295e-01
8.429029297177355051e-01 -4.125515692575382198e-01
9.461735999843903233e-01 -3.516018838392764301e-01
1.007461303809177533e+00 -2.945586054751656024e-01
1.042971982424736987e+00 -2.449566320994550905e-01
1.025890992857379613e+00 1.833101848820521684e-01
1.004204329056212375e+00 2.139432882952118919e-01
9.703546160828654399e-01 2.479739722773490751e-01
9.189493073182584126e-01 2.837227330996069385e-01
8.424563666577229437e-01 3.175434527487440151e-01
7.305939531922649444e-01 3.423194652593659071e-01
5.718450070967397991e-01 3.455453886729524804e-01
3.562813302671909432e-01 3.130999772980989082e-01
1.437589733036928608e-01 2.450519108361280674e-01
-3.088872145160962909e-02 -5.291737047494565749e-02
-2.919826057937802838e-02 -7.486355787291316434e-03
-4.740276063061719253e-02 1.493036069068743275e-02
4.773721009162692347e-02 -2.548576090883272194e-01
3.606423880779059399e-01 -3.418142361875575741e-01
5.852390071473588806e-01 -3.615658619129580309e-01
7.402831748723787131e-01 -3.558601646636666005e-01
8.510095649035722687e-01 -3.305122719610344983e-01
9.280002460869291037e-01 -2.955794922805059510e-01
9.799967403990699211e-01 -2.582218521196739114e-01
1.014067051509368600e+00 -2.225496841328553077e-01
1.005622133459625367e+00 1.676413540995381202e-01
9.840340807277767610e-01 1.904041472698358439e-01
9.532163569407122727e-01 2.138673815556134949e-01
9.104202742408051829e-01 2.360115714287294997e-01
8.527798575971702322e-01 2.534356743580509774e-01
7.781297132136610895e-01 2.610031581299266379e-01
6.868130587585392632e-01 2.520601546940213211e-01
5.844094497845997438e-01 2.202978428444303249e-01
4.843229401482557761e-01 1.630061432639065833e-01
4.057992327924423437e-01 8.334555069818967710e-02
3.746127913335203230e-01 -1.016910427010274572e-02
4.062665093875310607e-01 -1.045043598214338149e-01
4.869396097535705903e-01 -1.837227024964157296e-01
5.908800432839926842e-01 -2.381348748915820546e-01
6.943944116099018959e-01 -2.671827718292651976e-01
7.856948915578878534e-01 -2.744683947815740321e-01
8.605386872805995679e-01 -2.657261383544635147e-01
9.186291170411921003e-01 -2.470937963839392182e-01
9.618273059824558047e-01 -2.236335412212465401e-01
9.928410731883750007e-01 -1.988643064994289056e-01
1.994242715506502117e+00 1.281165728839303575e-01
1.977536009077610846e+00 1.422157572893971711e-01
9.427703304384477123e-01 1.831301706902619675e-01
9.075518401384243816e-01 1.960068919563396073e-01
8.635076922615553263e-01 2.035744703254413202e-01
8.109334698756769377e-01 2.024492386158999457e-01
7.520851724895355472e-01 1.889466853549321423e-01
6.920113045217292091e-01 1.601550684428398597e-01
6.385954838872399675e-01 1.153584182811153713e-01
6.012280790216608661e-01 5.708132290491890054e-02
5.881567821427918785e-01 -8.897430540028148510e-03
6.028771562528569827e-01 -7.463594161629204249e-02
6.419554150661329617e-01 -1.320775493989680693e-01
6.968438814929996949e-01 -1.755394670656635070e-01
7.578699901712933062e-01 -2.029112577769909831e-01
8.173179342028058514e-01 -2.151557483730824616e-01
8.703910942993232647e-01 -2.151536373758126675e-01
9.148890231861146471e-01 -2.064810904224388954e-01
9.504577870183257282e-01 -1.924898311674014817e-01
1.984682214608028739e+00 -1.509696888491026678e-01
1.979941841821578175e+00 1.082377122355658861e-01
1.966761374028940246e+00 1.204879786600441399e-01
1.947733555552066065e+00 1.280773588507163885e-01
1.924551535368407285e+00 1.330809366796339155e-01
1.897340847141157028e+00 1.339911819681796901e-01
1.866915780243047829e+00 1.291177214140415141e-01
1.829465187868623888e+00 1.248121276961286774e-01
1.796331813203803085e+00 1.034980461574955823e-01
1.768321046923361672e+00 7.312253029250295744e-02
7.007859033358638801e-01 4.076052223150677944e-02
6.934079700524260481e-01 -7.665304515549661510e-03
7.021961496625380716e-01 -5.590308609708295740e-02
1.770117939113390992e+00 -8.593188569693535617e-02
1.799027214179621081e+00 -1.158956035724865719e-01
1.832962702223191576e+00 -1.366734848674291403e-01
1.870988392341365714e+00 -1.401846075592157181e-01
1.902058256547356718e+00 -1.444491251082713479e-01
1.929856633730845150e+00 -1.428672878780221089e-01
1.953540117063489179e+00 -1.371287417344992932e-01
1.972953442010292102e+00 -1.287648547005742772e-01
1.971688832731263830e+00 9.043292745526870791e-02
1.959973014765708177e+00 9.802126624565532520e-02
1.944777396802631619e+00 1.011876015568784759e-01
1.927328983753415326e+00 1.019621868913454799e-01
1.908017626100095399e+00 9.948777986457986444e-02
1.887624360545378188e+00 9.293677712604542229e-02
1.867370267391317729e+00 8.168275060969688861e-02
1.848867976750894204e+00 6.550622098063176024e-02
1.833937547398777568e+00 4.477446540088201449e-02
1.824293971467301656e+00 2.051956462270454126e-02
1.821175915485556240e+00 -5.640630648710268438e-03
1.825034787301558659e+00 -3.174335234871819567e-02
1.835409056877086442e+00 -5.582779761005892544e-02
1.851044839916435869e+00 -7.628484545745660428e-02
1.870211434573252118e+00 -9.209890011316554381e-02
1.891079309468518987e+00 -1.029201831963559022e-01
1.912030612327211276e+00 -1.089803469410652176e-01
1.931836978264812155e+00 -1.109141584459505253e-01
1.949706721712659130e+00 -1.095595104614412452e-01
1.965240281828548596e+00 -1.057889380288949965e-01
