2.106769298171562443e+00 -1.455178988186094091e-01
1.068522826469737952e+00 -1.926447845514621671e-01
1.054471224489844206e+00 -2.258604343548288040e-01
1.029700667819668070e+00 -2.619546251457192665e-01
9.898064535215153059e-01 -2.978110772526658123e-01
9.302025747409968792e-01 -3.270583739149358071e-01
8.483510503686171322e-01 -3.387267169476025352e-01
7.483035036049853206e-01 -3.175522524481569908e-01
6.459114257050200258e-01 -2.494787695438740183e-01
5.680312482191557377e-01 -1.322758466908611763e-01
5.411981948405913956e-01 1.611128016219034662e-02
5.756559493600519328e-01 1.627737737576553378e-01
6.588401385279868405e-01 2.753679301278431635e-01
7.631548273397718019e-01 3.385718190500197622e-01
8.635798607847928743e-01 3.564220491433012228e-01
9.455588841976930725e-01 3.423328908730491338e-01
1.005100700873529318e+00 3.110712820506295606e-01
1.044733403741558542e+00 2.734751132100161075e-01
1.069068457084163093e+00 2.358819677870106490e-01
1.082573755556681450e+00 2.013972495038834909e-01
2.140308152291829469e+00 -1.335427872433841423e-01
1.110226263217772402e+00 -1.957645884355152244e-01
1.104886569775114680e+00 -2.360343684494924932e-01
1.088964469410201863e+00 -2.831841569457626551e-01
1.055942447219335056e+00 -3.354600063788918396e-01
9.969763669676332540e-01 -3.870986298162773509e-01
9.027719065211501359e-01 -4.247403052040169547e-01
7.701481376591650108e-01 -4.238081146780218189e-01
6.174259569394870972e-01 -3.524103132470293165e-01
4.909118093473356370e-01 -1.957234241680481379e-01
4.454937655225802429e-01 1.932294042548066831e-02
5.027987914715952300e-01 2.315070432671968437e-01
6.360792990462844632e-01 3.794808713413285739e-01
7.884635809631630465e-01 4.440393457441431657e-01
9.208032770699802194e-01 4.419094175579801886e-01
1.014941283314700238e+00 4.017151275658554233e-01
1.073586529440174964e+00 3.479462442822751633e-01
1.106054342960010928e+00 2.938200119603466276e-01
1.121204238555690402e+00 2.451074629433591945e-01
1.125674835882405800e+00 2.035828506597755494e-01
2.173190752995285191e+00 -1.110952798882875736e-01
1.158481228469201429e+00 -1.872462831715860643e-01
1.166601228166747273e+00 -2.316672247083336189e-01
1.166933159124067476e+00 -2.870913056484040715e-01
1.151800622454651535e+00 -3.544606048011847976e-01
1.108185821257773540e+00 -4.317596128628189422e-01
1.016149904378967239e+00 -5.077688233134192153e-01
8.560486757491353460e-01 -5.516856996400099078e-01
6.285046603524104825e-01 -4.989639256930992195e-01
4.145921342359889517e-01 -2.966819116107189958e-01
3.334549110765218094e-01 2.319848162097417135e-02
4.344425157295543349e-01 3.387732733653840422e-01
6.539531795178979978e-01 5.224623406337932652e-01
8.767581462980739149e-01 5.714953830040366833e-01
1.037796463906369260e+00 5.237312955682051907e-01
1.129111769728161407e+00 4.451431864682097173e-01
1.172316521864613659e+00 3.656598354782297777e-01
1.186431050805230702e+00 2.962207409355016585e-01
1.184740331964290183e+00 2.392394451943686551e-01
1.175295466148805534e+00 1.937153123806781008e-01
2.201456095611105113e+00 -7.777392234474617139e-02
1.209807848722098234e+00 -1.630428547219510416e-01
1.235543190840421302e+00 -2.057077129306068286e-01
1.259450967841672986e+00 -2.616059624344806989e-01
1.274729038089175814e+00 -3.344984480694351281e-01
1.268057181113578347e+00 -4.281926977979008675e-01
1.212605087622788069e+00 -5.445123540627225811e-01
1.049945942979322977e+00 -6.611860129737572311e-01
7.476899079862475705e-01 -6.958970634575695202e-01
3.722857350493856132e-01 -4.596630169075868744e-01
2.088166451366295640e-01 2.583611533223146434e-02
4.077131225896701294e-01 5.128575670635682204e-01
7.664289388395545410e-01 7.191986652564296145e-01
1.081271893538095830e+00 6.767221047610187945e-01
1.235404533460655374e+00 5.589895554929805721e-01
1.294095689450987408e+00 4.404999844835694178e-01
1.299756097596884707e+00 3.428765646639747589e-01
1.281652448618206597e+00 2.678176270634529677e-01
1.255295003490152217e+00 2.109276605192810794e-01
1.227721776820740462e+00 1.676950814752303232e-01
2.220778359036867489e+00 -3.512571947474760203e-02
1.258331060578605110e+00 -1.204169825175860076e-01
1.303496429658181688e+00 -1.523387173597856581e-01
1.355384149977542751e+00 -1.953116874437744732e-01
1.409585890980869616e+00 -2.548668391125602506e-01
1.453642855246715770e+00 -3.396627419677876736e-01
1.465226687431133934e+00 -4.586759814152686632e-01
1.394441434491736853e+00 -6.325160355262949841e-01
9.624937900159042936e-01 -8.092507605339086529e-01
4.037516572186580777e-01 -5.976601587837613305e-01
8.450383541503568574e-02 2.648081365708035775e-02
5.294895268072055128e-01 6.257647066414055992e-01
1.102874159068473636e+00 8.441822849050837352e-01
1.417049144081331535e+00 6.605999360658394437e-01
1.511216780443565666e+00 4.725828697478070550e-01
1.494251419821762905e+00 3.377252456787592227e-01
1.438257136613261489e+00 2.537726404123291646e-01
1.378342027335064168e+00 1.964310997490460731e-01
1.323677577382974313e+00 1.545306025344830303e-01
1.276738434496203167e+00 1.229948518567597487e-01
2.227626685418618635e+00 1.309732631358714351e-02
1.296243046399739418e+00 -5.949833073818078938e-02
1.358106487520720052e+00 -6.948369928188939670e-02
1.436033347840985686e+00 -7.995830153083376135e-02
1.532096769381129819e+00 -9.244004466586809576e-02
1.642492510181800203e+00 -1.210527682663385951e-01
1.721907687650158891e+00 -2.307760672288356185e-01
1.673942611525266244e+00 -4.645176360763382251e-01
2.001231834604957904e-01 -6.306931813052329971e-02
-6.472406502939667683e-02 -1.956676299142524056e-01
-9.039042267325632721e-03 5.658075243337104543e-02
6.071778679807448426e-02 4.725846977769244117e-01
8.502221075678556561e-01 7.923696251890004483e-01
1.851786216949106390e+00 3.128213429051716621e-01
1.716502435514317915e+00 1.567938322641982407e-01
1.646263256478625481e+00 1.130676739051870577e-01
1.546924945650851813e+00 9.097142618548206827e-02
1.454560122912672782e+00 7.951226665400530635e-02
1.377079286075681530e+00 6.981444562495701944e-02
1.314517912801921096e+00 6.033938211980673094e-02
2.220547274891231826e+00 6.157743182911903923e-02
1.315316943385139936e+00 1.505135125208368306e-02
1.384146071615899753e+00 3.678872399313910801e-02
1.470486650660947303e+00 7.863035840851657909e-02
1.572291495963543895e+00 1.542580215525948262e-01
1.692433888469658809e+00 2.503394437097337111e-01
1.430971712182057987e+00 8.495004005099233979e-02
3.222095683717715042e-01 -3.058588099537040694e-01
1.095064188207630664e-03 -7.343882245947466747e-03
-2.059751343651075595e-02 -1.094331590989637733e-02
-1.541144868648051079e-02 -5.589881801930537270e-03
-8.555811717751269849e-03 -5.741506973122921607e-04
7.025323598367401619e-03 2.411269073953926922e-04
1.536678513300152871e-01 -3.417234814512359886e-02
1.894163221348985404e+00 -2.726717861983540270e-01
1.721655571635618553e+00 -2.593703436627853298e-01
1.596699844013232505e+00 -1.440904560679056867e-01
1.489901157048682423e+00 -7.543911030466741996e-02
1.402991732143241244e+00 -3.661794351799289166e-02
1.333599395979692570e+00 -1.542090121911978209e-02
2.200743665561851969e+00 1.048751440641390170e-01
1.310237127295024617e+00 9.361960197199802047e-02
1.371376049098814054e+00 1.491454634945439117e-01
1.438472314036227218e+00 2.451156903050467906e-01
1.492207029085749426e+00 4.097645358006341554e-01
1.547391603081345046e+00 6.037108666577352123e-01
2.725982681600644941e-01 -4.204860308894033810e-02
-9.073136135276355096e-03 1.593526900785202996e-03
-2.292186918671472798e-02 -4.702382180863301508e-03
-2.013699498381702965e-02 -4.098828373781573074e-03
-1.713291067274051727e-02 -2.334784417397198306e-03
-1.459474872035637812e-02 1.244728890159358184e-03
-1.483841790269091812e-02 7.484180464633861767e-03
-2.513274338451481835e-02 3.052750750004392701e-03
1.083538436537068855e-02 1.330219459561098883e-01
1.555822379473546846e+00 -6.342959910116805489e-01
1.514723940827349180e+00 -4.104120013995391503e-01
1.460737289246737847e+00 -2.473256160630824818e-01
1.391761278806471269e+00 -1.509967702329146622e-01
1.329061460818602880e+00 -9.553682893677900578e-02
1.197267113730603016e+00 1.599399621276210715e-01
1.281654042988387809e+00 1.646378688968732906e-01
1.322451832215727707e+00 2.470327606648789198e-01
1.348240628609746139e+00 3.835751450180142075e-01
1.312470463659300535e+00 6.175737964457165274e-01
4.428155454934736279e-01 1.752115790533111117e-01
-6.304427099408445312e-02 7.634874856565842388e-03
-2.642746269966566100e-02 -6.653601620215999525e-03
-2.316223750379239887e-02 -3.032151265223014848e-03
-2.130665048868596659e-02 -1.786192189039153069e-03
-1.942811843654742437e-02 -1.380650648531052405e-04
-1.823940515094566936e-02 2.286072716802162001e-03
-1.838929032932573246e-02 5.121452634410971969e-03
-1.711643412326736835e-02 7.853755541883129104e-03
-1.399196605602217799e-02 2.818627904308547774e-02
3.445092510337858238e-01 -3.200221586833748022e-01
1.349909602978946355e+00 -6.168007790271826662e-01
1.371619453793278876e+00 -3.898065133117577519e-01
1.343504317881647037e+00 -2.523487307949144887e-01
1.300888701493239541e+00 -1.688259080902930753e-01
1.179534082625842473e+00 1.786161587072777890e-01
1.235843359514523510e+00 2.188317715783701101e-01
1.250276114293028762e+00 3.152276547223061276e-01
1.227329124525084802e+00 4.677978860046872467e-01
1.082177141092568462e+00 6.953526320092510149e-01
5.599395078372465528e-01 1.580094409429795843e-01
-1.828392947123234566e-02 2.343314277408951266e-03
-2.645412298434143827e-02 -1.105658642344843363e-03
-2.437259736808249089e-02 -9.646977641039911630e-04
-2.254391696109268178e-02 -7.414651218440142244e-06
-2.110680007216111931e-02 1.214316865247601004e-03
-2.035805205696974637e-02 2.658918134422225653e-03
-2.083474284632597442e-02 4.278969761264680288e-03
-2.376581785660387622e-02 7.294846628402595380e-03
-3.692799218945110734e-02 1.813369083580016611e-02
-1.293264545862877479e-01 8.989730812396425769e-03
1.104606730878643583e+00 -7.535901071001572804e-01
1.251723591533863589e+00 -4.822544470571074604e-01
1.271188104124004958e+00 -3.244309964384038958e-01
1.254909314441753576e+00 -2.255807857632930458e-01
1.173396462109839833e+00 1.862749345148264901e-01
1.181842297884826420e+00 2.517988153286067066e-01
1.171804608647741830e+00 3.483258898117628233e-01
1.112030181449566113e+00 4.907711438480703015e-01
9.544568875822657672e-01 6.817098085961430520e-01
1.221717790987408847e-01 1.262531282274390043e-01
-3.452676569277213919e-02 -6.243258353893518450e-03
-2.723826047156782323e-02 3.598018985791098627e-04
-2.500686246007690489e-02 9.085727484110849104e-04
-2.344487341270486830e-02 1.509723721921208284e-03
-2.216849715985906577e-02 2.327472587663593703e-03
-2.127341584909519037e-02 2.973288221808598978e-03
-2.141507060816418354e-02 2.833236190347001009e-03
-2.429456388653772683e-02 9.161071551135274802e-04
-3.106936061263493309e-02 -8.301922622931069348e-03
-2.997107957183823279e-01 -3.075556619764819016e-03
9.082495820670477560e-01 -7.374135501529482939e-01
1.130171234849786766e+00 -5.151656312006416272e-01
1.191256215506461880e+00 -3.615066097860325511e-01
1.200074178579538575e+00 -2.609755287344197039e-01
1.133279896040430668e+00 2.021664197608379343e-01
1.128112737947544186e+00 2.642884800122002331e-01
1.100896007657397258e+00 3.506947200173852197e-01
1.024489562152211430e+00 4.700716055089261824e-01
8.438401196229751156e-01 6.456500822679980267e-01
-3.309028808226781582e-01 -3.891147956593264678e-02
-2.699129390796745423e-02 1.236517969301373539e-02
-2.623886410239297320e-02 3.294701931097206854e-03
-2.517481103646162025e-02 2.384274634425545547e-03
-2.414332373090977493e-02 2.765717313754289912e-03
-2.289565826355986766e-02 3.585285336291250610e-03
-2.132319813950601939e-02 4.035126481310235581e-03
-1.959529706108894750e-02 2.920679868665706884e-03
-1.858976141022443060e-02 -1.864590627983283818e-03
-2.072678980360782852e-02 -1.154708005277763246e-02
7.856462847132203442e-02 1.806901062163565608e-01
8.171372603539051038e-01 -6.764687913434282995e-01
1.035424981522338195e+00 -4.954716763642439403e-01
1.117721216933016404e+00 -3.662423727120855399e-01
1.144914380825112765e+00 -2.752839925344142680e-01
1.095108672209564205e+00 2.060366976356699242e-01
1.080333406480207925e+00 2.604697500240970576e-01
1.044000218722550999e+00 3.318038773370661221e-01
9.651469984882786735e-01 4.244839204574377689e-01
7.885818208800322582e-01 5.534916892041013003e-01
6.949260464217690836e-02 4.938453623494413747e-01
-4.538586037799093552e-03 -1.775708991445457477e-02
-2.641381521366966897e-02 2.759064407526191920e-03
-2.503437355601616232e-02 2.964084994123239534e-03
-2.508808642667038208e-02 3.527594095794835388e-03
-2.403885730527329651e-02 5.153358761837267994e-03
-2.156727971057073590e-02 6.525336277431190504e-03
-1.732525648591973916e-02 6.436394972928592521e-03
-9.459943621513934239e-03 2.794660342453294481e-03
-7.302035752239338651e-03 -1.871263954297367263e-02
1.597485306637613095e-02 -4.630225417682109490e-01
7.880266216701200532e-01 -5.733039105270496538e-01
9.747441752043352059e-01 -4.461645754977845435e-01
1.058474820914476089e+00 -3.476500752763015956e-01
1.095488612084930979e+00 -2.724334938274612927e-01
1.061480597467232112e+00 2.007467248279519167e-01
1.041081973207056421e+00 2.456419830842341279e-01
1.001943230729695822e+00 3.009280292448630600e-01
9.297247843320139982e-01 3.676991513791272315e-01
7.913998638107027084e-01 4.487007980281277897e-01
4.621030832544505973e-01 5.381350635072426059e-01
4.837044271209921947e-02 3.912776627492962206e-02
-1.659575536492521181e-02 1.491721033384275051e-02
-2.403197635217495243e-02 1.800125881655789684e-04
-2.746894422575927794e-02 3.416980052235039228e-03
-2.655208013908874967e-02 6.983182114086693322e-03
-2.343257472438590658e-02 1.035857123950372286e-02
-1.725160508286967265e-02 1.345988134592477313e-02
-1.687246757317654652e-02 1.241457909959184196e-02
7.884495608231251174e-02 -9.475297468346828567e-02
5.032024368727988639e-01 -5.467827855548894611e-01
7.993160640840224485e-01 -4.662152556396418901e-01
9.400434281657908953e-01 -3.860307878196162501e-01
1.014833494661601554e+00 -3.160637675276255498e-01
1.054697475749840407e+00 -2.578881922826191109e-01
1.033518097696184190e+00 1.893377445908682177e-01
1.010685974433534362e+00 2.246294575259351334e-01
9.728011931759337205e-01 2.653027372084146296e-01
9.112674009658149332e-01 3.103404080801336340e-01
8.104812622065058481e-01 3.573153102468531461e-01
6.340541148575546959e-01 4.001024854346232340e-01
2.894198427291573839e-01 4.085528875321149944e-01
-1.702135134701605046e-01 -5.199523850838631833e-02
-3.762518933357963252e-02 -1.833476855945336860e-03
-3.364135678561856052e-02 5.445277351866712086e-03
-3.088366614677653943e-02 7.539720168536316602e-03
-2.555575244936098694e-02 1.588510122560961302e-02
-4.230727538203353510e-02 2.094761184782665403e-02
-1.126723439647992209e-01 -1.046445899992807377e-01
3.524633833402541216e-01 -4.521967180216431292e-01
6.519205757613092400e-01 -4.150463877989586936e-01
8.201856057687701984e-01 -3.744015286369909989e-01
9.217448429220485018e-01 -3.267357047626224253e-01
9.845332577210386127e-01 -2.796082822453184735e-01
1.022972810040419622e+00 -2.367935159759829988e-01
1.011305250812049472e+00 1.744479509271990025e-01
9.882542106573369844e-01 2.011165080816469108e-01
9.537349199233325914e-01 2.297497852800746143e-01
9.031404139394881847e-01 2.584750930231217159e-01
8.300547508043256695e-01 2.838616220982724814e-01
7.252087477880253541e-01 2.999969134015694205e-01
5.761288752368232124e-01 2.967349510342861540e-01
3.682547807383485527e-01 2.618893422472707289e-01
1.549858163206498107e-01 2.027073187195727599e-01
-1.319016068659082871e-02 -4.202117796520467297e-02
-2.411583193376702627e-02 -4.541596806950419854e-03
-7.785262410316888537e-02 -3.794150673046694372e-02
7.212854262919311810e-02 -2.182546860472774908e-01
3.744661507090167318e-01 -2.932923738081054110e-01
5.906796523225761320e-01 -3.165203458128367786e-01
7.357313603965166537e-01 -3.173051859450098933e-01
8.394880809723032078e-01 -3.003780735553888137e-01
9.131332551333757319e-01 -2.737372758351188096e-01
9.644460553535183500e-01 -2.433655091584346897e-01
9.993808532080138418e-01 -2.130560430959371476e-01
9.943186208269099158e-01 1.580835965050724212e-01
9.724028294741788869e-01 1.775561907236604953e-01
9.420379655401058816e-01 1.969186026493911501e-01
9.010097567087098636e-01 2.142196675918903448e-01
8.470674712203873913e-01 2.264699357858597772e-01
7.785441995252082581e-01 2.294609715660490823e-01
6.956297963812244634e-01 2.179693752855364486e-01
6.027654474129361395e-01 1.871981374632766260e-01
5.114777404965606955e-01 1.354334351327851904e-01
4.394380597827733381e-01 6.606134608016717147e-02
4.109921106292733217e-01 -1.314386620766367156e-02
4.408614465596411014e-01 -9.268765280484246583e-02
5.154636495115502148e-01 -1.604468458372969586e-01
6.101921269585466323e-01 -2.088182378975926845e-01
7.039451762997113171e-01 -2.368085747302333677e-01
7.868905375235779598e-01 -2.465544180818468323e-01
8.557170270050382666e-01 -2.422456849452911121e-01
9.102174004473524427e-01 -2.286667721305807865e-01
9.517757264590124278e-01 -2.099657250719248747e-01
9.824905116538950045e-01 -1.892216396335671125e-01
1.982776414639178419e+00 1.233536906276159889e-01
1.965411429666659160e+00 1.348305378324462234e-01
1.944648239939415379e+00 1.513106333966598993e-01
1.915188802921401034e+00 1.603478983819244252e-01
1.878935093217190211e+00 1.647133573833898801e-01
8.140434583894397003e-01 1.785371326390382818e-01
7.614028987325167641e-01 1.643153156869301135e-01
7.081712248814152622e-01 1.372156743618570540e-01
6.611327226656107392e-01 9.697776818221086337e-02
6.284205827960938073e-01 4.594812756376732282e-02
6.171933839723741100e-01 -1.103864471397669050e-02
6.304234431842765662e-01 -6.765934203401217928e-02
6.650302565387093967e-01 -1.176109810325225019e-01
7.136005841591205323e-01 -1.563281617126375256e-01
7.678494352542408752e-01 -1.818864227631890595e-01
8.211959880123791411e-01 -1.947411880241395610e-01
1.889018840427234114e+00 -1.815382342880742794e-01
1.925867798114070606e+00 -1.755175380156773768e-01
1.955775420957774235e+00 -1.648663761150909735e-01
1.976451900596329470e+00 -1.467825285767293819e-01
1.971770581379938214e+00 1.030779658298538043e-01
1.958070723511722067e+00 1.133611936011413995e-01
1.939533734926704778e+00 1.186944111804977137e-01
1.917553701335508176e+00 1.213123624520334037e-01
1.892418588616423536e+00 1.199773524611383313e-01
1.864997751927825353e+00 1.133974445580399615e-01
1.831064948698665429e+00 1.072034729406878273e-01
1.802480467737012759e+00 8.660268597373035893e-02
1.778809259220397454e+00 5.881424420944544873e-02
1.751245496114182787e+00 2.783802480005349508e-02
1.745965851629993182e+00 -1.131253277282813323e-02
1.753362230489287965e+00 -5.015755284267409131e-02
1.782647815499272426e+00 -7.971200766699365614e-02
1.807909096790083048e+00 -1.063338379198506684e-01
1.837772389854855692e+00 -1.255822279901682714e-01
1.872398845711928939e+00 -1.300805091550895631e-01
1.900620713912284376e+00 -1.353420405885937261e-01
1.926387336843092823e+00 -1.353762405845056471e-01
1.948837918372169353e+00 -1.314877759998261675e-01
1.967687224985147587e+00 -1.249337979272453214e-01
1.965872498104361377e+00 8.550493444205105320e-02
1.954127576108410702e+00 9.168059725550456451e-02
1.939622229994518054e+00 9.342538939071728943e-02
1.923317042856009129e+00 9.283373746933795689e-02
1.905639010943914302e+00 8.922121850567214796e-02
1.887334616899550177e+00 8.197181750844098613e-02
1.869490643947636199e+00 7.067413887518200766e-02
1.853478180223593563e+00 5.527119816257829166e-02
1.840795541467972418e+00 3.617785205997215564e-02
1.832819338845956159e+00 1.431402209567441547e-02
1.830518866527403699e+00 -8.977713027042826324e-03
1.834224656719049662e+00 -3.212209107810611725e-02
1.843542169978196643e+00 -5.356229146973850996e-02
1.857449776029544974e+00 -7.200504376462793510e-02
1.874539016323482299e+00 -8.659438139225202058e-02
1.893301485571745602e+00 -9.697576658532325311e-02
1.912370055192640361e+00 -1.032526475750748518e-01
1.930666192078884569e+00 -1.058693208792527013e-01
1.947451353474148661e+00 -1.054665016840330288e-01
1.962306911412745825e+00 -1.027493425443348901e-01
