-9.153117860708684939e-01 -2.112909453223229317e+00
-1.285573021929201420e+00 -1.922381129083833073e+00
-1.299247363006913014e+00 -1.738006082220844739e+00
-1.318760717327613241e+00 -1.553126796659430209e+00
-1.345365882721931472e+00 -1.365668830959625879e+00
-1.379767550323727665e+00 -1.172427651560460138e+00
-1.421267389294440742e+00 -9.690710663478004916e-01
-1.466614808034888862e+00 -7.508318519778400812e-01
-1.509201866254907376e+00 -5.144026047788969880e-01
-1.539994313090570222e+00 -2.606701550064515760e-01
-1.550864057964804754e+00 3.697906999173906310e-03
-1.538562794352538843e+00 2.678294705612803694e-01
-1.506583062433942466e+00 5.208322156286575577e-01
-1.463321424568034379e+00 7.563078212895024688e-01
-1.417692182550858160e+00 9.737040385790801666e-01
-1.376103695523502202e+00 1.176373484901741540e+00
-1.341721851561148871e+00 1.369052555012683525e+00
-1.315202342757991749e+00 1.556049759799391641e+00
-1.295812848988711297e+00 1.740554091805524450e+00
-1.282277987077561132e+00 1.924626245396945823e+00
-6.957665922766629318e-01 -2.116416465237933142e+00
-1.065662074329729592e+00 -1.932000010870530193e+00
-1.077422296313132799e+00 -1.752901174995945333e+00
-1.096181649733896091e+00 -1.574952426531588401e+00
-1.124319113077897336e+00 -1.396010079942876958e+00
-1.164088987479991122e+00 -1.212119613370736149e+00
-1.216414576913217527e+00 -1.016936089959453948e+00
-1.278671186582045260e+00 -8.019536247889607061e-01
-1.341746812178222115e+00 -5.590749674792954149e-01
-1.389978677164853682e+00 -2.868898612433263828e-01
-1.407585408564735463e+00 4.351524694192288566e-03
-1.387903647523318407e+00 2.953065448687952621e-01
-1.337987989836716407e+00 5.661941886148983416e-01
-1.274369406743696587e+00 8.075840552342986589e-01
-1.212003808611311628e+00 1.021536126819072354e+00
-1.159725039909051292e+00 1.215928521267394036e+00
-1.120092869941177405e+00 1.399202688415793316e+00
-1.092148372921908361e+00 1.577654221758881370e+00
-1.073611582532711051e+00 1.755223571292417573e+00
-1.062069750222382369e+00 1.934035814147401222e+00
-4.732570953756436438e-01 -2.115665512626944800e+00
-8.404291704974478083e-01 -1.938096159288174913e+00
-8.479231685270524066e-01 -1.764495958952402965e+00
-8.629487126825700072e-01 -1.594500323339734793e+00
-8.892420148048277850e-01 -1.426447279897172127e+00
-9.314133864807770946e-01 -1.256302997868631977e+00
-9.938822502730126907e-01 -1.075916572668258020e+00
-1.077237512773411288e+00 -8.716931320621443824e-01
-1.172064426384055613e+00 -6.255839552318840369e-01
-1.250708746036279573e+00 -3.282422421484700314e-01
-1.280727142216195213e+00 5.135445437613961328e-03
-1.247487524487225441e+00 3.384857192587976682e-01
-1.166502105877993412e+00 6.330140155481558395e-01
-1.071807784494452020e+00 8.772657256940867843e-01
-9.884712537933769694e-01 1.080256899031970752e+00
-9.262698953783944367e-01 1.259807443009487660e+00
-8.843479696020777325e-01 1.429297386311153106e+00
-8.584054852838407523e-01 1.596823084325741604e+00
-8.437518289652157222e-01 1.766468479889031773e+00
-8.365722502508716740e-01 1.939841295347632721e+00
-2.488081428304050047e-01 -2.109216001812149077e+00
-6.101334045902131464e-01 -1.938258442653042923e+00
-6.103375915070924362e-01 -1.769317710916861630e+00
-6.173051596979155509e-01 -1.606998519901832179e+00
-6.360025571178056225e-01 -1.450820247157582843e+00
-6.735985391606026385e-01 -1.297882791570867722e+00
-7.398808500983493630e-01 -1.140557334668058642e+00
-8.451641599160011342e-01 -9.597219272626973385e-01
-9.856279353547219291e-01 -7.240106800814012367e-01
-1.119382390860603982e+00 -3.950153822506796142e-01
-1.174277903884349827e+00 5.637137631339175781e-03
-1.113598887675011362e+00 4.084690862916717791e-01
-9.787392088799753420e-01 7.310188016934727750e-01
-8.375417049295612593e-01 9.649502938922001061e-01
-7.337856335082324488e-01 1.144369056117263028e+00
-6.673646573735162457e-01 1.301078193021545815e+00
-6.301817887551546260e-01 1.452998479338659221e+00
-6.122708005115266028e-01 1.608632824117771420e+00
-6.059139211695538929e-01 1.770774511016342423e+00
-6.061024038502126343e-01 1.939640931617240716e+00
-2.416427252039565765e-02 -2.095928059121190845e+00
-3.761709272159476369e-01 -1.929785245188711862e+00
-3.657995899222287739e-01 -1.762979863884265308e+00
-3.593373163983551999e-01 -1.605650711708356271e+00
-3.625106305955462238e-01 -1.459293963401238736e+00
-3.853279947406299533e-01 -1.322938645803743540e+00
-4.408629753437087739e-01 -1.190776457620549289e+00
-5.529297530949994766e-01 -1.050938936945120528e+00
-7.530558197088743633e-01 -8.416369212099221730e-01
-9.817190223352755263e-01 -4.885053618691016508e-01
-1.092434210416119766e+00 4.455255524259604458e-03
-9.664576199279103497e-01 5.042564510006123379e-01
-7.364322648362083834e-01 8.576166944282235249e-01
-5.478482713318225672e-01 1.055317744744640907e+00
-4.318736026125729044e-01 1.196029051535851817e+00
-3.755649393080259246e-01 1.324117069465261975e+00
-3.558330026732275386e-01 1.459312856206991693e+00
-3.543698934172964110e-01 1.606103058769118963e+00
-3.614717668660021865e-01 1.763841483487898598e+00
-3.721255617046097530e-01 1.930817164102182293e+00
1.983156391359550130e-01 -2.075376707978558333e+00
-1.414771604501301461e-01 -1.910305225288222220e+00
-1.179862725434721593e-01 -1.740884004441558108e+00
-9.274847757246193480e-02 -1.581734341021071355e+00
-6.963893768162712772e-02 -1.436616284379693909e+00
-6.079320136040250455e-02 -1.311229262073219326e+00
-1.023259935580050350e-01 -1.206230991091153282e+00
-2.299840534704858663e-01 -1.083061110922936221e+00
-7.485181808385693580e-01 -6.543201100254284475e-01
-9.787889595377032848e-01 -3.063455979066602719e-01
-1.015034699500251270e+00 2.087900477289265228e-02
-9.846976547736939755e-01 3.832509632981273562e-01
-6.844808040711299890e-01 8.100878114422739307e-01
-2.081063202754511732e-01 1.093490067063132454e+00
-7.870527024103796121e-02 1.189308687255104191e+00
-5.632000507863418881e-02 1.302620296873170824e+00
-6.737232442080315353e-02 1.434638386558706902e+00
-8.954254160666461071e-02 1.581854101881032593e+00
-1.142082035973562282e-01 1.741616302944818839e+00
-1.375276297757855593e-01 1.911185174991991476e+00
4.160294720061826212e-01 -2.048187843609174497e+00
8.945588374005636334e-02 -1.878857842071337547e+00
1.260500862108770437e-01 -1.700277059896706078e+00
1.709202690508456191e-01 -1.527923082317926395e+00
2.228812160252402197e-01 -1.362661274726208349e+00
2.718605801031112046e-01 -1.208287955334518493e+00
1.862285433016015457e-01 -1.088426550726383502e+00
-6.436728243194478338e-01 -7.606174824235695242e-01
-8.044168588205251602e-01 -4.103763546112928484e-01
-8.078660933702410674e-01 -2.011638253337507398e-01
-8.095323432049317258e-01 8.481649731279346715e-05
-8.069419255221160769e-01 2.032648892579818345e-01
-8.035308411683921292e-01 4.094233749927974619e-01
-6.062670061749368955e-01 7.742388110088180841e-01
2.359852800405278783e-01 1.111495690848513629e+00
2.687018720634083424e-01 1.222403402055888488e+00
2.232927921612654354e-01 1.369173410111411249e+00
1.735564679830996493e-01 1.530604467719161033e+00
1.297592573476137878e-01 1.701707801971567902e+00
9.351389122131753551e-02 1.879829672562997267e+00
6.266602346706673377e-01 -2.016118994420623256e+00
3.115209239713439549e-01 -1.836998760509947148e+00
3.576349523301303734e-01 -1.643152745601055065e+00
4.163192486484144084e-01 -1.447474221981503995e+00
4.869922346575464855e-01 -1.246143755313839030e+00
5.430633096431939366e-01 -1.045787146559937986e+00
-2.721160900526312099e-01 -9.670182457320273262e-01
-6.047935662002853485e-01 -6.061020748917553824e-01
-6.092775421807340441e-01 -4.022483602890711829e-01
-6.098872674726910637e-01 -2.006636626439919358e-01
-6.101826823166911495e-01 4.928782743500489515e-04
-6.100195039938689501e-01 2.019116503505625215e-01
-6.099483802702627688e-01 4.039701672080309724e-01
-6.072661893679375256e-01 6.064863792328861747e-01
-3.032243110631122063e-01 9.568475858083302921e-01
5.522286303574258648e-01 1.048323865572114766e+00
4.929893466590082873e-01 1.249968863491628168e+00
4.215753491395282659e-01 1.450386615443686189e+00
3.624515303575064351e-01 1.644841854943772885e+00
3.161142110758617396e-01 1.837932865811735539e+00
7.320240329529557055e-01 -1.979563575903209971e+00
5.206142916376695906e-01 -1.788907877263914648e+00
5.699375020441993511e-01 -1.576134335071222692e+00
6.320965390733992439e-01 -1.350275563112046662e+00
7.022239952775586325e-01 -1.098063045382566605e+00
2.801648064884855738e-01 -1.005414140162704362e+00
-3.959410374395091470e-01 -8.048903049706420676e-01
-4.089902858106638783e-01 -6.025987575093811888e-01
-4.105244177122764904e-01 -4.014031236472342390e-01
-4.109844305328463343e-01 -2.004667026624233073e-01
-4.111711899229184564e-01 4.141166592554914152e-04
-4.112794384756111032e-01 2.013063985396158495e-01
-4.113168383062842937e-01 4.021900688637373711e-01
-4.101515706196230959e-01 6.033512961308690192e-01
-3.980220212815777647e-01 8.105539970024170371e-01
3.073746839859319291e-01 9.894315085603100357e-01
7.111945255734239968e-01 1.102399460717861546e+00
6.393234058979284651e-01 1.352004822778572812e+00
5.760374538762985663e-01 1.577019613875697779e+00
5.259106992611771725e-01 1.789331973586621771e+00
8.312178031317700722e-01 -1.946230600788335208e+00
7.149339614251677411e-01 -1.740491950785428177e+00
7.599406833706188191e-01 -1.509084721650036487e+00
8.128831899501307579e-01 -1.253902225096659162e+00
8.568921077571785005e-01 -9.508419462290768065e-01
1.771724039961575792e-01 -1.009816012030690935e+00
-2.037634539677511125e-01 -8.039860803583466220e-01
-2.101317588562752470e-01 -6.020458583105585681e-01
-2.113928409741128167e-01 -4.011529365519909685e-01
-2.117854021530774788e-01 -2.004064891000437165e-01
-2.119299558042679610e-01 2.957290757817126114e-04
-2.119797989444432429e-01 2.009069077043123541e-01
-2.119256047661150222e-01 4.013483467122050952e-01
-2.114120500242071821e-01 6.017011136702217211e-01
-2.070063511362407738e-01 8.026366640487762050e-01
1.003773672802262401e-01 1.000086605786396188e+00
8.718683620664016143e-01 9.471119487891651589e-01
8.220123556353275962e-01 1.252479555250685772e+00
7.669631523984006272e-01 1.508353237134479663e+00
7.207356741120201082e-01 1.739964344799927343e+00
8.659490225592303414e-01 -1.926690828200832817e+00
8.956106889020039041e-01 -1.697847249669123704e+00
9.299869185865965449e-01 -1.452289454775145927e+00
9.639131267938447767e-01 -1.176979248019349500e+00
9.731520403690433474e-01 -8.551872454959833503e-01
3.066763170634488334e-01 -9.514775640041058802e-01
-7.173522810139646225e-03 -8.032851189558180005e-01
-1.120026789027667169e-02 -6.017255199872083571e-01
-1.211565981200985950e-02 -4.010165071219934374e-01
-1.246650577984323785e-02 -2.003704992446538324e-01
-1.254704247015422415e-02 2.609298593684167820e-04
-1.241070442157061506e-02 2.007485673662919301e-01
-1.205684337049183277e-02 4.009060316764775922e-01
-1.123962632333306427e-02 6.005445332356538213e-01
-7.166734602514694512e-03 7.995575705270742128e-01
2.682553358853108638e-01 9.599151362462733372e-01
9.756790748042976080e-01 8.347637180429895443e-01
9.726424020667132631e-01 1.170915101369555344e+00
9.370429950926753015e-01 1.449485103278406184e+00
9.014733828202037280e-01 1.696162843258691488e+00
1.045563682912384884e+00 -1.900529702206570803e+00
1.066308168170934989e+00 -1.665535699095120448e+00
1.086866877321639002e+00 -1.412860900204476300e+00
1.099472133645312377e+00 -1.131000145017550418e+00
1.082993304082101371e+00 -8.026003114116885273e-01
6.152687381821598800e-01 -8.080930492077659233e-01
1.928524963315686458e-01 -7.992387890608668721e-01
1.885004449157109130e-01 -6.009445758791710501e-01
1.873719753711348135e-01 -4.008919484571065173e-01
1.868781896416593646e-01 -2.003377810200024089e-01
1.868416197480881336e-01 3.630020381278933309e-04
1.872400227110714299e-01 2.009165750979966802e-01
1.881504365762507458e-01 4.009972688421964415e-01
1.898504667922777389e-01 6.001134277522173210e-01
1.950564792245136625e-01 7.975678083332409241e-01
5.543613522044541497e-01 9.069410583999145681e-01
1.074989285216700896e+00 7.779304688305198612e-01
1.105303089606432421e+00 1.122111993892377590e+00
1.092940969177558674e+00 1.408455480263301141e+00
1.071736797996411195e+00 1.662849556733039913e+00
1.220708250266444361e+00 -1.882415343265145369e+00
1.231909601476696148e+00 -1.645540346913673790e+00
1.238849672452741135e+00 -1.392740663657204836e+00
1.233082512361838079e+00 -1.115377335338364251e+00
1.192232412530398911e+00 -7.961420474571613282e-01
9.617429398534222962e-01 -5.076429620219131689e-01
4.022588591176735062e-01 -7.982948716669437950e-01
3.893392806201244616e-01 -6.003775303806531127e-01
3.871185373079829573e-01 -4.010259350309718362e-01
3.860999853843712915e-01 -2.003771395455848647e-01
3.860362980724545423e-01 6.053007296818110894e-04
3.867339061512540255e-01 2.014665728189842242e-01
3.884313541283422877e-01 4.017978891221096749e-01
3.920700832955129611e-01 6.007144754424842414e-01
4.025335585361329294e-01 7.921879168707560703e-01
9.537425372191158379e-01 4.878472104339075521e-01
1.186686250015541955e+00 7.867514284998625707e-01
1.236064938400200708e+00 1.107258785388635092e+00
1.243535625805202605e+00 1.387832645482035332e+00
1.236612471566449711e+00 1.642278143625134801e+00
1.394415560254217867e+00 -1.872492153316159369e+00
1.397040962417696486e+00 -1.637328852484028596e+00
1.392828885959525920e+00 -1.389624359932087660e+00
1.373895064847109770e+00 -1.124178409799618139e+00
1.321856256273464369e+00 -8.324909953601485890e-01
1.179270402692282893e+00 -5.106299713850942501e-01
7.492810860660112926e-01 -6.390232977982065465e-01
5.947620555174892854e-01 -5.978486288056381603e-01
5.868249537704363084e-01 -4.019373698219193547e-01
5.848874357892139830e-01 -2.003502353498138044e-01
5.849010634860926094e-01 9.424069927136180308e-04
5.857871215489439676e-01 2.022362712000988771e-01
5.884935711827570248e-01 4.031942710877107761e-01
5.937608128086692139e-01 5.998150492724327876e-01
7.595698066778860946e-01 6.258401612661190772e-01
1.183811771214984709e+00 5.132176392194064407e-01
1.321214641731180084e+00 8.280249193302582356e-01
1.376055740239227054e+00 1.118336385814725276e+00
1.396465693655564833e+00 1.385080452750862001e+00
1.401020957752947327e+00 1.633921278948883060e+00
1.569178935902822980e+00 -1.869759635884516324e+00
1.565125079906387162e+00 -1.638696736058722569e+00
1.553230915268128065e+00 -1.398969890971759611e+00
1.527178116182868806e+00 -1.148539633628414158e+00
1.475093903977319432e+00 -8.857666782414754802e-01
1.372612271252365845e+00 -6.126370402902923118e-01
1.174852304204884401e+00 -3.544480876031489425e-01
8.366553084897786485e-01 -5.037954697263654635e-01
7.840629604417576060e-01 -3.978811296401640329e-01
7.835849387794723286e-01 -1.981896983384117128e-01
7.839599702757723554e-01 6.534726956474662743e-04
7.848544486385150565e-01 2.024691591678811076e-01
7.844688508109639580e-01 4.000777846644276159e-01
8.549621314285931195e-01 4.895034268047401826e-01
1.198243587808031752e+00 3.491912928998705534e-01
1.377948455730363619e+00 6.128498861300941680e-01
1.476689105033171856e+00 8.822571065474573704e-01
1.529474984611566057e+00 1.144105794971729484e+00
1.556318260588342106e+00 1.394974718811923253e+00
1.568549032420635481e+00 1.635380420400812662e+00
1.746658256006099474e+00 -1.872596919243829205e+00
1.738090307612692564e+00 -1.646762243883480137e+00
1.721916076374820470e+00 -1.415751023555762433e+00
1.693719577724123404e+00 -1.179590894465188278e+00
1.646831410574426835e+00 -9.398186982440034365e-01
1.571873234057911128e+00 -7.015544140037626164e-01
1.459089637945902407e+00 -4.769340278950626177e-01
1.302338001654292921e+00 -2.846369377657009259e-01
1.144627023495018658e+00 -1.588161473036948934e-01
1.011001650837410448e+00 -1.440880826465043840e-01
9.894285019863521269e-01 -4.547010110066926694e-03
1.008119530080854087e+00 1.185223622386080700e-01
1.108194962080217838e+00 1.482155469913156443e-01
1.306370364418802721e+00 2.730633744895949455e-01
1.465467275385354373e+00 4.726316724113798773e-01
1.575392256871157359e+00 6.985156563908313521e-01
1.649170381349486236e+00 9.362096452520274337e-01
1.696170233562954710e+00 1.175747324466680510e+00
1.724718600196149421e+00 1.412151067628260925e+00
1.741120027944073501e+00 1.643594387715844762e+00
1.927675556346001295e+00 -1.879243832966160710e+00
1.916547737586507871e+00 -1.658770787102715083e+00
1.898766939556183031e+00 -1.435780355353990734e+00
1.871573397584346266e+00 -1.211281714599361736e+00
1.831616364116295026e+00 -9.876767471149019428e-01
1.775645725935442121e+00 -7.696432177670604613e-01
1.702464709298226131e+00 -5.647457456785676122e-01
1.616257007957765834e+00 -3.824186901613468859e-01
1.530211061215041468e+00 -2.299591008519123736e-01
1.462938450975582283e+00 -1.065362752932015877e-01
1.436803532973462527e+00 -3.354380952284471452e-03
1.463173526602424390e+00 1.001286655804311532e-01
1.530570367219403760e+00 2.226958516977602942e-01
1.618963031037594646e+00 3.761261410546813955e-01
1.705640507060942612e+00 5.600620329542432829e-01
1.778338594675775264e+00 7.657259583942950254e-01
1.834003321343504078e+00 9.839457898328926033e-01
1.873997477561791802e+00 1.207674924654879911e+00
1.901357767707942070e+00 1.432415783288004230e+00
1.919280155274880162e+00 1.655732805925763662e+00
2.212477882599595436e+00 -1.890413290280326564e+00
2.200634362003435651e+00 -1.675118350192912109e+00
2.133061651204644527e+00 -1.457051865496553855e+00
2.108647419348470997e+00 -1.241318359383026149e+00
2.075817950298701309e+00 -1.028372238525301796e+00
1.982735070788245624e+00 -8.208488038453626290e-01
1.932443832608804701e+00 -6.250568715417547105e-01
1.878292706706326420e+00 -4.448130054390787569e-01
1.828125131905203427e+00 -2.828531805977068658e-01
1.791962956137624907e+00 -1.377385123243975995e-01
1.778822351241122979e+00 -2.970705208844354704e-03
1.792501315856799504e+00 1.318449425414028875e-01
1.829309968002043929e+00 2.771407533769614240e-01
1.880148178053111963e+00 4.396138583809339750e-01
1.934619181015599487e+00 6.205248550545605646e-01
1.984943021348187786e+00 8.168227005783035288e-01
2.078139646442000998e+00 1.024566678897205874e+00
2.111038572845927774e+00 1.237777695534704847e+00
2.135561108381486939e+00 1.453786319305797381e+00
2.203159059707505474e+00 1.672134218767393321e+00
2.500024213861877342e+00 -1.903149766061837500e+00
2.438827857857794434e+00 -1.690400754393970972e+00
2.423048286978959798e+00 -1.479710791551970051e+00
2.402468956723628146e+00 -1.270529459403725081e+00
2.376645615318625282e+00 -1.064585931220245918e+00
2.345835164012227914e+00 -8.641719597615782344e-01
2.259138846730917027e+00 -6.696221076372916858e-01
2.223642242357795951e+00 -4.879271408529636811e-01
2.192403347492716037e+00 -3.176216227664757086e-01
2.117015444962098591e+00 -1.566655736498535900e-01
2.109292958031991905e+00 -2.695236693343554604e-03
2.117540132771270400e+00 1.513378482148768078e-01
2.193373842349754632e+00 3.126325667280436260e-01
2.225038305575378406e+00 4.832472608795960745e-01
2.260828887014355804e+00 6.653207030153128754e-01
2.347737962849690163e+00 8.601804049006458452e-01
2.378670286185728067e+00 1.060901146626689329e+00
2.404602934720213803e+00 1.267112921428884098e+00
2.425286968003347532e+00 1.476552306369460554e+00
2.441154631317124402e+00 1.687501878805278466e+00
2.790427854767565385e+00 -1.914873700371783061e+00
2.730390802714072862e+00 -1.706857840557980843e+00
2.716758180303100900e+00 -1.500443090148516179e+00
2.699995532047109403e+00 -1.295843788317652123e+00
2.680141713624823119e+00 -1.094254529993801794e+00
2.657744879464623011e+00 -8.970735782162516658e-01
2.634071453730455925e+00 -7.056808781595631519e-01
2.611198562547648816e+00 -5.210502419532943019e-01
2.591840638616830450e+00 -3.432697723142582591e-01
2.578829311074230191e+00 -1.711694556454379790e-01
2.574347881851496656e+00 -2.299525792804083413e-03
2.579218577452051964e+00 1.666106198666940374e-01
2.592603905916285534e+00 3.388315239682356261e-01
2.612297169094900617e+00 5.168061713232706689e-01
2.635443675636208738e+00 7.016799298448498368e-01
2.659325804714654851e+00 8.933302666223222888e-01
2.681882973172921680e+00 1.090760725530320441e+00
2.701867089577637771e+00 1.292587353184738053e+00
2.718738463644193359e+00 1.497416762646305521e+00
2.732458508492225491e+00 1.704057951858045650e+00
