-7.521587011829287128e-01 -2.127596402794417418e+00
-1.177527734453446717e+00 -1.941731988506918860e+00
-1.192398167974797918e+00 -1.760847932816287820e+00
-1.214189555801557852e+00 -1.579840506523833454e+00
-1.244651412142955049e+00 -1.396345566465960752e+00
-1.285040001314950331e+00 -1.206515514979606074e+00
-1.335034206597137008e+00 -1.004853224390271249e+00
-1.391092521340622001e+00 -7.848731246297018238e-01
-1.444949378598889389e+00 -5.415342306840598141e-01
-1.484492309046828051e+00 -2.752659367592366069e-01
-1.498391857255561899e+00 5.270370817776083745e-03
-1.482176441361933605e+00 2.853370330592568949e-01
-1.440886161178404512e+00 5.503084899798945662e-01
-1.386168937425674486e+00 7.921179968677780625e-01
-1.329827629292575031e+00 1.010841602680526474e+00
-1.279805779233395002e+00 1.211517288759179634e+00
-1.239531275619400130e+00 1.400572081368234523e+00
-1.209253822000509571e+00 1.583454884197945223e+00
-1.187681200177158169e+00 1.763974599150464728e+00
-1.173039255261361768e+00 1.944470073639312346e+00
-5.291016091317565229e-01 -2.129264555283368221e+00
-9.532696122050958731e-01 -1.951334279597298549e+00
-9.652347785132052715e-01 -1.776357162685811231e+00
-9.852072081207817744e-01 -1.603323799141424866e+00
-1.016267145489836210e+00 -1.429975200492769938e+00
-1.061674705965329535e+00 -1.251832983091394791e+00
-1.123480114559205933e+00 -1.061195020196799010e+00
-1.199657868184078380e+00 -8.469658589750337363e-01
-1.279482120725039307e+00 -5.972400675034564843e-01
-1.342038548203171588e+00 -3.084496111409518737e-01
-1.364825483553785634e+00 6.302252071257175015e-03
-1.338549228925790979e+00 3.203336448810527037e-01
-1.273641114067531221e+00 6.068043226555247527e-01
-1.193306694492903830e+00 8.542318949671351413e-01
-1.117084161261872488e+00 1.066973564151566523e+00
-1.055490542360337791e+00 1.256487965019795761e+00
-1.010385381000273863e+00 1.433830539282002769e+00
-9.796549404322973942e-01 1.606562015534050314e+00
-9.600316962423458556e-01 1.779121522295468161e+00
-9.484005598252748248e-01 1.953744748528611908e+00
-3.033554759297476533e-01 -2.125540067371908926e+00
-7.231314283613451410e-01 -1.956129573846613123e+00
-7.293799976379458094e-01 -1.786906362166832851e+00
-7.438057574120753301e-01 -1.622454907666208923e+00
-7.709120653768142262e-01 -1.461299188397730653e+00
-8.166947296642889098e-01 -1.299370905552950095e+00
-8.879184537940554289e-01 -1.127551566407582362e+00
-9.874546900583629494e-01 -9.289429959740336251e-01
-1.106815960641066798e+00 -6.790651158451319613e-01
-1.209718583123444269e+00 -3.607650127621768732e-01
-1.249137604120216238e+00 7.551207611752807150e-03
-1.204145238516169947e+00 3.750556341629552315e-01
-1.098437248837408120e+00 6.884935992748054678e-01
-9.794286237621021574e-01 9.360014062647487032e-01
-8.801786349723643710e-01 1.132576990321795485e+00
-8.095884408805517074e-01 1.303421228882517768e+00
-7.641969947701411359e-01 1.464589196293085926e+00
-7.376054880825643201e-01 1.625104944142153007e+00
-7.237228239763422444e-01 1.789137877166053991e+00
-7.179356559611774768e-01 1.958099869856340103e+00
-7.638619687807735037e-02 -2.115035971214166644e+00
-4.877949902836632989e-01 -1.953336061116792255e+00
-4.849628897788011983e-01 -1.788347610081683303e+00
-4.888870849219775216e-01 -1.631257409130954628e+00
-5.051562641354216954e-01 -1.482023838885542233e+00
-5.422222375691815310e-01 -1.338273032233432192e+00
-6.124828481887525378e-01 -1.192974710768016644e+00
-7.334031722546319187e-01 -1.026174532534577910e+00
-9.042398274900413924e-01 -7.953111314627644424e-01
-1.080229307737565758e+00 -4.446941362998889646e-01
-1.154797971766641007e+00 8.368652871443751223e-03
-1.071112069757422791e+00 4.628666875845488526e-01
-8.945536555990296623e-01 8.051253340044375317e-01
-7.225756628541546434e-01 1.030987217986555127e+00
-6.044212967446003226e-01 1.197424526593556582e+00
-5.336384314867959056e-01 1.341827857193471196e+00
-4.972151415711959510e-01 1.484260323366735079e+00
-4.820732478338530247e-01 1.632880600240180113e+00
-4.790121147570435833e-01 1.789816434122638578e+00
-4.824073474399506178e-01 1.954766556203279215e+00
1.496343787585274199e-01 -2.096886434636216823e+00
-2.493031609546960681e-01 -1.940063773967749983e+00
-2.340678375017796464e-01 -1.775837000181240910e+00
-2.219057443948718733e-01 -1.621963484963655056e+00
-2.188859583751115168e-01 -1.480489319729603181e+00
-2.361620664309054818e-01 -1.351515900537393344e+00
-2.894094807878759279e-01 -1.230492921565884634e+00
-4.075072282211843477e-01 -1.106888850410566727e+00
-6.458503334500197424e-01 -9.259188456783523646e-01
-9.429642059289077283e-01 -5.476673011840771377e-01
-1.084422555637707175e+00 6.959872097783949101e-03
-9.161515861730823440e-01 5.653814275771376074e-01
-6.190747094382186289e-01 9.348057343040948597e-01
-3.992379762168091761e-01 1.112785888040599414e+00
-2.757022552475671962e-01 1.234934456003712988e+00
-2.231951313751462385e-01 1.351030883514048986e+00
-2.101443334028889609e-01 1.479536533924721953e+00
-2.153274226359632726e-01 1.621922256176955290e+00
-2.283242024076098664e-01 1.776448414194109038e+00
-2.439583895444705774e-01 1.940973800745725786e+00
3.720644968880482684e-01 -2.071153333891752268e+00
-1.138056283390120882e-02 -1.914081959984098580e+00
1.833685789264075106e-02 -1.744796844483779141e+00
5.134275455182382708e-02 -1.585400136204575317e+00
8.386422249429195674e-02 -1.439567014875489992e+00
1.032389420879152864e-01 -1.314016657950348055e+00
7.022078750048452167e-02 -1.216037398351425214e+00
-6.166296608114815725e-02 -1.110500748676164884e+00
-7.413838124734921653e-01 -6.574653719487889569e-01
-9.794636159822799337e-01 -3.286447366817187854e-01
-1.015224806594509088e+00 2.534507576363345671e-02
-9.670456683647554730e-01 4.316177808205036159e-01
-5.898013595782112262e-01 8.782423252240053602e-01
-3.741064245187442072e-02 1.103059157338982743e+00
9.005456460109556582e-02 1.196192831439773840e+00
1.070461738692353726e-01 1.305433586213938568e+00
8.660907961672814626e-02 1.437276633167660522e+00
5.553011166472143767e-02 1.585127541458147604e+00
2.327070705712297460e-02 1.745221138655704829e+00
-6.244830744004198353e-03 1.914748520774094409e+00
5.882800267640392322e-01 -2.039056555732126963e+00
2.207426986331218477e-01 -1.875031443235723572e+00
2.638206506733877243e-01 -1.693365545858103838e+00
3.164935481414380414e-01 -1.515536701093374683e+00
3.770163535282952672e-01 -1.341086439554364906e+00
4.352168661272212136e-01 -1.174220532421847318e+00
3.276541104111190261e-01 -1.079155105155116701e+00
-6.289514604110260088e-01 -7.762629141781925979e-01
-8.023282628932499883e-01 -4.111002585476567495e-01
-8.093429704017508497e-01 -2.022595615332495322e-01
-8.108563604249163781e-01 -5.158898972399297671e-04
-8.075733459845780837e-01 2.031133683149089764e-01
-8.037541976202151606e-01 4.098728487311269486e-01
-5.975026028155021596e-01 7.793267242613378665e-01
4.034238006241624430e-01 1.067523387736250218e+00
4.323635299733810111e-01 1.187180393392662792e+00
3.788242792407893189e-01 1.348115103206166676e+00
3.201717846067184126e-01 1.518346007885948756e+00
2.685965646528464812e-01 1.694630018355265610e+00
2.259165307022653058e-01 1.875782203173706142e+00
7.962220327669278230e-01 -2.002885320554484760e+00
4.415906351598382074e-01 -1.825483541624113082e+00
4.930326119783710048e-01 -1.625360086988905772e+00
5.569828165144267151e-01 -1.419161718104517966e+00
6.301743284914900212e-01 -1.200196541150011287e+00
6.809235296737889964e-01 -9.768762594505246977e-01
-2.462612502453813967e-01 -9.703134748567622259e-01
-6.043060302206052503e-01 -6.065161823927601725e-01
-6.104861310017449805e-01 -4.029713346180274214e-01
-6.112886600032314544e-01 -2.011678729488894923e-01
-6.115269631186668331e-01 3.979346546717873372e-05
-6.112058584542420236e-01 2.016206644641219403e-01
-6.110049971292587090e-01 4.040161142486228818e-01
-6.082030485287412969e-01 6.069628638530646381e-01
-2.736217946457179528e-01 9.625098111938955592e-01
6.955434835227413126e-01 9.815004260169462036e-01
6.372915846305485799e-01 1.205015696441293915e+00
5.633835098121231511e-01 1.422000808856112686e+00
4.990071453839002302e-01 1.626855839278141369e+00
4.473132783111093413e-01 1.826169018493213336e+00
8.506280265129027018e-01 -1.962694532470294018e+00
6.472805625540691832e-01 -1.770720537168657405e+00
6.996578310450659588e-01 -1.549311170958700412e+00
7.624967444132140226e-01 -1.309512801155629180e+00
8.247207122921139666e-01 -1.035045642118150200e+00
3.426749605804598753e-01 -1.009064107188055948e+00
-3.975147896251834956e-01 -8.068365573128221113e-01
-4.102734248043272691e-01 -6.037655275647006992e-01
-4.119776096656863618e-01 -4.019792023302813377e-01
-4.124610798697139202e-01 -2.008862450813785894e-01
-4.125842004609965308e-01 5.919427440340466456e-05
-4.126085731710457671e-01 2.010104480509947167e-01
-4.125786776410026446e-01 4.019630818304081865e-01
-4.110673330062335484e-01 6.032151281318116620e-01
-3.963370102021941399e-01 8.123648698084683373e-01
3.237549621120348053e-01 9.821483964036412662e-01
8.375001462644195982e-01 1.039187488695807904e+00
7.712541684726861302e-01 1.311127135287639245e+00
7.070053038076371532e-01 1.549870099327613771e+00
6.537444018606636265e-01 1.770803690219545645e+00
9.479725002993777405e-01 -1.927680056278988641e+00
8.367256060873091705e-01 -1.717460222666290948e+00
8.821133517350197017e-01 -1.476410409406681223e+00
9.309550350215961556e-01 -1.206550594600352966e+00
9.583957909058834490e-01 -8.839199162072153282e-01
2.225485678056605132e-01 -9.987301103457167928e-01
-2.044588768655561939e-01 -8.045937780669402128e-01
-2.118526396763163178e-01 -6.025850205419124306e-01
-2.130483133157036468e-01 -4.015411109505563902e-01
-2.133396241933454840e-01 -2.007011379003096618e-01
-2.133739212773636540e-01 3.337285288389094454e-05
-2.133215977037404842e-01 2.006298185039780968e-01
-2.132006163275007304e-01 4.010171899643607540e-01
-2.126595101819874212e-01 6.013941535951028428e-01
-2.078764220407170737e-01 8.033178083602461328e-01
1.162715812191777859e-01 1.007528823140822372e+00
9.729326939887632530e-01 8.745347961111922253e-01
9.418116295406663285e-01 1.204074509417190075e+00
8.904658639298104195e-01 1.475090246481685741e+00
8.437166324898333070e-01 1.716450173327547235e+00
9.820553920828547501e-01 -1.907439927078161901e+00
1.011974245041425080e+00 -1.672102965652914275e+00
1.044461937379729255e+00 -1.417208178663209805e+00
1.071178310689082647e+00 -1.128663687334788168e+00
1.063317728900297521e+00 -7.896441903056513612e-01
3.208230422227028589e-01 -9.491104346142015258e-01
-8.810217167473426148e-03 -8.036707986156292893e-01
-1.303451495366164149e-02 -6.018968239365737327e-01
-1.384639608177817664e-02 -4.011597304371550266e-01
-1.405549999564430393e-02 -2.004929747285533748e-01
-1.397887726955652880e-02 1.339002715791573039e-04
-1.366963364119499515e-02 2.005500743632444294e-01
-1.316021204606690302e-02 4.005072533012669633e-01
-1.228256102789662685e-02 5.997194763616836566e-01
-7.989055822299907100e-03 7.974469084444669731e-01
2.823020062110405681e-01 9.543441626540452027e-01
1.060402742237542384e+00 7.659985182468083131e-01
1.080907115080859349e+00 1.120675318571961121e+00
1.052769389469572214e+00 1.413477874743374274e+00
1.018999813302100765e+00 1.669772288455493525e+00
1.157711472498525351e+00 -1.880038837266853946e+00
1.177476306159760178e+00 -1.639026115799457228e+00
1.194696308208103908e+00 -1.378175735330742224e+00
1.198950541702518580e+00 -1.085397926614673825e+00
1.163262390162709714e+00 -7.413715736587898064e-01
5.872759869886555739e-01 -8.113191092842576557e-01
1.917541968153393672e-01 -7.983670997890091048e-01
1.867676612605195519e-01 -6.007337476234082541e-01
1.856603470115719967e-01 -4.007924537406420962e-01
1.852867924588955939e-01 -2.002667263801122255e-01
1.854380339990372439e-01 4.338687495853706219e-04
1.861212399157650965e-01 2.009229142167472393e-01
1.874240642243134580e-01 4.007389585111404973e-01
1.896129196625032098e-01 5.991867683465361694e-01
1.957957695330334036e-01 7.956524038291133971e-01
5.912232395464049883e-01 9.035976244122280177e-01
1.152374914195738453e+00 7.152253703282049901e-01
1.205190224488858153e+00 1.074633878790148600e+00
1.201824437518250077e+00 1.372658062550739189e+00
1.183986244652953435e+00 1.635562976630697829e+00
1.329183325791448267e+00 -1.861810791368384566e+00
1.338587042561346419e+00 -1.619746490728511512e+00
1.341526682838354967e+00 -1.360294369699772243e+00
1.327544289052465798e+00 -1.074533412676578203e+00
1.268813651185806357e+00 -7.439677816058705151e-01
9.705173944737117697e-01 -4.742182208441801938e-01
4.035875912386586717e-01 -7.986727202559008587e-01
3.876809123084874464e-01 -5.998476778599448611e-01
3.855247506773490374e-01 -4.007200673444874517e-01
3.844951221071439273e-01 -2.001424348910512963e-01
3.845986553656709495e-01 9.317828825550271378e-04
3.857032510734408892e-01 2.018555585746532599e-01
3.881151311105833779e-01 4.020529858742051821e-01
3.930448229620416845e-01 6.002852697433121998e-01
4.048359632622043347e-01 7.886577938191146053e-01
9.497814704398558350e-01 4.525761490845215396e-01
1.262959146772509200e+00 7.335744676787675500e-01
1.330949459133093482e+00 1.064903296452739845e+00
1.347109338727805028e+00 1.354269368271583840e+00
1.344268917514079398e+00 1.615641740258050074e+00
1.499715097066217195e+00 -1.852603539242683395e+00
1.500107197592778885e+00 -1.613209737763213303e+00
1.491803842902693855e+00 -1.360399730849957578e+00
1.465567577290055379e+00 -1.088943166260142315e+00
1.399864600284462579e+00 -7.901705856997178756e-01
1.224473447202852450e+00 -4.605835322888783279e-01
7.588306898679988421e-01 -6.278350649032695685e-01
5.948359496253292633e-01 -5.956210701687165709e-01
5.856118942727617238e-01 -4.017454452887212479e-01
5.831278402797309690e-01 -2.000669874046454855e-01
5.832571044134728933e-01 1.558215713042635300e-03
5.846476318653103244e-01 2.031474796588666754e-01
5.883438711442279256e-01 4.043038230914202114e-01
5.950382601462955723e-01 6.007363449362397301e-01
7.723442125047165208e-01 6.146440086850954998e-01
1.233390382607381319e+00 4.631106446860640546e-01
1.399701225122137238e+00 7.847042200173107718e-01
1.468315138259417285e+00 1.081865035266461827e+00
1.496253130283067279e+00 1.354807270373092898e+00
1.504972953578323391e+00 1.608945477713939143e+00
1.671875601813875178e+00 -1.851121615898573047e+00
1.665441929863183290e+00 -1.616761522742291124e+00
1.649706571420671786e+00 -1.373305332594847883e+00
1.617554449225237168e+00 -1.118843159090398443e+00
1.555658896301508332e+00 -8.519856426348576539e-01
1.436110967276788886e+00 -5.752386583853097424e-01
1.204032825584492983e+00 -3.168670571192884200e-01
8.312986314017880574e-01 -5.052803171819924000e-01
7.826146516794272312e-01 -3.981595695254970813e-01
7.811729416024215666e-01 -1.975829297758337211e-01
7.819037487009249388e-01 1.462582310089796753e-03
7.836265028105742214e-01 2.039605439651650254e-01
7.826914851803589146e-01 4.018033746604325329e-01
8.562868275526183126e-01 4.824627652951780643e-01
1.233451718898600280e+00 3.085948282230927542e-01
1.443041149737776641e+00 5.746746708026705397e-01
1.557907067091186537e+00 8.474092750578799960e-01
1.620513743125949313e+00 1.113312073493914145e+00
1.653552610796151345e+00 1.368328105268999950e+00
1.669673514244956358e+00 1.612598506546643051e+00
1.847310442444953349e+00 -1.855497860064978966e+00
1.836406511296386546e+00 -1.627187993591967530e+00
1.816799932049492750e+00 -1.393567357048207667e+00
1.783656092492697409e+00 -1.154851736114015148e+00
1.729721726345642141e+00 -9.129001725293066638e-01
1.644745180862043465e+00 -6.733546536202205113e-01
1.517677757421560525e+00 -4.492283837420940062e-01
1.340570575013593890e+00 -2.603686504642799271e-01
1.161318637812357668e+00 -1.404655241825687739e-01
1.012658556775379193e+00 -1.453447653935025230e-01
9.873852417360987621e-01 -4.419644466998158376e-03
1.004487043422841230e+00 1.150259499671474478e-01
1.117420905722816382e+00 1.291291106971569347e-01
1.345355589822897491e+00 2.465365924825493327e-01
1.525371570262108234e+00 4.436714512572608737e-01
1.649084408276302760e+00 6.692265713833205343e-01
1.732708608588491517e+00 9.082108309932612755e-01
1.786767376140197428e+00 1.149979923032105500e+00
1.820310443061738725e+00 1.389033138263833012e+00
1.840176066054912019e+00 1.623190382421968225e+00
2.077073467728792977e+00 -1.864589707833575138e+00
2.063913905582675845e+00 -1.642371408840623381e+00
1.992707678493750523e+00 -1.416775376746653547e+00
1.961538602062031345e+00 -1.190752712985917006e+00
1.916414684475757468e+00 -9.661279691198244590e-01
1.853936753875974563e+00 -7.479536722506698876e-01
1.772915367387811303e+00 -5.442488306781297913e-01
1.677910426468011584e+00 -3.648643451009762062e-01
1.583158890066054258e+00 -2.172515284111323219e-01
1.508972005844591457e+00 -1.002657150783646395e-01
1.480112297338535221e+00 -4.366159042540071825e-03
1.509378202437034133e+00 9.183695240506677127e-02
1.583908148044080866e+00 2.081752213808789331e-01
1.681263779142988968e+00 3.570827410011085390e-01
1.776754574058907021e+00 5.383061599455775115e-01
1.857241172640547777e+00 7.428991837403620124e-01
1.919400144918641971e+00 9.613367561613640477e-01
1.964584600386042990e+00 1.186162285690031126e+00
1.995952313120823440e+00 1.412512074010075613e+00
2.067283606107118477e+00 1.638542959589189163e+00
2.360260927004507181e+00 -1.878055045463265849e+00
2.346640980785465569e+00 -1.661748861773387764e+00
2.276927926850907280e+00 -1.442213737181793798e+00
2.249617667257726161e+00 -1.225785222514978789e+00
2.213300392955364959e+00 -1.012611226732208713e+00
2.115738637107282827e+00 -8.045418587926308485e-01
2.060724569950209695e+00 -6.100782927976605707e-01
1.950200717888588064e+00 -4.318314707601175750e-01
1.895620051924964633e+00 -2.736394352164133736e-01
1.856385888956949337e+00 -1.332638888344251649e-01
1.842186313928284136e+00 -3.766906821675608183e-03
1.857094442565864867e+00 1.258137188524898198e-01
1.897124612167433000e+00 2.664706946202227700e-01
1.952482335515657752e+00 4.253072868278146568e-01
2.063380417495447983e+00 6.043963116385155931e-01
2.118443998051968258e+00 7.994649174158398042e-01
2.216119128987707576e+00 1.007840480155941076e+00
2.252531064183249665e+00 1.221346956608174272e+00
2.279975192877520485e+00 1.438116786875460962e+00
2.349720901773102000e+00 1.658003116848949743e+00
2.646889694979172258e+00 -1.892845339093071955e+00
2.584292751253942644e+00 -1.679163088340768439e+00
2.566686541888723916e+00 -1.468047837667503464e+00
2.543977686541767813e+00 -1.258713298789067903e+00
2.515757758096795804e+00 -1.052994293169720041e+00
2.482369675817345911e+00 -8.532872480543988170e-01
2.392471360602586028e+00 -6.593976238564194237e-01
2.354341091880784109e+00 -4.796512877797995955e-01
2.320927261078912451e+00 -3.119094628538188751e-01
2.242946251459427387e+00 -1.537701543900146239e-01
2.234712549858115516e+00 -3.336471623219443208e-03
2.243588688503532325e+00 1.471787638602526649e-01
2.322105738403130282e+00 3.057341083184724195e-01
2.356025167641286444e+00 4.738496667961935027e-01
2.394509656286595067e+00 6.540448256866479015e-01
2.484651022239368512e+00 8.483259256824009498e-01
2.518198387259560800e+00 1.048401209132489686e+00
2.546559220110040211e+00 1.254447342319928271e+00
2.569399408617764280e+00 1.464096955360687291e+00
2.587115129515086487e+00 1.675527124268350709e+00
2.936825198565195194e+00 -1.906319013708539511e+00
2.875610184043469353e+00 -1.697748091489248434e+00
2.860561825795902013e+00 -1.491219839520539381e+00
2.842228115117792164e+00 -1.286733430836474845e+00
2.820691214289848592e+00 -1.085541316217538244e+00
2.796569884428779407e+00 -8.890913240811929574e-01
2.771229319327344953e+00 -6.987935578843174067e-01
2.746868254249950958e+00 -5.156210348561757195e-01
2.726332205542211007e+00 -3.396216050051848456e-01
2.712572514919757261e+00 -1.695438068711121460e-01
2.707856767854269098e+00 -2.822435573648002238e-03
2.713036374780406934e+00 1.639471648549008786e-01
2.727240588377060071e+00 3.341683022566780958e-01
2.748175387342497888e+00 5.103960714311132074e-01
2.772864967008386028e+00 6.938532400163150982e-01
2.798460784991679606e+00 8.844540596807477506e-01
2.822781661748912096e+00 1.081200569643316456e+00
2.844481794403944441e+00 1.282677387694609372e+00
2.862951597889523914e+00 1.487440866938033679e+00
2.878109586225368499e+00 1.694241653773541856e+00
