2.125876703556457858e+00 -1.370455096278108131e-01
1.088845122140979393e+00 -1.934544742729826239e-01
1.078592170212407719e+00 -2.295142453420440098e-01
1.057516652838952798e+00 -2.700783390331251699e-01
1.020246240688015726e+00 -3.124425950865014623e-01
9.605589091875280650e-01 -3.501871110847635804e-01
8.736841110100961316e-01 -3.712235930348589119e-01
7.615169014412651594e-01 -3.569380297594718643e-01
6.409500009153200617e-01 -2.874663367852963725e-01
5.454566753041141247e-01 -1.559648921822857914e-01
5.118325306561785082e-01 1.667062880058530275e-02
5.546170694016454572e-01 1.870109540771420220e-01
6.561607627822421129e-01 3.129769848262576870e-01
7.793688822097670776e-01 3.765112849047241306e-01
8.921656028364624014e-01 3.860922143895510472e-01
9.786486654952976094e-01 3.612961619835025617e-01
1.037222131065171027e+00 3.207989112692296585e-01
1.073184731444289497e+00 2.765385954090278098e-01
1.092970393646667482e+00 2.346432677282877799e-01
1.102023521118699501e+00 1.976420833018301126e-01
2.158609659572121142e+00 -1.188945858706757369e-01
1.133642059019148496e+00 -1.907381494959248802e-01
1.134236546534981072e+00 -2.324734088877813132e-01
1.125239822978618687e+00 -2.828991757949951835e-01
1.099324658223131523e+00 -3.413502703802211435e-01
1.045556339703778370e+00 -4.030734801477963147e-01
9.511616449110105176e-01 -4.544964138608001969e-01
8.077300832412234177e-01 -4.689459263146491530e-01
6.294754523326777651e-01 -4.034970255165624131e-01
4.723343704198657567e-01 -2.311522079100472304e-01
4.141190573841250222e-01 2.057551566370453833e-02
4.867906691887842752e-01 2.679837406096218233e-01
6.512995698334070882e-01 4.308140382305837846e-01
8.305297885569992156e-01 4.876464390007086425e-01
9.744312940345697394e-01 4.674405985583072187e-01
1.066992893905920115e+00 4.113695633008532249e-01
1.118547269627406804e+00 3.471746306889103018e-01
1.142549650569806952e+00 2.871727790415034565e-01
1.149792344813025835e+00 2.357120002749632237e-01
1.147641732356116773e+00 1.933340810202304472e-01
2.188371707896838103e+00 -9.015334512423858748e-02
1.183265386802723196e+00 -1.742774406437032908e-01
1.199158103000739661e+00 -2.172669624777791575e-01
1.209757549570159796e+00 -2.723283549902553724e-01
1.207523360813925084e+00 -3.420397329744983561e-01
1.178126281377794848e+00 -4.274720725022779222e-01
1.095493592172035013e+00 -5.204277067969916848e-01
9.344745374968008722e-01 -5.866128174235784032e-01
6.763356400430059479e-01 -5.619592336675935940e-01
4.107396517604992026e-01 -3.495355107318169341e-01
3.033318166644371483e-01 2.529516292803841299e-02
4.340997067090815453e-01 3.924271623072116966e-01
7.065292018688691389e-01 5.849939343106834722e-01
9.656935993572164367e-01 6.046189872143588051e-01
1.123691755769729239e+00 5.262802971798258289e-01
1.201349667285575462e+00 4.313490459005485667e-01
1.228635552162760325e+00 3.445151865727608675e-01
1.228480090107143541e+00 2.735824624532127713e-01
1.215534469311700283e+00 2.179773248655777484e-01
1.197713726317401806e+00 1.748845085946083566e-01
2.211054890696581676e+00 -5.151386212413647941e-02
1.232941304027268981e+00 -1.406365206475064245e-01
1.266946769269653661e+00 -1.774275074900817373e-01
1.302623652991084624e+00 -2.264558083709429792e-01
1.334399006242955599e+00 -2.925494842246908478e-01
1.350354215099987876e+00 -3.822209853437936733e-01
1.325825169071715548e+00 -5.055136097333537970e-01
1.179205268657831374e+00 -6.671889774298889186e-01
8.798792467942746498e-01 -7.332542871955560759e-01
4.182842558513008013e-01 -5.343290573355004014e-01
1.846368564537208268e-01 2.820457749665261984e-02
4.458808508898067791e-01 5.889592889134515064e-01
9.121831163862790248e-01 7.730472907273079342e-01
1.215558747998056965e+00 6.558426136830535214e-01
1.349902559593360252e+00 5.109752380812145889e-01
1.378482305666461238e+00 3.822616642190014291e-01
1.358534046804862783e+00 2.891581039465922487e-01
1.322116231156893251e+00 2.229532430395310405e-01
1.283227167104469713e+00 1.748385782591271587e-01
1.247136340105363450e+00 1.389688401758260305e-01
2.222788436850597016e+00 -5.708223696235098336e-03
1.275780951680656417e+00 -8.858630138302935053e-02
1.327205936378395901e+00 -1.093473112369710148e-01
1.388431792501236828e+00 -1.369698761528806707e-01
1.457128666411511064e+00 -1.769767018971035721e-01
1.523541936831541044e+00 -2.419955703830541371e-01
1.561871791039529223e+00 -3.482447953287150511e-01
1.533625832325892224e+00 -5.130519479518904635e-01
1.200070168509399737e+00 -9.076319494603527493e-01
4.038938332628319583e-01 -6.246967716783708990e-01
7.536953278898499142e-02 2.734072152865451785e-02
5.534421788285160959e-01 6.468841221401996355e-01
1.280787286467103714e+00 7.643895630325265866e-01
1.578046950407250959e+00 5.145437813609388122e-01
1.620113072540238175e+00 3.252246979151880990e-01
1.556894456175784258e+00 2.129739839515218669e-01
1.477517319396329798e+00 1.600839288224292223e-01
1.404311482285966139e+00 1.273925846018274521e-01
1.341206020725146608e+00 1.035460182666274459e-01
1.288654246179176122e+00 8.490152625212622761e-02
2.221133592787239319e+00 4.262994863090090875e-02
1.303861840316183018e+00 -2.046229529209289688e-02
1.366673642929401744e+00 -1.485171531202153679e-02
1.444812145572805351e+00 -1.875426345796161369e-03
1.539377466834187302e+00 2.123631635381596425e-02
1.647046662166564479e+00 4.734950502278727907e-02
1.762151535960706505e+00 7.174313213357786170e-03
1.833326910684434097e+00 -1.847408861548701653e-01
2.313290382657116548e-02 1.759855375534203833e-02
-1.162089993530658096e-02 -2.829464757758683446e-01
-3.056425515722641009e-03 4.884534246846154726e-02
1.911014583354409824e-01 5.634549730358685560e-01
1.099104224372406291e+00 7.512366219498696207e-01
1.767183183326077822e+00 -7.322792564552198236e-02
1.699610786999890433e+00 3.825054813120053968e-03
1.635699636088430609e+00 -4.059574537775437197e-02
1.540020872342329206e+00 -2.662201379237905466e-02
1.451959676820770317e+00 -5.429098634337476900e-03
1.376605570757285957e+00 8.821779368062899682e-03
1.314698276391779830e+00 1.597626553049284748e-02
2.206103456596260060e+00 8.798617937622346674e-02
1.310414311861731296e+00 5.675391166931931242e-02
1.372571802369413563e+00 9.510074089397028974e-02
1.445328144425559014e+00 1.607377725537623703e-01
1.523030854145785096e+00 2.673608290582667468e-01
1.619093131924787432e+00 4.260588985040444365e-01
1.500094285783757142e+00 7.044013857138116397e-02
1.118183544232060761e-01 -1.576223500922456222e-01
2.470083657113270742e-02 9.384355977915880692e-03
-1.327827033738150989e-02 -6.212281217818667670e-03
-1.354475836722264168e-02 -4.766588193606386553e-03
-9.075936996987695252e-03 -3.857643474968542371e-03
-2.117732181630578234e-02 -1.402599687904464501e-02
-3.785283438231296788e-02 3.581603135531648968e-02
1.659734188170104208e+00 -5.880667772008647542e-01
1.594190780688830467e+00 -4.317213749467465611e-01
1.531061847580317936e+00 -2.660587074050725920e-01
1.452343158891966191e+00 -1.614588791599110840e-01
1.380689986379927570e+00 -9.871175235821076643e-02
1.319814256926047147e+00 -6.077400236473272377e-02
2.180271825752540416e+00 1.255309864253060237e-01
1.292913526613831188e+00 1.324930134852539132e-01
1.340573301183908272e+00 2.015897611425413183e-01
1.383216091235393241e+00 3.155776363016394304e-01
1.391213418510417910e+00 5.045709054836797769e-01
1.318340980121349926e+00 7.898709609181194802e-01
2.009433468634882480e-01 1.320438256063117231e-02
2.006150842489613177e-03 -1.326348870649634182e-03
-7.334556200142464989e-03 -7.219945444747394477e-03
-1.043191484234601979e-02 -4.787743054979073064e-03
-1.145992356827384845e-02 -5.171108477596149042e-03
-1.151314488171143596e-02 -5.331591335501932767e-03
-1.160773323877299819e-02 -5.456561108348072231e-03
-1.621085165310065523e-02 -2.272625000593092755e-03
2.962773872173106171e-01 -2.312694255502384041e-02
1.409902221416833745e+00 -7.345816213475460099e-01
1.398404324109363772e+00 -4.883042091767170745e-01
1.390238778897187055e+00 -3.158184102031116325e-01
1.349107069114675594e+00 -2.042870054362912746e-01
1.302044991948227315e+00 -1.360459530342895962e-01
1.176759072066689615e+00 1.759527768216440913e-01
1.254708625108251985e+00 1.960879525438508630e-01
1.277707722681574509e+00 2.864536931945784737e-01
1.270956700410803331e+00 4.302173019105379748e-01
1.164986462559229663e+00 6.529587988150322708e-01
7.986549826350172188e-01 -1.135992142967095220e-01
-3.362155085197012644e-02 -1.485132074436511934e-02
-1.145632273558089102e-02 -1.520982628622611667e-02
-1.092549762878095368e-02 -8.454069687608397124e-03
-1.129712000636456763e-02 -5.995456688593176105e-03
-1.135109002554567613e-02 -5.318464760636485399e-03
-1.125394177406740213e-02 -5.520126265439345183e-03
-1.168734835585786246e-02 -6.244037424434950752e-03
-1.330624817042419354e-02 -8.004567769364936969e-03
-1.752373561975884356e-02 -4.139625488396699027e-03
-5.822465589272819708e-02 2.541662390659877105e-02
1.207911237824639494e+00 -6.581351513427187161e-01
1.283873170122359131e+00 -4.289296753833191644e-01
1.287369053156618870e+00 -2.892120146342216369e-01
1.264176108546793298e+00 -1.997928765648221971e-01
1.157650151168471586e+00 1.913876637509839274e-01
1.203630914590654744e+00 2.402711335118885294e-01
1.199485483689616050e+00 3.378840576895710268e-01
1.145122060763375416e+00 4.831815303534354733e-01
9.711282712202832235e-01 6.678937308301007292e-01
3.394481884149625484e-01 1.370688995579203151e-01
-1.870242325011053572e-02 -1.353772743004089119e-02
-1.714909102876344127e-02 -1.068956909475900219e-02
-1.425388122911910166e-02 -7.466365810116556284e-03
-1.269934386588370163e-02 -5.457088249664183988e-03
-1.150784417757918544e-02 -4.730056023520666161e-03
-1.049768400669618025e-02 -5.168449736856078197e-03
-1.005020468233451363e-02 -6.849533012742471672e-03
-1.114775452458782908e-02 -9.550779883151746738e-03
-1.336433247764366901e-02 -6.739550812668320193e-03
1.783952152130066082e-01 1.506470523135239326e-01
9.495670838642258360e-01 -7.238820015029597821e-01
1.160895447491268273e+00 -4.922018503727631500e-01
1.210680754587389663e+00 -3.426190306187750223e-01
1.213579624998801787e+00 -2.447918577442672605e-01
1.150889940835206460e+00 1.979144139491499643e-01
1.148966219045800763e+00 2.629983160039746082e-01
1.123207748068671519e+00 3.552109586074501113e-01
1.041310573058365607e+00 4.829451405421031907e-01
8.630454670764285963e-01 6.567902248862164116e-01
-4.217939658788289088e-03 -1.142499392070937120e-01
-2.753664133039148212e-02 -8.079602251730681403e-03
-1.991423686782730143e-02 -6.664197294869949814e-03
-1.636341731645192185e-02 -4.967632124738234969e-03
-1.385728396275254237e-02 -3.645728964348018530e-03
-1.162701265431374809e-02 -3.047187106986972479e-03
-9.272691271280650294e-03 -3.602228689750307938e-03
-6.971263484867368590e-03 -6.048935487320083668e-03
-5.832281533159735902e-03 -1.175715373878048579e-02
-8.790573051380918060e-03 -2.900384670142319710e-02
3.514485054796512992e-02 -3.038832420864782946e-02
8.086466599890094198e-01 -6.761962982347561324e-01
1.049476756976566172e+00 -5.002796786513692417e-01
1.134190460461889094e+00 -3.631545503871992375e-01
1.159041685499529795e+00 -2.688218029694640077e-01
1.111601670254235508e+00 2.076230630789137332e-01
1.098150939198005105e+00 2.669016668720855523e-01
1.059685479264500518e+00 3.462303077593343326e-01
9.695845745158956364e-01 4.501909026716666151e-01
7.649130351774950931e-01 6.009638417556073531e-01
-4.767871773306621153e-01 -1.244230550725473478e-01
-2.185714935833765402e-02 -9.687111233043456046e-04
-2.068059020881855489e-02 -2.763539030761022388e-03
-1.751972354793685654e-02 -2.026201309750768915e-03
-1.482107869400176199e-02 -1.141897350384062483e-03
-1.192361204652269899e-02 -2.717828238693269617e-04
-8.127360170369140810e-03 -2.218792006084601494e-04
-3.020046122270207169e-03 -2.244153526478758192e-03
3.152060121160052408e-03 -8.315594500083399107e-03
1.019056888391385064e-02 -1.555447417186622654e-02
3.290508246070361076e-01 1.218007691571515033e-01
7.399896422690128706e-01 -6.119813627892372043e-01
9.729287962237184173e-01 -4.667366295501944040e-01
1.069186046363810094e+00 -3.560309066014836765e-01
1.107793898121413712e+00 -2.739042261737179573e-01
1.075865512216443554e+00 2.065857480333699314e-01
1.055242185025067281e+00 2.570120608011395302e-01
1.011924604244994752e+00 3.207241011634351380e-01
9.258408522166540200e-01 3.997147176230780308e-01
7.407491360693531091e-01 5.049549658192891144e-01
3.178668128283246297e-02 2.589276826648471141e-01
-1.510301465028181939e-02 -1.014733052761537802e-02
-2.268361006494881704e-02 1.286278522941990566e-03
-1.771019894208498632e-02 7.526372180092647315e-04
-1.598889159077244299e-02 1.239530908730906685e-03
-1.320537807334786103e-02 3.262817897517875446e-03
-8.265921022854554046e-03 5.137238390425466830e-03
-3.802517702257703861e-04 5.704575574371363762e-03
1.318204394557944553e-02 2.092382749587114437e-03
1.489655699783296906e-02 -1.890421743897619314e-02
-1.378825051073479524e-01 -2.429463755952741000e-01
7.399022731120746821e-01 -5.137352856797722245e-01
9.300630681346478967e-01 -4.132182872455642531e-01
1.020267726482460890e+00 -3.307340166324487241e-01
1.064188207500084138e+00 -2.646787186583019480e-01
1.045454497581884024e+00 1.978637576720897184e-01
1.021404420049907280e+00 2.385388200681969884e-01
9.786156600069382261e-01 2.869315104317991527e-01
9.037799349379969094e-01 3.428585654603195088e-01
7.654077624238500022e-01 4.074388608397991884e-01
4.284413988682666541e-01 4.794718948820848037e-01
8.134578647272924790e-02 1.041613107833873203e-01
-8.688037722997365986e-03 1.590924664413660705e-02
-1.545575719196058163e-02 -2.764430904412293983e-04
-1.877348736563904177e-02 2.185930505805593147e-03
-1.661273076322157191e-02 7.078370905039659162e-03
-1.103058250171714411e-02 1.183748330066582144e-02
-2.475790447915586414e-03 1.645924754736044493e-02
7.131919944766168529e-03 2.880053757553282384e-02
5.895979129406731661e-02 -7.129332286938075414e-02
4.783992408853499079e-01 -4.820654811719629063e-01
7.712719960937876040e-01 -4.168921715138504402e-01
9.097770030475765823e-01 -3.541769597805062286e-01
9.863674129613423380e-01 -2.965016282093588251e-01
1.029659186966774831e+00 -2.464328004130632022e-01
1.020853257000773784e+00 1.843619979959565391e-01
9.960786384051472098e-01 2.157910805659908338e-01
9.568173382014828476e-01 2.508345687883448138e-01
8.953743773117320837e-01 2.879984793245404240e-01
7.975762829730862480e-01 3.246967934492077656e-01
6.276118596887931833e-01 3.564301493564018819e-01
2.778327295241939110e-01 3.547965727444271633e-01
-1.064378809501989320e-01 -6.396464787143965602e-02
-2.080992016179346663e-02 -1.002202535327418979e-02
-2.797301781178553048e-02 4.316110024876449597e-03
-2.301415327310904133e-02 9.755070754282169077e-03
-1.448795931746773430e-02 2.023670876603441554e-02
-1.995543121391347985e-02 3.249880096800082663e-02
2.062785930711882529e-02 -6.598775297636877424e-02
3.380011850995739975e-01 -3.887794458611976145e-01
6.444336911890412578e-01 -3.645130654575881590e-01
8.045719808235546333e-01 -3.349496073274512153e-01
9.020547620334367078e-01 -2.982544343515040608e-01
9.641434815605557374e-01 -2.599553024681928171e-01
1.003710033906528354e+00 -2.236925585053790577e-01
1.001746053957749627e+00 1.684313159703099971e-01
9.779383612098574430e-01 1.918513289700329860e-01
9.434133586693242979e-01 2.161755594865209518e-01
8.942122185049147243e-01 2.394975496104098378e-01
8.247834091885007934e-01 2.587043725324825738e-01
7.265610107099551573e-01 2.690172259814828104e-01
5.858322654095389215e-01 2.626622250694871652e-01
3.810807577661703971e-01 2.293414298167484044e-01
1.550798602248150693e-01 1.755273473792621775e-01
1.200975281585178571e-02 -2.823136859449194846e-02
-2.965979712303703358e-02 6.891029417862858802e-03
-6.295049056267378040e-02 -1.293427167177127121e-02
7.550329542980234454e-02 -1.825146520997320831e-01
3.890379754536247292e-01 -2.516786930154648605e-01
5.992854684086681427e-01 -2.752372304976897777e-01
7.350326453382007852e-01 -2.797892016779481295e-01
8.314296966906480346e-01 -2.691082042160327648e-01
9.007907910064920642e-01 -2.492395788504034870e-01
9.502783676471890928e-01 -2.249763894266904596e-01
9.849898829278702639e-01 -1.996814188103353815e-01
1.993306406675222853e+00 1.357696511514396298e-01
1.974394411661893445e+00 1.516146466119288327e-01
9.358538790619306269e-01 1.848684424972436013e-01
8.966813003244717972e-01 1.985859746419212646e-01
8.461853057792819710e-01 2.072119625479201255e-01
7.829756890179655482e-01 2.073133058861385269e-01
7.069852771484866905e-01 1.948199394290043296e-01
6.214477296402515227e-01 1.660410168370335948e-01
5.361136090362499385e-01 1.196240539671115793e-01
4.676843777683042380e-01 5.852879171800520058e-02
4.405681737471210391e-01 -1.018837555066602098e-02
4.695318762653179490e-01 -7.880653632132056385e-02
5.402081691365695493e-01 -1.376190658158299163e-01
6.280300582608482340e-01 -1.807535985879857032e-01
7.137039707452247361e-01 -2.072310731192801847e-01
7.891743037663738747e-01 -2.184217571229309929e-01
8.521958350756271283e-01 -2.174415794050401918e-01
9.028185498937812969e-01 -2.079864907929764306e-01
9.421963291034435306e-01 -1.934209386317065071e-01
1.980076719793281148e+00 -1.589190314064463649e-01
1.978607109883124160e+00 1.144275398441488428e-01
1.962125097261238738e+00 1.235767067406324943e-01
1.942285486096656522e+00 1.368857456342048307e-01
1.915598439751587057e+00 1.429898618314534020e-01
1.883571664311534555e+00 1.447457848349514020e-01
1.842543131695860703e+00 1.493140623465185335e-01
1.799525454866970131e+00 1.367071804273062852e-01
7.240347247190117574e-01 1.232396577768004597e-01
6.816680744208871712e-01 8.712151433736664563e-02
6.521544267328348576e-01 4.205530724161421485e-02
6.420028469523073600e-01 -7.871084997887809256e-03
6.538820722871604429e-01 -5.742459382848225796e-02
6.848918410047813987e-01 -1.014668777610993056e-01
7.283161643863191870e-01 -1.362603450540064987e-01
1.804332176280673439e+00 -1.474241219396419666e-01
1.847371890513505033e+00 -1.589872988513271745e-01
1.888247863018153394e+00 -1.536127226366811316e-01
1.920404933738974140e+00 -1.512429952848072801e-01
1.947253586839682749e+00 -1.445674198850533942e-01
1.967125056995255417e+00 -1.306761222335447725e-01
1.970297638533107243e+00 9.538413943686838148e-02
1.957293098487081329e+00 1.038747457391897139e-01
1.940416542826285173e+00 1.076372909960330998e-01
1.920795071233039497e+00 1.088695447153580076e-01
1.898772306631973050e+00 1.066119563619599420e-01
1.875149875197411165e+00 9.992163420600505552e-02
1.845854035666314674e+00 9.363362575235147089e-02
1.821868469075466068e+00 7.560667132273453384e-02
1.802125556580849386e+00 5.202474381998999087e-02
1.778618072993943811e+00 2.617141486579519991e-02
1.774052123269180381e+00 -6.124878190455876163e-03
1.779804585968242980e+00 -3.821914815625446910e-02
1.804190919598873455e+00 -6.326135427268984868e-02
1.824692844756665933e+00 -8.616427373235557852e-02
1.849214626510468307e+00 -1.034645581754096294e-01
1.878729455074406252e+00 -1.089559600919169646e-01
1.902645647589526812e+00 -1.150565340033185280e-01
1.924909784658719758e+00 -1.167712622370508518e-01
1.944735411056461860e+00 -1.150303574731829648e-01
1.961779812846209170e+00 -1.107854309702665102e-01
1.966096405053537444e+00 7.918059641147191796e-02
1.955174255565296226e+00 8.421814159601864747e-02
1.942098877563054771e+00 8.515984083095858026e-02
1.927619735803768553e+00 8.400656565823522159e-02
1.912140506313649180e+00 8.023443602902484428e-02
1.896312808866947641e+00 7.339881509590664987e-02
1.881042209097847140e+00 6.323532383068534990e-02
1.867437737505810658e+00 4.976347937080129874e-02
1.856688975490992988e+00 3.336111975030512516e-02
1.849877089551916765e+00 1.477646142247986821e-02
1.847759177830323285e+00 -4.940020850439823426e-03
1.850593746296583575e+00 -2.457487722219320325e-02
1.858076934170898697e+00 -4.292886036360286234e-02
1.869418447970957686e+00 -5.898822559780475538e-02
1.883523121666786038e+00 -7.204949854615763649e-02
1.899205551605431141e+00 -8.177307751472909225e-02
1.915370870588489316e+00 -8.816418554535435104e-02
1.931128352564508655e+00 -9.149955829730807566e-02
1.945836989640933323e+00 -9.222877830183938419e-02
1.959099402379756327e+00 -9.087779562113872112e-02
