-5.867931336371243756e-01 -2.140633790280764170e+00
-1.067500874225486340e+00 -1.961024917466490214e+00
-1.083158483965924290e+00 -1.783885437363801341e+00
-1.106815075403658089e+00 -1.607167507245531146e+00
-1.140814359647092102e+00 -1.428263129119248021e+00
-1.187127437336168434e+00 -1.242680187220301713e+00
-1.246021533844974050e+00 -1.043658832247526425e+00
-1.313884759420588244e+00 -8.227152426680788277e-01
-1.380788883825649016e+00 -5.725589584553770761e-01
-1.431080107597983986e+00 -2.925491176785860459e-01
-1.449038342792106970e+00 6.668000278881265619e-03
-1.428201553996672590e+00 3.053548423545972001e-01
-1.375617390609474855e+00 5.838823149619163377e-01
-1.307401731315262161e+00 8.320806777574265567e-01
-1.239056162416491524e+00 1.051300018183573215e+00
-1.180121504158664791e+00 1.248898293837807483e+00
-1.134049313086729516e+00 1.433398060887012271e+00
-1.100379548860568768e+00 1.611506330041472923e+00
-1.077066194299086455e+00 1.787617195730043296e+00
-1.061742518847049066e+00 1.964281283103376907e+00
-3.605230881113978270e-01 -2.139675621675053208e+00
-8.386254322311398335e-01 -1.969990994510950388e+00
-8.501783709430776881e-01 -1.799223999938557084e+00
-8.706225774868077139e-01 -1.631366007490374859e+00
-9.038185596676377997e-01 -1.464167380834679344e+00
-9.542594656421194976e-01 -1.292735315748704483e+00
-1.025467403553206536e+00 -1.107964707159045492e+00
-1.116418843942670991e+00 -8.960184630866184774e-01
-1.215274090403129170e+00 -6.403273938398436060e-01
-1.295432915676676400e+00 -3.339809727294771879e-01
-1.325328683322861911e+00 7.983334411825526722e-03
-1.291092300343873234e+00 3.491284479041469879e-01
-1.207651820504431539e+00 6.529068989707210724e-01
-1.107891003860550061e+00 9.054646287834950957e-01
-1.016620948525786883e+00 1.115201193190066498e+00
-9.459064655805597965e-01 1.298225244912293963e+00
-8.960923367035233955e-01 1.468637518194930047e+00
-8.634315601744686486e-01 1.635121502361006840e+00
-8.434890979469871208e-01 1.802433108988250599e+00
-8.323978455555881562e-01 1.972788784110973248e+00
-1.321573701482796626e-01 -2.132265223623290407e+00
-6.035152149089659801e-01 -1.972667201361142153e+00
-6.077439142075774514e-01 -1.807584259770136370e+00
-6.205208974314321280e-01 -1.648509820784082258e+00
-6.470722819965341044e-01 -1.494324859606732669e+00
-6.948849173718606442e-01 -1.341288144289334294e+00
-7.737973796999785270e-01 -1.179741454028428782e+00
-8.896992300580381929e-01 -9.887700765317889440e-01
-1.035847293636966704e+00 -7.379969800930186175e-01
-1.167877706211803090e+00 -3.990651695120467357e-01
-1.220607947678743477e+00 9.556628917229383763e-03
-1.161073753840409672e+00 4.172808020399437767e-01
-1.024652529862156047e+00 7.500055337456130733e-01
-8.778662285053324688e-01 9.980258437305358221e-01
-7.630662430401783380e-01 1.184970966473405607e+00
-6.856867099805628030e-01 1.345603568676709605e+00
-6.384585490505342298e-01 1.497953265910187515e+00
-6.125793543055355617e-01 1.651456646890393731e+00
-6.005126097799189377e-01 1.810072381134089747e+00
-5.968934468657778325e-01 1.974869433057269585e+00
9.643010923355088693e-02 -2.117227161197525742e+00
-3.634041665459931680e-01 -1.965989865921961899e+00
-3.567806782287632483e-01 -1.804253488437305153e+00
-3.565680753420322757e-01 -1.651517721962508345e+00
-3.688228065352685547e-01 -1.508255043578331511e+00
-4.030806769907582798e-01 -1.372884038699319742e+00
-4.740076981362937314e-01 -1.239713580648242663e+00
-6.076813184859292116e-01 -1.091670915704331168e+00
-8.107691057324870609e-01 -8.680610380511998292e-01
-1.034675368145053120e+00 -5.005009391087373860e-01
-1.137643748438891267e+00 1.048156246183696086e-02
-1.024170155809899896e+00 5.255859014310400035e-01
-7.959285519056390479e-01 8.834397969857413768e-01
-5.940083117284290504e-01 1.093822368334810502e+00
-4.643200938166924807e-01 1.244897580915511170e+00
-3.920828528148274650e-01 1.376781413056437087e+00
-3.586656370027321294e-01 1.510521849619167023e+00
-3.478733943622263070e-01 1.653128344759529078e+00
-3.491966992582517526e-01 1.805741116016368331e+00
-3.565567317641299416e-01 1.967472966434949733e+00
3.227633132563558771e-01 -2.094101840707225826e+00
-1.210539831691471446e-01 -1.947059993295679359e+00
-1.004964065701630382e-01 -1.784230553130556896e+00
-8.197300154214515189e-02 -1.632149700300298489e+00
-7.172186005875252901e-02 -1.493333668983452878e+00
-8.166064267747158434e-02 -1.369174974165818570e+00
-1.298807076872514621e-01 -1.257363323775417152e+00
-2.500584553960838452e-01 -1.149358644605903867e+00
-5.157091684001005039e-01 -1.008860668315822773e+00
-8.982631863998474797e-01 -6.116791261645322386e-01
-1.077428537092050886e+00 8.503159521582800973e-03
-8.581751647185210663e-01 6.293531396963539803e-01
-4.859111532784151088e-01 1.004061433290020622e+00
-2.374888601272824029e-01 1.157056592147983176e+00
-1.105332516991489322e-01 1.259074184069814750e+00
-6.565518319054808316e-02 1.366401589245427539e+00
-6.086671696631140716e-02 1.491355279573870929e+00
-7.363665248940307051e-02 1.631637160596673297e+00
-9.318509426595053546e-02 1.784601239159352870e+00
-1.142764267176895054e-01 1.947842769518208339e+00
5.441035147537550687e-01 -2.063486309911543248e+00
1.190674902696694515e-01 -1.914012098744382939e+00
1.548924246514991332e-01 -1.743373183752936706e+00
1.953222820135541438e-01 -1.581554387913856941e+00
2.364837613415820272e-01 -1.431885908949730668e+00
2.651371110375795315e-01 -1.301857833876457038e+00
2.413070719655492635e-01 -1.204835423871224220e+00
1.087334839855522428e-01 -1.109435573754978810e+00
-7.330903931486514313e-01 -6.682785431335829252e-01
-9.712198826397949736e-01 -3.590713498990822372e-01
-1.014869239435520543e+00 2.876989713622837147e-02
-9.445610157845952815e-01 4.883813222995291858e-01
-4.852474850140234830e-01 9.261683789201651251e-01
1.163237696331370641e-01 1.097097821086002511e+00
2.611977240501068831e-01 1.190076588865151885e+00
2.705141609185284790e-01 1.295101932806688616e+00
2.405105231983781511e-01 1.429759575062165666e+00
2.008727711093602486e-01 1.580978292140096997e+00
1.612233926862171318e-01 1.743474812601483848e+00
1.255623459653827101e-01 1.914426888978382424e+00
7.579872117067016912e-01 -2.027133988344511195e+00
3.511841100714164221e-01 -1.867258954559218864e+00
3.999460319375016670e-01 -1.681057100824566275e+00
4.589462972891979464e-01 -1.495774050932688448e+00
5.256719876094984034e-01 -1.309543334054675157e+00
5.899671436313076445e-01 -1.123777764105690968e+00
4.812402547374421413e-01 -1.056268886258382000e+00
-5.994684724967798140e-01 -8.041731154748354982e-01
-7.993458845460307272e-01 -4.101568454165511746e-01
-8.103855182804462487e-01 -2.022080152209604631e-01
-8.123088065634569421e-01 3.584014631946813405e-05
-8.086911441510309384e-01 2.042064833993830208e-01
-8.067347167071169389e-01 4.117137764731457206e-01
-5.893648572346388281e-01 7.881528993773263547e-01
5.464917477108204302e-01 1.003577183407740492e+00
5.844276817335827268e-01 1.136844007543687640e+00
5.291255801160019701e-01 1.315808683455778061e+00
4.641678176949800561e-01 1.498303415773674763e+00
4.060917886286176115e-01 1.681980423948250536e+00
3.576679261394833942e-01 1.867675189068442654e+00
9.135904260583547210e-01 -1.985906945698631576e+00
5.697138068588523119e-01 -1.810409346838926625e+00
6.251370334524621875e-01 -1.602893197784935442e+00
6.919777588157693948e-01 -1.384730952915568025e+00
7.629353842904160743e-01 -1.146301330541418251e+00
7.986643193646625338e-01 -8.969084139326612970e-01
-2.305204145682965000e-01 -9.733430044091795352e-01
-6.039044036960575790e-01 -6.070888411558476028e-01
-6.110060797214652561e-01 -4.033574598121811294e-01
-6.124473767067866170e-01 -2.009904521370839137e-01
-6.130136496858566986e-01 3.554178994848049603e-04
-6.129038278347028745e-01 2.020732348478350981e-01
-6.127949874908759087e-01 4.045338918884439638e-01
-6.098755356617683310e-01 6.088086413863752488e-01
-2.513905906122928524e-01 9.622285803273978866e-01
8.218004682672317429e-01 9.010532174459785493e-01
7.717109870097355051e-01 1.152363294280004169e+00
6.995465996476333270e-01 1.387043697210938786e+00
6.324352261809703668e-01 1.603860667662942552e+00
5.767165654334683866e-01 1.810644384804824591e+00
9.671813509869906511e-01 -1.944376274148883699e+00
7.711990710215959055e-01 -1.749726203431464455e+00
8.249635007517578389e-01 -1.519088298989616836e+00
8.854907670459050140e-01 -1.264967938128601421e+00
9.343140561440868019e-01 -9.700218554338877475e-01
4.424006685301001829e-01 -9.999048357864229741e-01
-3.994006155607174868e-01 -8.107831966786274158e-01
-4.111401368611285467e-01 -6.050704400477187050e-01
-4.131544612767152347e-01 -4.024077292673236550e-01
-4.138596342395169936e-01 -2.009425137634384129e-01
-4.141748169445866323e-01 1.609746211884830109e-04
-4.143722834726576987e-01 2.011641779376701911e-01
-4.145041755687857710e-01 4.021261666779505917e-01
-4.129956212754479772e-01 6.033659918387658250e-01
-3.947396795355068155e-01 8.137958477298771198e-01
3.159467045936265595e-01 9.757531796245570987e-01
9.503778716832285145e-01 9.716444049896750812e-01
8.957731395401232755e-01 1.266073624696351541e+00
8.335599669366251518e-01 1.518983756148617914e+00
7.788929538073379177e-01 1.749225419261045911e+00
1.062569466080360625e+00 -1.907980680133325890e+00
9.553731711829609452e-01 -1.692553344678763283e+00
9.994745629111482232e-01 -1.441856110228900700e+00
1.041533337623453015e+00 -1.158126446672180565e+00
1.050348623675670945e+00 -8.189823077129583240e-01
2.427455126234943361e-01 -9.980808820046636054e-01
-2.050892690579628197e-01 -8.049787769506889790e-01
-2.134692318834646163e-01 -6.032586439748498508e-01
-2.146365971373365711e-01 -4.018919993431229742e-01
-2.149430001034402515e-01 -2.008192386145687680e-01
-2.150290646994786059e-01 1.257211519857867740e-05
-2.150582168132433025e-01 2.005863414296462643e-01
-2.150620002042749612e-01 4.008538673647037975e-01
-2.146757534215331109e-01 6.011341640633277583e-01
-2.094392351148918197e-01 8.037114902495203772e-01
1.562215068144202912e-01 1.012235831741874925e+00
1.060643978943875076e+00 8.044324648365314134e-01
1.053721246180947979e+00 1.154082621412712673e+00
1.009043278195961513e+00 1.439644282657699170e+00
9.635338963569526349e-01 1.690825661151746484e+00
1.095953524593117789e+00 -1.887145326428180780e+00
1.125196904717079338e+00 -1.645396495740701459e+00
1.154419355509145095e+00 -1.381599667138506460e+00
1.172044037877497225e+00 -1.081115892628182529e+00
1.144488790526943189e+00 -7.261066401182865171e-01
3.142997778628743855e-01 -9.462774209872991671e-01
-1.024519774149964223e-02 -8.047701722596036777e-01
-1.490635536446855217e-02 -6.022523158081304340e-01
-1.565097041445936976e-02 -4.013252344564804952e-01
-1.577446528614724272e-02 -2.005460754538675727e-01
-1.563562871531335580e-02 1.062904079535095293e-04
-1.527734634952331375e-02 2.004237065412450558e-01
-1.475214594446121533e-02 4.001018812081475473e-01
-1.397369720636869317e-02 5.987530767351276761e-01
-1.011195393994568370e-02 7.949966543947819542e-01
2.925226187668684141e-01 9.465845041419760353e-01
1.136187671077884653e+00 7.015642415609695259e-01
1.182147467108551009e+00 1.071045988464193188e+00
1.163774441552436700e+00 1.376711994559145058e+00
1.133307528124053665e+00 1.642219668758876150e+00
1.267751864537688400e+00 -1.859056057920589922e+00
1.285800001205979815e+00 -1.612298267616599556e+00
1.298698183047036991e+00 -1.343911560906479119e+00
1.293387800019495160e+00 -1.041531766014791360e+00
1.236077356865031840e+00 -6.840694585924270710e-01
5.695499746211315495e-01 -8.064392932319088825e-01
1.902135296444631696e-01 -7.977343371323079024e-01
1.847919139284585066e-01 -6.006493207206878848e-01
1.837752273566484740e-01 -4.007135798124446535e-01
1.835267556178658555e-01 -2.001719640296552860e-01
1.838259192147548571e-01 5.199336469643889465e-04
1.847176437961573492e-01 2.008885632970993096e-01
1.863167320510335512e-01 4.003515883918721818e-01
1.889524090320033323e-01 5.980133606512704203e-01
1.965094096762836084e-01 7.932704939559395152e-01
6.490582746339984554e-01 8.995821925419672516e-01
1.222658957230304599e+00 6.572410910536036210e-01
1.299614093487806876e+00 1.028955085616128917e+00
1.306662975946830674e+00 1.337143114163833690e+00
1.293285925112717116e+00 1.607904836279699712e+00
1.435783400304302404e+00 -1.841146979190074084e+00
1.442868046246516656e+00 -1.594255423926549842e+00
1.441187639763230610e+00 -1.328819639730878688e+00
1.418319263773966998e+00 -1.035834425185670593e+00
1.340764869981733387e+00 -6.960216541690618097e-01
9.700748225915589718e-01 -4.581121005009909375e-01
4.042065371105279525e-01 -7.991594358064936232e-01
3.857284249068677617e-01 -5.992842012639849614e-01
3.837165687209040943e-01 -4.003730824718869097e-01
3.827274710147828829e-01 -1.998773421033907538e-01
3.830067711804212016e-01 1.239338553390743804e-03
3.844840759417431642e-01 2.021223214313312144e-01
3.875071974395428165e-01 4.020694478377955794e-01
3.936357492933159619e-01 5.996135497716812424e-01
4.070131221105395825e-01 7.846767009140765969e-01
9.310755574867831674e-01 4.442607494497592402e-01
1.334633791588306639e+00 6.848379973288171163e-01
1.421897852797160189e+00 1.024741175706191720e+00
1.447486971978060533e+00 1.321596966456134670e+00
1.449421858524690299e+00 1.589196651995541165e+00
1.603433111041412618e+00 -1.832957997460293864e+00
1.601261377089916671e+00 -1.589707287390832224e+00
1.588531398886066537e+00 -1.332392117431174139e+00
1.554723899227496098e+00 -1.055859546767931478e+00
1.475232703469167017e+00 -7.514417363808241213e-01
1.265912626224049653e+00 -4.160332720068343759e-01
7.662992919183334584e-01 -6.204403358882577546e-01
5.944184529768805625e-01 -5.935667999168016129e-01
5.842222383606443525e-01 -4.013563836665937079e-01
5.812469992746087666e-01 -1.997207525974764863e-01
5.815511390543208758e-01 2.185242611437971001e-03
5.835041229088474557e-01 2.038906479585037845e-01
5.880459825650403705e-01 4.049204513965722896e-01
5.957355002923184761e-01 6.013455349798310090e-01
7.805388349024441341e-01 6.097076353995158904e-01
1.279677127942439041e+00 4.180481522795143068e-01
1.475434319540491979e+00 7.450245963884417622e-01
1.557887763568578166e+00 1.047550417396423850e+00
1.593653320033771692e+00 1.325695461397648600e+00
1.606916362737815795e+00 1.584505192849156252e+00
1.773292381932442874e+00 -1.832913372546098429e+00
1.764296045132224489e+00 -1.595595987064745813e+00
1.744580073293815481e+00 -1.348901282792550171e+00
1.706301742054534554e+00 -1.091089563855863087e+00
1.634783229630410339e+00 -8.210499656253733569e-01
1.498599162680671171e+00 -5.417232877464766005e-01
1.231547063874299131e+00 -2.842589242402703831e-01
8.293665172015050047e-01 -5.032978610658175311e-01
7.822703796750860583e-01 -3.985945729611354849e-01
7.784830745122474083e-01 -1.968818844400255508e-01
7.798903062148860865e-01 2.453630317078100802e-03
7.827220223143405153e-01 2.054730214690625167e-01
7.820464889475233772e-01 4.027693550621833651e-01
8.618829197627322358e-01 4.754686732805886162e-01
1.266594809813681888e+00 2.735728901663269652e-01
1.506998473332062272e+00 5.403956889256776863e-01
1.637546515993472340e+00 8.154228824927356456e-01
1.709791292692054876e+00 1.084449141949025863e+00
1.749074135671883079e+00 1.342899199243380526e+00
1.769251941823908547e+00 1.590525753166288414e+00
1.946959972221414592e+00 -1.838925446847627487e+00
1.933640782369418831e+00 -1.608426719476591549e+00
1.910582708584694256e+00 -1.372573399715864673e+00
1.872583637352968511e+00 -1.131775182050329454e+00
1.811875884566837680e+00 -8.881909021553777706e-01
1.717390455184478082e+00 -6.479002629241682465e-01
1.576683478593891907e+00 -4.246015658397681580e-01
1.379341584503225082e+00 -2.391248411354055525e-01
1.176959720354770589e+00 -1.241814674728628082e-01
1.014590466487560905e+00 -1.499754784882985359e-01
9.853076422645417054e-01 -3.966175284969145239e-03
1.001114735893709806e+00 1.118710979451889159e-01
1.125875951465300728e+00 1.127650687032159121e-01
1.384975760521629740e+00 2.234325358933498262e-01
1.585559626633242125e+00 4.179184130178492662e-01
1.722413135549102803e+00 6.427230022811041277e-01
1.815389953824035896e+00 8.824307604213453837e-01
1.876248901498242194e+00 1.125861649016665744e+00
1.914711165356148159e+00 1.367071981046726892e+00
1.938078993561867858e+00 1.603553488199840782e+00
2.225422302620922999e+00 -1.851149647633580253e+00
2.210282162114780125e+00 -1.627576050029599042e+00
2.136640862767038573e+00 -1.400022463478269419e+00
2.101923156582615970e+00 -1.172828448283188107e+00
2.052253664958044954e+00 -9.475090314470442365e-01
1.932325257843277466e+00 -7.282448100010813219e-01
1.844021210012754430e+00 -5.258513142313119282e-01
1.740813182716683061e+00 -3.492750030781930359e-01
1.637832953359326549e+00 -2.060757735424961212e-01
1.557004483991066390e+00 -9.482541644779496348e-02
1.525511404108563340e+00 -5.309961940791616680e-03
1.557598746983902771e+00 8.454036465618779139e-02
1.638948336168774222e+00 1.953744275757458571e-01
1.744726634175884694e+00 3.401448057294139127e-01
1.848412589518434013e+00 5.187272157666431571e-01
1.936133334084459756e+00 7.220883843939354119e-01
2.055802465317742467e+00 9.417068928928311600e-01
2.105542880740373768e+00 1.167294983601109504e+00
2.140483701549162898e+00 1.394888341848081303e+00
2.214257175413123502e+00 1.622955227235893583e+00
2.507424416844544979e+00 -1.866809227506116775e+00
2.492139374554420250e+00 -1.649748438122274896e+00
2.420409657405175885e+00 -1.429088622648623463e+00
2.390515819657425212e+00 -1.212268190946475421e+00
2.351164915202681449e+00 -9.991286731234898522e-01
2.249706124465685519e+00 -7.908572802145665825e-01
2.190753332397404218e+00 -5.977298722054410485e-01
2.075204105615700900e+00 -4.208943667712833903e-01
1.964575255374734430e+00 -2.654299177056260728e-01
1.922532018860171554e+00 -1.293058455569639498e-01
1.907360512662182206e+00 -4.497679359589622922e-03
1.923386621895820214e+00 1.204261086995821878e-01
1.966348891786785735e+00 2.569169496461470303e-01
2.077909697413067303e+00 4.130829451502272542e-01
2.193850619543841418e+00 5.909006063989015178e-01
2.252878979366766732e+00 7.847269228623795501e-01
2.354456409332083222e+00 9.933925933548568565e-01
2.393927639440502464e+00 1.206933093004804336e+00
2.423979653254537681e+00 1.424160012837506706e+00
2.495749454856033722e+00 1.645238005299522355e+00
2.793423271740588465e+00 -1.883504325980475569e+00
2.729505999566943952e+00 -1.669089866448111747e+00
2.710254670727414883e+00 -1.457721654325517813e+00
2.685667169169517976e+00 -1.248384660019957515e+00
2.655373769987349863e+00 -1.042993155460692600e+00
2.619794702386222252e+00 -8.440170005353800908e-01
2.527165133306353617e+00 -6.508182309293881751e-01
2.486860764300108606e+00 -4.727954217399145675e-01
2.451668574675954559e+00 -3.072436001978951503e-01
2.371518733876573748e+00 -1.514754689535784682e-01
2.362876044941204512e+00 -3.960666241744991919e-03
2.372267887592992341e+00 1.436521950582756446e-01
2.453036980827784763e+00 2.999062313856253326e-01
2.488810183247691654e+00 4.658889994188887274e-01
2.529527923387912214e+00 6.444244125644624788e-01
2.622432849508465225e+00 8.380921959345806194e-01
2.658209175108130040e+00 1.037495428127214181e+00
2.688675240655911125e+00 1.243270918577009221e+00
2.713420597467832707e+00 1.452977883189231711e+00
2.732802893333975192e+00 1.664713879147712738e+00
3.083076528407985073e+00 -1.898575110419400858e+00
3.020771006050273044e+00 -1.689580202148316168e+00
3.004458516527561240e+00 -1.483032881254740198e+00
2.984744637088728503e+00 -1.278728986312793525e+00
2.961751614190403004e+00 -1.077963837828872062e+00
2.936159037545419181e+00 -8.822193861432214845e-01
2.909413519696046002e+00 -6.929230690535235215e-01
2.883811202297540621e+00 -5.110407362729797454e-01
2.862300715475779800e+00 -3.365835282405614248e-01
2.847926593351006730e+00 -1.682336258525999051e-01
2.843021670828450809e+00 -3.335722444175005102e-03
2.848459837992952437e+00 1.616176101491617889e-01
2.863344502207654241e+00 3.301313826246036753e-01
2.885313814059014881e+00 5.048480277460429821e-01
2.911297441718813328e+00 6.870532767977943767e-01
2.938343611584273152e+00 8.766950748987220043e-01
2.964174358215308835e+00 1.072780453504114773e+00
2.987363243229620657e+00 1.273875316353614950e+00
3.007240480530748439e+00 1.478501041449440834e+00
3.023684946949591001e+00 1.685364826351665846e+00
