2.145656666194508233e+00 -1.171389486615599801e-01
1.111010049598782690e+00 -1.923169667532940441e-01
1.105376277947891062e+00 -2.310139847833208027e-01
1.089035910052191580e+00 -2.760224922590261420e-01
1.055552115989947692e+00 -3.251781445770631773e-01
9.969149183465627617e-01 -3.720884993948875841e-01
9.060602825394988846e-01 -4.036873541161290491e-01
7.823986314745934312e-01 -3.984348336298262350e-01
6.427799006225339840e-01 -3.310633839527865052e-01
5.248833220292639101e-01 -1.878508080767059829e-01
4.786801222062256334e-01 1.146254596205320726e-02
5.279506114400380756e-01 2.111781020809297138e-01
6.504280521028560358e-01 3.549117139770354146e-01
7.952655294284013410e-01 4.192458861352033050e-01
9.214894601587440004e-01 4.203435027194187268e-01
1.012832827128940183e+00 3.844162954810351196e-01
1.070216017817225529e+00 3.345086136722483783e-01
1.102308259626711973e+00 2.837486672670850862e-01
1.117586387157582406e+00 2.377580627512547173e-01
1.122396756693265107e+00 1.983139379968941463e-01
2.174335556751399778e+00 -9.158624443576768304e-02
1.158465948996674211e+00 -1.826332824090329821e-01
1.165874794886665677e+00 -2.250590546951006521e-01
1.165165598929806645e+00 -2.779980208685386978e-01
1.148169816013634215e+00 -3.422413541975504181e-01
1.101395840600894793e+00 -4.143221272171163649e-01
1.008292609151750119e+00 -4.801213854523111446e-01
8.563936123437900783e-01 -5.116879413422720235e-01
6.540807508123236413e-01 -4.568086975603374289e-01
4.612365362685592052e-01 -2.769156477000872529e-01
3.799706632276402818e-01 1.366549225850051744e-02
4.657734912932136040e-01 3.050912676319684214e-01
6.685330316712189136e-01 4.869052050972225709e-01
8.754499476516738321e-01 5.339197568122281412e-01
1.031626656457045765e+00 4.950652623026370880e-01
1.121376677003639966e+00 4.224319998151261912e-01
1.164465598219444509e+00 3.486739052951441931e-01
1.179575400624644832e+00 2.839935934858831557e-01
1.179112693070210272e+00 2.305939868455849084e-01
1.170764256416310323e+00 1.876694019583716733e-01
2.196988115160488420e+00 -5.663284089534479510e-02
1.208339015993960652e+00 -1.571570526205518514e-01
1.232537108146363414e+00 -1.971323886327388530e-01
1.254508106535724199e+00 -2.497294623163908434e-01
1.267388239897951019e+00 -3.194082533295546367e-01
1.255968191811277279e+00 -4.115260485755077857e-01
1.185670831583667706e+00 -5.235395399425065710e-01
1.021914654300636105e+00 -6.113825741745507747e-01
7.414935672605544870e-01 -6.199454515564944979e-01
4.250983690606253695e-01 -4.140894598735817000e-01
2.717985768189052909e-01 1.612715646594412716e-02
4.304903858229898739e-01 4.499890092330233182e-01
7.664879549429657324e-01 6.435228430280001133e-01
1.062389276985319153e+00 6.351390111972745611e-01
1.213838168289894881e+00 5.223562828504956235e-01
1.272999726882305005e+00 4.138764168563785484e-01
1.283351559795004926e+00 3.240367165512197944e-01
1.269773236813458439e+00 2.543721878812660875e-01
1.246742181740875699e+00 2.014128776265320941e-01
1.221484231094120743e+00 1.610840961780675151e-01
2.210066659971829495e+00 -1.448220773985510988e-02
1.254473482027329556e+00 -1.135786352054931614e-01
1.296119923377414995e+00 -1.423034125898137436e-01
1.342895322179885831e+00 -1.810267607071729956e-01
1.390998073627392140e+00 -2.351708508748985849e-01
1.431073901483314703e+00 -3.138661682503492978e-01
1.443721287174960954e+00 -4.346701708418547749e-01
1.338923668228258812e+00 -6.499988284685862538e-01
1.004653913029327716e+00 -7.400218944290611889e-01
4.929230505461142386e-01 -5.952686726402963702e-01
1.609922036217901198e-01 1.619048093380487732e-02
4.991051409017259188e-01 6.773793041792430802e-01
1.068188201505625212e+00 8.086494014700146282e-01
1.353133441527931913e+00 6.109505586565630031e-01
1.452048815289977535e+00 4.469322832106766841e-01
1.451865904487296133e+00 3.211175703867419906e-01
1.410997796785868674e+00 2.385972465849765800e-01
1.360200803664601388e+00 1.836920009685945876e-01
1.311433668767423288e+00 1.449180404400910449e-01
1.268375877903743065e+00 1.161690721413293076e-01
2.211102315254310113e+00 3.102341136226846249e-02
1.289397070392172662e+00 -5.276678381747097746e-02
1.344686784713847949e+00 -6.062407429169155981e-02
1.411279377858130513e+00 -6.998988411958827205e-02
1.488499627568437900e+00 -8.521435331372437250e-02
1.571455965299991542e+00 -1.204956811830131813e-01
1.639014306866718451e+00 -2.050740641756385041e-01
1.653277973214609897e+00 -3.550646903542257204e-01
1.482561176083254217e+00 -8.579501972719640879e-01
4.787151040425308146e-01 -6.832522508370824088e-01
6.263899012803296473e-02 9.384393999241581394e-03
6.417408277220474355e-01 6.667519985600631749e-01
1.433826778549550651e+00 6.803310084526967838e-01
1.694148668521467282e+00 3.906758828585489285e-01
1.696865616853168834e+00 1.679531523957031869e-01
1.598007009151514834e+00 9.889508633835690510e-02
1.508340320529099721e+00 7.887403435067016910e-02
1.428530940358280210e+00 6.890055227039554309e-02
1.360288341698841608e+00 6.117538403825215770e-02
1.303707942685161880e+00 5.387850378894991354e-02
2.199531211992392876e+00 7.505280750772158616e-02
1.305984252574069027e+00 2.051792325077337123e-02
1.366121006272009941e+00 4.155164391396463236e-02
1.438169470364402125e+00 7.662942578124953830e-02
1.520359141417473303e+00 1.303695655983110324e-01
1.607699689275226884e+00 1.957177217747016196e-01
1.709247338785001791e+00 2.165115297576373221e-01
1.812303539415855091e+00 1.402895683569708729e-01
2.147505549101200173e-02 -9.596687378836335491e-02
1.030826018868383626e-01 -3.578461246436929200e-01
1.572491464668458088e-03 3.116767498943482165e-02
2.407054095621212197e-01 6.535493719088559805e-01
1.173147032645255106e+00 4.530031446000521989e-01
1.516779214147731647e+00 -3.923294315337141208e-02
1.760341367690477554e+00 -1.285962852455619920e-01
1.640935578377193504e+00 -1.654434852111225096e-01
1.538716548050068411e+00 -1.216293607507694802e-01
1.454177859465256795e+00 -7.525175662165617396e-02
1.381444440807260809e+00 -4.165070674673706369e-02
1.320438911458611253e+00 -2.062337986688810715e-02
2.177044074238358107e+00 1.129330614166928481e-01
1.299801460982550338e+00 9.773633002762369126e-02
1.352224719097232297e+00 1.501391583886783621e-01
1.407561029750915349e+00 2.340676803054373423e-01
1.457927242976624571e+00 3.641423570947188160e-01
1.506060515930228938e+00 5.878631550841960651e-01
1.649664377404788107e+00 3.195095703861307590e-01
3.733879631616205952e-01 -3.337709519564587834e-01
2.258713204822091619e-02 3.108737894067341301e-02
-1.189344915813747919e-02 8.666248710141931030e-03
-1.685680878938019406e-02 1.357264383918287999e-02
-1.530768177062279481e-02 1.871812401870633774e-02
-4.887557718336064255e-02 1.970136381299968098e-02
-1.882506142073614094e-02 2.649401398289831511e-02
1.366320055470849670e+00 -7.315855468553683627e-01
1.472373618665786976e+00 -5.692453046111262127e-01
1.478601610201160099e+00 -3.739721307892440727e-01
1.427694045220102792e+00 -2.354390813685701689e-01
1.368737508783648860e+00 -1.513944421778986582e-01
1.314632185056281877e+00 -9.910687947991710101e-02
1.164338433625811131e+00 1.777002312155587793e-01
1.271173249548318118e+00 1.684658683294104065e-01
1.303987347664655294e+00 2.474036282671249753e-01
1.321015488579002195e+00 3.730109955528770893e-01
1.277211331136530514e+00 5.752849201469779628e-01
1.088189006854778373e+00 8.472611885741995197e-01
9.116887781016516645e-02 -2.250535143530344936e-02
-1.407591236239708402e-02 7.133720068983864706e-04
-7.950326324343486711e-03 1.290267475989230559e-03
-1.356194386880734022e-02 7.954999097530659688e-03
-1.735331181307863194e-02 1.014635686181643986e-02
-2.102043097092478816e-02 1.208233921568346338e-02
-2.485549052165943532e-02 1.198658981946500515e-02
-3.608994242104633654e-02 2.504807509617543865e-02
2.300215087760912325e-01 1.148531795623733941e-02
1.203576614545558421e+00 -9.005331337592512586e-01
1.302457923969408071e+00 -5.614409849585867418e-01
1.336301179828528030e+00 -3.785129353912239925e-01
1.320291616442173410e+00 -2.520392359214906897e-01
1.286161973850732831e+00 -1.717982229741847888e-01
1.155469546190491803e+00 1.904647206915356661e-01
1.225400724914771811e+00 2.236673442864026418e-01
1.231108546717982311e+00 3.182052054504853067e-01
1.194191563739966488e+00 4.621165515699816595e-01
1.040325829910855315e+00 6.575632648106745082e-01
1.212303681061245753e+00 2.410151139147337362e-01
-6.277429956901267594e-02 -3.760887803384312805e-02
-1.674414764645879017e-02 -7.996227303993328622e-03
-1.566595410339877148e-02 2.657149113575907502e-04
-1.686102810016305853e-02 4.733320006691673319e-03
-1.916545701788907249e-02 7.124539425713124520e-03
-2.208723474364377923e-02 8.313853760978661550e-03
-2.575863056994038419e-02 8.723902109323871529e-03
-3.007543395934601793e-02 6.996781616751877528e-03
2.439546160118537255e-03 7.783532632235137631e-03
-2.957014734036741976e-01 -5.726880015276641922e-02
1.069533881963808053e+00 -6.956920047680446029e-01
1.212752753681327622e+00 -4.687745877486773627e-01
1.246224729021335298e+00 -3.251313732190704853e-01
1.239867127876174813e+00 -2.290816239927295217e-01
1.135446190449448389e+00 2.028057125541914696e-01
1.171068183967823861e+00 2.581461519944391325e-01
1.150420373353546077e+00 3.541595594833317207e-01
1.071031836976761964e+00 4.886053878542293560e-01
8.807894806996449111e-01 6.471591839631742893e-01
1.048811537492115864e-01 -9.458341298541306230e-02
-2.521242917567972225e-02 1.050183476368574988e-02
-2.288397958893207546e-02 -1.197980285713769232e-03
-1.992192907862743931e-02 1.090373132601490718e-03
-1.953688479733340852e-02 3.642712841589781578e-03
-2.046628778677068647e-02 5.139507340610248096e-03
-2.237632462547092457e-02 5.473835147006157927e-03
-2.541875015270621263e-02 4.837004956719551454e-03
-3.019620387629763647e-02 4.731562443357003808e-03
-4.225878852740138497e-02 1.194732998968824414e-02
5.190723468585191069e-01 -1.785242962068951450e-03
8.248032987718315612e-01 -6.920091846686888815e-01
1.085143322863840964e+00 -5.067507905831141191e-01
1.164583203334070394e+00 -3.638840660155183149e-01
1.184669716039439269e+00 -2.653917521303233995e-01
1.128234244692749355e+00 2.082445612742660490e-01
1.117078865050324277e+00 2.718013169530607009e-01
1.078179952066433689e+00 3.585363677885288203e-01
9.792197010098344645e-01 4.721282533755618016e-01
7.701620034903202683e-01 6.308057516129090825e-01
-1.428333486522077034e-01 1.992723706646381543e-01
-2.305850390108972123e-02 -7.618769068797060125e-03
-2.365774059515208388e-02 8.463248306272367748e-04
-2.194164449192416086e-02 2.468337476436890943e-03
-2.101364559034548524e-02 3.717480883136643245e-03
-2.094015477562601382e-02 4.285632513569601933e-03
-2.157673165185181041e-02 3.677094137351033000e-03
-2.334173090604328704e-02 1.343344686618978042e-03
-2.817024216867900638e-02 -3.609952052839679286e-03
-4.618935037537120342e-02 -1.622613978243796912e-02
-4.088338586716862982e-02 -4.794172884586005157e-02
7.206680422346718462e-01 -6.325560097087379319e-01
9.828500927580049451e-01 -4.939513259100979381e-01
1.090077914657800351e+00 -3.709878502686048685e-01
1.129526038742222127e+00 -2.805818328501246683e-01
1.090218644917204660e+00 2.125075851345828992e-01
1.069629044545183261e+00 2.685848365457096376e-01
1.021991450681049907e+00 3.409072563027246150e-01
9.210156089400463042e-01 4.311154479316836041e-01
6.940922584463643519e-01 5.569426121559363230e-01
7.985493779085486854e-02 2.144000531940987997e-01
-3.322149857150714231e-02 8.565267441709586982e-03
-2.497679329181714744e-02 3.702255838567954874e-03
-2.288462263944569808e-02 3.986815555342595151e-03
-2.167379945216061157e-02 4.456676981887476401e-03
-2.076176054096988063e-02 4.597291508390562165e-03
-1.983087821294859249e-02 3.571748762103159683e-03
-1.885195971428431719e-02 2.332510652112309126e-04
-1.797016834217513709e-02 -7.410191038466021167e-03
-1.219918691110747321e-02 -2.046089161314504704e-02
6.230422941879842913e-01 9.563042846434730015e-02
6.726553613345112037e-01 -5.626583944303970020e-01
9.215414233718693948e-01 -4.497530763092832951e-01
1.031541350045679151e+00 -3.541616628305809811e-01
1.080744649364964172e+00 -2.782985484631961270e-01
1.056955074909494696e+00 2.072955022122568713e-01
1.031354466378735291e+00 2.538541883706003643e-01
9.823597599779303469e-01 3.106133266312010588e-01
8.905064488965878100e-01 3.776600143838148571e-01
6.979619757823918302e-01 4.615330267177621959e-01
-6.546439973023529535e-02 6.810210862832274947e-02
-5.041045671559671662e-03 -1.946666601005326777e-02
-2.581300866398881372e-02 5.378630092278159636e-03
-2.284807033949485394e-02 5.545985501237575555e-03
-2.204204412421535003e-02 5.399123552553288310e-03
-2.071281262695536668e-02 6.041146188060370070e-03
-1.804504303137216548e-02 5.675085539797521637e-03
-1.407949268145499734e-02 3.170557843909399889e-03
-6.631958916512612628e-03 -2.714745619623360612e-03
-7.459829556281560164e-03 -2.997305030889130251e-02
-2.605507257738861049e-01 5.098267025535132418e-02
6.974309054865329704e-01 -4.704343093869248760e-01
8.932875190639972818e-01 -3.930470797340130384e-01
9.906485520210837059e-01 -3.232779746944821619e-01
1.041267034772138445e+00 -2.638376913192422291e-01
1.029523469282876080e+00 1.957062742376377007e-01
1.002347827261543589e+00 2.325495286431097930e-01
9.565456361439292898e-01 2.748804773720559536e-01
8.795890613693694293e-01 3.215134178177256885e-01
7.409683804018108999e-01 3.718714609831346163e-01
3.948048060625889422e-01 4.243007861215847831e-01
4.026432373581010499e-02 4.294683416094129125e-02
-2.018110345636879924e-02 1.582128499241337860e-02
-2.007876397835729049e-02 5.422058512977842928e-03
-2.351789378216389420e-02 5.350095353222835554e-03
-2.209127640245442045e-02 8.633416881240776192e-03
-1.723947464929334594e-02 1.016612792552333208e-02
-1.106511045586969395e-02 8.405623204926767483e-03
-1.106715052518344490e-02 1.383943992845588014e-02
6.388315813850940078e-03 -1.971700701136287759e-02
4.479800891964338949e-01 -4.352906633174964957e-01
7.459126006225639260e-01 -3.828255226260659505e-01
8.848034933896945509e-01 -3.347470249431606093e-01
9.643250790377334569e-01 -2.866059140751854861e-01
1.011305027708908177e+00 -2.423880550496770869e-01
1.007915556418356173e+00 1.804573651494814079e-01
9.814184878708125392e-01 2.084786604647070052e-01
9.409408234760460177e-01 2.386556878009138127e-01
8.794883838876106363e-01 2.691384310874715968e-01
7.839249020778065180e-01 2.970868934551444407e-01
6.188880306493861339e-01 3.187874884001146158e-01
2.633153815892439464e-01 3.093903383011458175e-01
-4.573686613167152887e-02 8.184409632317190056e-03
-6.626337016423906878e-03 -9.142692326623414953e-03
-3.352271341382054987e-02 6.024599420496500740e-03
-2.616706626064638913e-02 1.182368012545685285e-02
-1.659250687374630787e-02 2.030634051355320255e-02
-9.018849121565952406e-03 2.129068892279060293e-02
7.679698468957631141e-02 -5.305863944601536125e-02
3.185347309818275519e-01 -3.350289305615918867e-01
6.345343168833927905e-01 -3.284547598127491308e-01
7.899817360173788661e-01 -3.089114283347778045e-01
8.857238267948885913e-01 -2.811543861637302855e-01
9.483687277256155346e-01 -2.495734553688628010e-01
9.896090487353260690e-01 -2.180176805359177183e-01
9.915230596482693670e-01 1.636280600429869947e-01
9.669677548955644131e-01 1.842149789999627529e-01
9.323124251680743324e-01 2.048513997031140010e-01
8.840905154926591569e-01 2.235804423414480546e-01
8.174312669876114823e-01 2.375263667827022529e-01
7.243045431150030300e-01 2.427244731618605766e-01
5.900436302872522631e-01 2.332849488845497032e-01
3.860790625991852298e-01 2.007494615091940382e-01
1.411813274049725231e-01 1.598572294903501112e-01
6.617331021127851806e-03 -7.670888636793413151e-02
-2.969445213191374694e-02 1.024369894105915668e-02
-5.958213896347348132e-02 -4.971171532502465656e-03
6.384175956287690967e-02 -1.562807913882959532e-01
3.948161971683428195e-01 -2.206832989070969808e-01
6.022644253928379765e-01 -2.461955949258443355e-01
7.317134048399179802e-01 -2.546423447685811081e-01
8.234304577070861164e-01 -2.493455303100188536e-01
8.904338903110161629e-01 -2.348423398884663116e-01
9.393241075894500636e-01 -2.151590143652250542e-01
9.744907084205434167e-01 -1.934339311129807393e-01
1.983078124085311256e+00 1.220023019554127702e-01
1.964977028971812034e+00 1.338922807352119215e-01
1.942748833563164190e+00 1.511050219427055863e-01
1.910686243263148176e+00 1.610462474142388967e-01
1.869843633172326935e+00 1.665499191654181421e-01
7.833801404790556866e-01 1.884567082726718024e-01
7.127263630368336766e-01 1.748254177492708783e-01
6.328417231081734373e-01 1.473183657974755090e-01
5.519475530063648883e-01 1.049878132755837079e-01
4.858970352742773557e-01 5.040348676656918742e-02
4.595196522583241960e-01 -1.013146803592033206e-02
4.878700522311685273e-01 -7.029971631700708545e-02
5.557504999169097237e-01 -1.225138300245919576e-01
6.386418667395351578e-01 -1.620977495840191518e-01
7.185812406159903798e-01 -1.878941342963240668e-01
7.889083399171924471e-01 -2.005945417256430052e-01
1.876718779799114278e+00 -1.771923977180415999e-01
1.917495548944785133e+00 -1.707236968019941459e-01
1.949638994774882894e+00 -1.598785256572611002e-01
1.971767950321308582e+00 -1.417924414217477946e-01
1.972679050462343486e+00 1.019824579392581282e-01
1.957510251345919050e+00 1.085421539322621448e-01
1.939151469392669247e+00 1.183807331831841364e-01
1.915818964872438634e+00 1.215258593653807812e-01
1.888539352187370346e+00 1.207794729361097025e-01
1.853567227103231074e+00 1.220466323150369986e-01
1.818476171174183031e+00 1.095296837462892553e-01
1.773858405259985282e+00 9.622819022892484253e-02
6.946777965202388661e-01 7.736367318553603878e-02
6.675930550665987173e-01 3.675846153167098423e-02
6.582431969796200821e-01 -7.860638240482459987e-03
6.691137976363136231e-01 -5.215495673076742805e-02
6.974938326283841583e-01 -9.189616040888062831e-02
1.779013072195858136e+00 -1.106423531672469235e-01
1.823814833463476726e+00 -1.220857586788176297e-01
1.859181218108393763e+00 -1.333372557962601013e-01
1.894109990574069702e+00 -1.309240614838111660e-01
1.921584219798522231e+00 -1.307954384162084704e-01
1.945082689839190193e+00 -1.268575094640398970e-01
1.963412900297868413e+00 -1.162604217445908361e-01
1.967237182635282133e+00 8.464993474701378029e-02
1.955184874709893439e+00 9.108463821234578928e-02
1.940277006859827180e+00 9.313825407820708335e-02
1.923313220286630321e+00 9.290442909573093377e-02
1.904654793275541769e+00 8.968068612286216046e-02
1.885006643937372051e+00 8.282535316076002074e-02
1.860538136804771536e+00 7.628997387519971529e-02
1.841195931914074935e+00 6.056360882201322626e-02
1.825452567931265202e+00 4.072663964594971930e-02
1.806256724472879327e+00 1.927803528010202036e-02
1.802790097714249917e+00 -6.903124454561116244e-03
1.807535893931453863e+00 -3.287706655306623510e-02
1.827716802578515987e+00 -5.343742920651792239e-02
1.844345528008669799e+00 -7.255036205455664411e-02
1.864364383625439991e+00 -8.746492882135530056e-02
1.889158185201724738e+00 -9.303334126787989045e-02
1.909194945888453843e+00 -9.915382523301168038e-02
1.928154882113537694e+00 -1.016828439337160439e-01
1.945351395776105274e+00 -1.012640414672363182e-01
1.960432148293061783e+00 -9.859953361317601306e-02
1.964884939509743855e+00 7.013822304653279105e-02
1.954947024830195446e+00 7.383381847954978427e-02
1.943498161243389699e+00 7.384129646276946235e-02
1.931034965879110832e+00 7.201748549934025578e-02
1.917923793869400262e+00 6.798517948244052478e-02
1.904714795703778440e+00 6.144867144257663144e-02
1.892139078649546224e+00 5.226503555163451026e-02
1.881066246084361460e+00 4.051151144130651915e-02
1.872411955768427783e+00 2.652794193236525030e-02
1.866999191179347539e+00 1.091465469663559056e-02
1.865399899363581415e+00 -5.522459303962449356e-03
1.867806003926131275e+00 -2.187071338177449392e-02
1.873982308526272789e+00 -3.723058835686217372e-02
1.883323451728557751e+00 -5.083051936439086232e-02
1.894988696508033366e+00 -6.211319142178332170e-02
1.908060177524532719e+00 -7.077822287125545841e-02
1.921676201386894878e+00 -7.677792807509455086e-02
1.935116941641604971e+00 -8.027448578435604498e-02
1.947842691781813906e+00 -8.157522477215346790e-02
1.959495648112044686e+00 -8.106432553327296009e-02
