2.157680375049378707e+00 -9.241976223728537443e-02
1.129586873232026445e+00 -1.872798171429430059e-01
1.129272083953463124e+00 -2.276562823264029201e-01
1.118915376131600192e+00 -2.762525231672659509e-01
1.091026361374617837e+00 -3.318934137719279365e-01
1.035335789508770032e+00 -3.888713753194230072e-01
9.410357524163083243e-01 -4.334785899439035917e-01
8.031830933531838301e-01 -4.393640472412106424e-01
6.399761765336109409e-01 -3.728100144884478051e-01
4.964349597217367349e-01 -2.112291820046061086e-01
4.411211126892335965e-01 2.417955532417582348e-02
5.086149934737103084e-01 2.588676880491506127e-01
6.649084768177584426e-01 4.159152444803345672e-01
8.359263191784214175e-01 4.706000848625780941e-01
9.741388181005654623e-01 4.559074496462905968e-01
1.066877815918930938e+00 4.046168032123464986e-01
1.119311237275107951e+00 3.435063292422005921e-01
1.144359693945355527e+00 2.857921263482326446e-01
1.152589112581800856e+00 2.358998608635771987e-01
1.151191454546338200e+00 1.945108548840696061e-01
2.180110362289798598e+00 -6.090802847453256896e-02
1.178377388567660944e+00 -1.700497545089464935e-01
1.192991011289884495e+00 -2.113976092037564147e-01
1.201740427992112004e+00 -2.646418438701143572e-01
1.196236612096376772e+00 -3.324738275041976276e-01
1.160520760845790367e+00 -4.142214938811750180e-01
1.072673253541868155e+00 -4.969769235452715095e-01
9.118841743643366637e-01 -5.525273128255490107e-01
6.772194937790831926e-01 -5.098829356821436010e-01
4.416132313025235567e-01 -3.152158024808933146e-01
3.411549618016544994e-01 2.821104972890915719e-02
4.602806134395505122e-01 3.708860904366099165e-01
7.205508949530596841e-01 5.561508579183259693e-01
9.532278255636251751e-01 5.789757378352137218e-01
1.116288214675036139e+00 5.123664679478184825e-01
1.195926180525555882e+00 4.214538642160964299e-01
1.225770343989542877e+00 3.388571829227458032e-01
1.228441789797436234e+00 2.708150254631415121e-01
1.217637110434133696e+00 2.170420747004009610e-01
1.201199135882380808e+00 1.751111159234996495e-01
2.193987835534861208e+00 -2.231616054817590206e-02
1.226451357877048398e+00 -1.355701058583076157e-01
1.258226649424831978e+00 -1.701612064837107752e-01
1.291158084685136931e+00 -2.165798346836912691e-01
1.320082110994641234e+00 -2.805612588064316237e-01
1.331784049737878117e+00 -3.722602511227013911e-01
1.285139189936991500e+00 -5.023767262925326049e-01
1.122886797255868485e+00 -6.212273276822638524e-01
8.134428015819897828e-01 -6.773857254730147881e-01
4.325016677759701000e-01 -4.754659539555733394e-01
2.351382341990954916e-01 3.222976628841128094e-02
4.583524425403666669e-01 5.402982550353357949e-01
8.641334317693077915e-01 7.001711410655054868e-01
1.197483634198028390e+00 6.359147922185315327e-01
1.323290428908857619e+00 4.936266768872998867e-01
1.360315973087788066e+00 3.749229974217663797e-01
1.349468521367960250e+00 2.846074861387234423e-01
1.319218002112849009e+00 2.198666989180564080e-01
1.284146874259634696e+00 1.729828473958780199e-01
1.250290301208575761e+00 1.381585713268005111e-01
2.196930668894935934e+00 2.001241037522710070e-02
1.266700726597282944e+00 -8.331685886761923399e-02
1.313613601421256938e+00 -1.020093727481410639e-01
1.368048503505793656e+00 -1.272610641934901476e-01
1.427513756499206199e+00 -1.641956741035469625e-01
1.484812163068778057e+00 -2.222015564039413194e-01
1.529766312714578858e+00 -3.164332075624299301e-01
1.523742259064196025e+00 -5.493912098895733509e-01
1.128535443155196605e+00 -7.310013331566279637e-01
5.463994930077018530e-01 -6.429867335956823693e-01
1.313675253911673335e-01 3.267444703186196675e-02
6.480108442835638138e-01 7.706262578385923989e-01
1.282542779275704703e+00 7.627306847536395873e-01
1.500042487024889626e+00 5.452786398016827851e-01
1.571443452192512691e+00 3.388861529423007890e-01
1.527948072600084917e+00 2.221671202616108676e-01
1.463149903447911626e+00 1.610946143514576934e-01
1.398445110302893868e+00 1.251985230174763319e-01
1.340597908995176057e+00 1.010128752634778249e-01
1.291201447140160052e+00 8.300169604259204081e-02
2.188156558379684924e+00 6.180759697771381900e-02
1.291886021785402239e+00 -1.635900382921193219e-02
1.347551743569629146e+00 -1.090271084872835618e-02
1.414330055895313354e+00 -1.617459881536488465e-03
1.492728475490258777e+00 8.720921363975432661e-03
1.583178756320696490e+00 6.794270624468263381e-03
1.678653741187959403e+00 -4.907354160941834742e-02
1.699090797758099347e+00 -2.101800356121173441e-01
1.754755470274645734e+00 -4.466554432094861915e-01
5.299776513581535564e-01 -7.568822966807374764e-01
4.638229052676488134e-02 2.347996319618483874e-02
6.012776734362541564e-01 6.945321559013220014e-01
1.645472265818839652e+00 6.817460548695500888e-01
1.785863152962792411e+00 1.561329594257123421e-01
1.705750217131091429e+00 -2.689151052042301412e-02
1.607093115406819317e+00 -3.837978233192671645e-02
1.520870726819773866e+00 -2.323756973745175550e-02
1.442346086037714858e+00 -6.361775592793881759e-03
1.373889726573441994e+00 5.918407326813272286e-03
1.316297236677297366e+00 1.300193138157635687e-02
2.168829859276779626e+00 9.877085950702060857e-02
1.296427091623332473e+00 5.867737910224873205e-02
1.350218128147721686e+00 9.347624950299947277e-02
1.410835152228656630e+00 1.474955540212647687e-01
1.473089671754004959e+00 2.255863452412120440e-01
1.531138520385186164e+00 3.171627531507233977e-01
1.602468800186366948e+00 3.755634276038645747e-01
1.601723580043606265e+00 2.922737624276738333e-01
6.695072125799837737e-02 -2.502557324448087539e-01
8.707199964309386697e-02 -4.001534641604683751e-01
-4.893711024739469395e-03 3.628843955600206950e-02
4.553264953181896946e-01 7.916444621356470979e-01
8.677349678979577874e-01 4.060082635325609202e-01
1.493452781198979729e+00 -7.027836912097552846e-03
1.728281120745214450e+00 -3.653544080563529972e-01
1.599288233611532384e+00 -3.148206077081551757e-01
1.509327299236989495e+00 -2.269784340996792715e-01
1.438604976809390257e+00 -1.540549235996812316e-01
1.375670346732536631e+00 -1.005429036719774627e-01
1.320272794995736687e+00 -6.460442202062087469e-02
2.141808640458065405e+00 1.275844445120878079e-01
1.278403652789651845e+00 1.323795884509791354e-01
1.318258007161186462e+00 1.950947807168031678e-01
1.352639143967086177e+00 2.904477912369829440e-01
1.371265324588682111e+00 4.323982626946541452e-01
1.355172062429771396e+00 6.876545757045674501e-01
1.592640080768489730e+00 6.448746680735762959e-01
4.454071956167610091e-01 -2.239458320903432720e-01
-6.756694021813061495e-03 3.249204332181442056e-02
-1.862079785163600620e-02 6.272084550404616668e-04
-2.522522520242680491e-02 4.784843992321043474e-03
-2.272994837730937800e-02 4.935780749421952301e-03
-4.930167138117903108e-02 7.624568055915677441e-03
7.809077872345479565e-02 6.855103088576823545e-02
1.166282591496367038e+00 -6.665129528460792541e-01
1.329170681610397198e+00 -6.496097201304393831e-01
1.394433823826845442e+00 -4.645894030181436096e-01
1.382278656703023856e+00 -3.060490241831839153e-01
1.343929519266368722e+00 -2.057778758078177006e-01
1.301720391121769183e+00 -1.409958566739157593e-01
1.140812407583104537e+00 1.864536683513908499e-01
1.240868829640844773e+00 1.952675296789407877e-01
1.257911231531275043e+00 2.787467872860329154e-01
1.250198593972680738e+00 4.063235467946602064e-01
1.163412471010883076e+00 6.069535657596016875e-01
8.804085572861160003e-01 8.219454336948582851e-01
-9.897841981882019025e-02 2.985904590778632947e-02
-4.066546505435155584e-02 -1.067932735296007497e-02
-1.746357941076431830e-02 -2.961263233856133246e-03
-2.153180005516265247e-02 1.525588837469188863e-03
-2.360303396378170618e-02 2.188696908169526952e-03
-2.479003320997373583e-02 2.134925608744557123e-03
-2.331241678258398967e-02 1.659599695398760377e-04
-1.259444722000878022e-02 1.771619876891479539e-02
-1.179171271226485684e-01 2.343660836381841056e-02
9.195917902345855932e-01 -9.500890394276558792e-01
1.192901986206635678e+00 -6.075854152701350985e-01
1.268745750211796919e+00 -4.266866417379876486e-01
1.280585512420346683e+00 -2.947325029461405621e-01
1.262874969843887696e+00 -2.070828576069858873e-01
1.130968095666171624e+00 1.975776650285252234e-01
1.190585712223043879e+00 2.405606801684648244e-01
1.180621727922666286e+00 3.338901799202733112e-01
1.120190589364506106e+00 4.705243724753629397e-01
9.349797462945896864e-01 6.349329305091921949e-01
1.224161633335540733e+00 1.837828435959572848e-01
-3.852915552554764256e-02 -3.540985839883371150e-02
-2.512597185353897603e-02 -3.273418585765540401e-03
-2.323707442867274306e-02 -1.936926118115696750e-03
-2.299205100107826888e-02 -1.581107544317494288e-05
-2.397710579426275829e-02 8.301438050452794462e-04
-2.508399255387217322e-02 1.409901308446473737e-03
-2.573960121659416359e-02 3.335284924147517618e-03
-2.750469500711158824e-02 9.383810625677254172e-03
-2.218601190345380683e-02 1.711468542164084131e-02
5.572340903051647282e-02 1.267674085291420893e-01
9.421520974052938202e-01 -6.906150559506540887e-01
1.137660138147366995e+00 -4.898977935517659366e-01
1.198980108024686686e+00 -3.520859016577695400e-01
1.210240983953845717e+00 -2.549845198538918112e-01
1.110904521935460743e+00 2.068399770821063577e-01
1.136002153784765989e+00 2.653615288199284716e-01
1.102215959034437587e+00 3.558916352923140458e-01
1.005154428416638712e+00 4.764813422543723309e-01
8.018036580128581337e-01 6.130537468498394871e-01
-3.572323729746525438e-04 9.124474035974891595e-02
-2.709978174178347132e-02 7.647924704558524758e-03
-2.636013795514905236e-02 -2.822820213527844685e-04
-2.429140733834186938e-02 -5.421042926830989608e-04
-2.375216836299423248e-02 -3.128651988852355990e-04
-2.430536857057708985e-02 -2.061919179313031168e-04
-2.579552589128334891e-02 -1.119040914649277723e-04
-2.871281891050847870e-02 8.264075689693528917e-04
-3.467734651350137809e-02 4.646544845513781233e-03
-4.699209099535588130e-02 1.560706130231647587e-02
5.311213222579237447e-01 -1.440183201707967708e-01
7.368017543964084926e-01 -6.469827483926452460e-01
1.015506331925126071e+00 -5.036489665064605159e-01
1.117482174306283271e+00 -3.754663085101978548e-01
1.153165144740427195e+00 -2.813007600148338949e-01
1.103567780670038800e+00 2.111670941560895298e-01
1.084886161166911611e+00 2.711009693153837441e-01
1.036412697730752841e+00 3.501364331632987326e-01
9.262559350212049569e-01 4.484604833230030896e-01
6.925326424137182579e-01 5.851036684951208544e-01
1.150395002616493439e-01 9.272290545627191738e-02
-2.603039580847122877e-02 -1.793361447158126759e-03
-2.528538596399799998e-02 1.551792412569984875e-03
-2.384576780628773485e-02 4.960643996208304041e-04
-2.344719632079170571e-02 -3.420063521344628155e-04
-2.387085729680742466e-02 -1.156333957970749225e-03
-2.527985997997560588e-02 -2.308653044255670229e-03
-2.863948255877189764e-02 -4.078176545795032630e-03
-3.702648702446526691e-02 -6.984282562396745137e-03
-6.535722939905554141e-02 -7.765190442964405547e-03
6.729371675564577160e-02 5.586901766362614881e-03
6.526767606443847347e-01 -5.850587405046225875e-01
9.275080882063988508e-01 -4.762842175977848314e-01
1.048691638628011402e+00 -3.708111263094706622e-01
1.099865430925758503e+00 -2.878339005764112279e-01
1.067991825219921420e+00 2.107565918248155978e-01
1.042019271359611476e+00 2.623015378092437011e-01
9.883044897264479101e-01 3.265177369026001641e-01
8.812654319116092205e-01 4.026587008074020702e-01
6.434503518183274373e-01 5.026713282885598710e-01
1.702614350864656984e-02 4.380273480480259551e-02
-3.115655763582144203e-02 1.338620649203765660e-02
-2.281177805829494656e-02 4.051167967205854953e-03
-2.238327775308596862e-02 1.031743963030032785e-03
-2.241107290320657613e-02 -3.892113816191347143e-04
-2.254064317731167486e-02 -1.744217094286304622e-03
-2.306351726052304277e-02 -3.932184421293163576e-03
-2.449049916134751412e-02 -7.918493400194155998e-03
-2.668240489604845750e-02 -1.610207810247987065e-02
-1.753581449359141453e-02 -4.083887945781564804e-02
1.098498117445599886e+00 -2.436858586914827096e-01
6.250981741667690494e-01 -5.126179989385677427e-01
8.812467900695671874e-01 -4.269905931818125944e-01
9.983898373573468765e-01 -3.469125211430655886e-01
1.055184522995631813e+00 -2.792015491021859197e-01
1.037889606379972518e+00 2.022722469414244550e-01
1.008859127548137335e+00 2.442119971989192007e-01
9.566185614470738008e-01 2.936075195038638230e-01
8.626449107095410795e-01 3.490557858485495157e-01
6.698365969366627537e-01 4.135512153958745274e-01
-8.133156129674520840e-02 -1.665147732941315295e-01
9.511513262952358758e-03 2.078780577875460282e-03
-1.825191596724645704e-02 8.073225742963562046e-04
-2.083900349352397693e-02 5.786967007485640645e-04
-2.126668097591231238e-02 -5.069381223950933726e-04
-2.093391003903698547e-02 -1.499286226112641045e-03
-1.978330476249205369e-02 -3.876685676630606953e-03
-1.884831545779654463e-02 -8.480572029876731754e-03
-1.693587352318675840e-02 -1.428175360787669809e-02
-2.400317662971168317e-02 -2.526568942571550541e-02
-1.467079641992951322e-01 2.861041064996633354e-01
6.694632431859115496e-01 -4.288886044319483171e-01
8.655625415436627446e-01 -3.705262334961690884e-01
9.657605297751779005e-01 -3.128476149847901899e-01
1.020640568308261331e+00 -2.607684185051856729e-01
1.013772673684771641e+00 1.886714880027870467e-01
9.847117439698936936e-01 2.213170190961175898e-01
9.376654799049390920e-01 2.575565811184355458e-01
8.610292338912788335e-01 2.955066654417789485e-01
7.258363213752491161e-01 3.335274562906735962e-01
3.785067244926398344e-01 3.729938329760696947e-01
-1.617218580764184788e-02 7.317733476604543208e-02
-2.774264063684368092e-02 2.551528604998222916e-03
-1.866368594355657939e-02 8.534066840837151516e-04
-2.117485353830160164e-02 -1.259774315842516600e-03
-2.034771612976022173e-02 2.829341314146850000e-04
-1.595224764681943061e-02 -1.112723216268695584e-03
-1.231505425710439222e-02 -8.225951477182032179e-03
-2.024704506292723458e-02 -9.971533148580156297e-03
-1.424123507019645768e-02 -1.911121453497968692e-02
4.320094573802890081e-01 -3.917993618452274007e-01
7.304407794793746911e-01 -3.509946954297569199e-01
8.666531432253183898e-01 -3.149142200036252892e-01
9.465121343802832543e-01 -2.754925979851248763e-01
9.954689967274026330e-01 -2.372547088505597146e-01
9.952648237478849413e-01 1.724051020158581249e-01
9.679810664099705031e-01 1.968795677927672183e-01
9.275039933695494732e-01 2.223280480312651020e-01
8.675383465045938269e-01 2.467266901478044061e-01
7.760009524416412452e-01 2.672305056962402392e-01
6.182146985515649673e-01 2.812789745359722260e-01
2.560870334953799787e-01 2.717487539115278072e-01
2.822873546855054691e-02 7.200329915325047458e-02
8.525221491210854471e-03 -1.004133172284630247e-02
-2.966833105856820849e-02 -2.870259568460585900e-03
-2.278437361372484538e-02 4.439018491759766892e-03
-1.120354974298779990e-02 9.284288577506414133e-03
5.802091782873353490e-03 5.110094885766721176e-03
1.493656446338693100e-01 1.675913209672817965e-03
3.101917454157399612e-01 -2.967182974590940603e-01
6.326502238970326264e-01 -2.969687005875790708e-01
7.819568676979643529e-01 -2.851978744627097218e-01
8.743839110114397517e-01 -2.647194280790908794e-01
9.361259977278703071e-01 -2.391256028212809248e-01
9.779234344730157735e-01 -2.121309622013917151e-01
1.986752521141276651e+00 1.262910110423170751e-01
1.967189331810110575e+00 1.410147655052914617e-01
1.940108434915063462e+00 1.553260550536826046e-01
8.766236856133347022e-01 2.047351178463030219e-01
8.135981011410030606e-01 2.142674386770734019e-01
7.263258135180770125e-01 2.155236660897593692e-01
5.992362946350616726e-01 2.044551399781142920e-01
3.955625476546503205e-01 1.749622643309463599e-01
1.259518055629696709e-01 1.378489811749250282e-01
-8.522310337508842010e-03 -1.207616466146933104e-01
-2.647137726072563285e-02 3.302586871316955802e-03
-5.886506113079315039e-02 4.278278111573948633e-02
4.494599992470819927e-02 -1.461337631739290932e-01
4.049365166220140200e-01 -1.975645158093785603e-01
6.104459487728252087e-01 -2.223572203890595567e-01
7.332617185576486563e-01 -2.331498318529047209e-01
8.198249037645309878e-01 -2.318452219990995988e-01
8.837397102923550962e-01 -2.216645120173274253e-01
1.950594524591015899e+00 -1.714404007692161280e-01
1.978309213077837914e+00 -1.555589455282988531e-01
1.974231019069684789e+00 1.058359655543937988e-01
1.957587473131277234e+00 1.142174456724563275e-01
1.937003580661034619e+00 1.266479333783245009e-01
1.909240417125192879e+00 1.321144524934301234e-01
1.874939010591188282e+00 1.334317664565225492e-01
1.828157809367551234e+00 1.379844014597407242e-01
7.209676350890310559e-01 1.540423114927858550e-01
6.466049068864914151e-01 1.282162868559791336e-01
5.698197941763246677e-01 9.001221880242173123e-02
5.056110819814632062e-01 4.138053662321608539e-02
4.796116244929411465e-01 -1.223668799446819139e-02
5.076086867690994264e-01 -6.533666061463536123e-02
5.733280604704168448e-01 -1.117187068314281079e-01
6.518667094042221999e-01 -1.477090329494354648e-01
7.264512387633464963e-01 -1.722860913027577934e-01
1.836253184776365233e+00 -1.574325816395052979e-01
1.883089323842299656e+00 -1.512695492358717142e-01
1.917999168756535866e+00 -1.486482733897662445e-01
1.946388311392928783e+00 -1.418814143683760076e-01
1.967227796338083978e+00 -1.280488328744957272e-01
1.967505639636639492e+00 8.772141530602403647e-02
1.953944626138664153e+00 9.204043209801501813e-02
1.937464459996424804e+00 9.888382271196087536e-02
1.917566608829774477e+00 9.975861949682804375e-02
1.894834918741224561e+00 9.729306488017866461e-02
1.865647814068103649e+00 9.625790880495085911e-02
1.837476853431759150e+00 8.441954732923422078e-02
1.801306856684216084e+00 7.211877630304759645e-02
1.764060302029869520e+00 5.209521588733821013e-02
6.838232023730473896e-01 2.977610458670925525e-02
6.752103510673094222e-01 -1.009624711687025743e-02
6.852266573852036080e-01 -4.969245659622138073e-02
1.768032744645509968e+00 -7.503929757408980827e-02
1.806295811380408178e+00 -9.295965444321474536e-02
1.843132336873286592e+00 -1.035069015110116480e-01
1.872078593957074544e+00 -1.140979141238174926e-01
1.901733899887379842e+00 -1.137377786997390422e-01
1.925114480378633086e+00 -1.151168682936260096e-01
1.945581696046981390e+00 -1.131768543449455655e-01
1.962315767011399315e+00 -1.051806867922608635e-01
1.964469060447081805e+00 7.238007906961972659e-02
1.953578692350204316e+00 7.697648556840555600e-02
1.940699893869179071e+00 7.764281065495036438e-02
1.926329568385683144e+00 7.630910361991864732e-02
1.910809070164359635e+00 7.247945753087441101e-02
1.894729877701329723e+00 6.573637478534750944e-02
1.874582627715125183e+00 5.924355147416550393e-02
1.859171285546231012e+00 4.566971853983799179e-02
1.846744749563593135e+00 2.909172528226490126e-02
1.831211013199329329e+00 1.136828878693737707e-02
1.828615869589859111e+00 -9.799577383949587689e-03
1.832539222513994037e+00 -3.078756970048451141e-02
1.849195926250579491e+00 -4.763140256047099924e-02
1.862701176754478993e+00 -6.353689660240528780e-02
1.879060237302568437e+00 -7.631547177028731588e-02
1.899863614367293119e+00 -8.170656808281273609e-02
1.916662347787787546e+00 -8.760934450387425354e-02
1.932811385115611902e+00 -9.058610935318821278e-02
1.947719879970632784e+00 -9.106569459053796833e-02
1.961044491681948498e+00 -8.955431537470280590e-02
1.963656532231240037e+00 5.968713663462947572e-02
1.954798075873064755e+00 6.218217154331604629e-02
1.944968269032618657e+00 6.143662642348341613e-02
1.934435896697004553e+00 5.912664091805112931e-02
1.923519327456365557e+00 5.498994910257050395e-02
1.912670226894992220e+00 4.883996830906212755e-02
1.902467551895436815e+00 4.061446585890145927e-02
1.893584589966914811e+00 3.041776182671739048e-02
1.886721616798133772e+00 1.854305546765274565e-02
1.882505179988565702e+00 5.463896445038026600e-03
1.881371318937148152e+00 -8.208108150793015645e-03
1.883468352290403658e+00 -2.179166254488529991e-02
1.888619944448765242e+00 -3.461541005522306841e-02
1.896366626881464734e+00 -4.609372697695011956e-02
1.906065885308091401e+00 -5.578600181619458587e-02
1.917009263069184843e+00 -6.343031981774786832e-02
1.928520688388274396e+00 -6.894776794190474178e-02
1.940020684561309494e+00 -7.241991217946723569e-02
1.951057657236783482e+00 -7.404824860046234358e-02
1.961313945842821704e+00 -7.410722876249530022e-02
