-4.196554679864776261e-01 -2.151441676325303920e+00
-9.556100706755975560e-01 -1.979950299526310964e+00
-9.715664280327348523e-01 -1.806759205464925522e+00
-9.965585883044394411e-01 -1.634717132302173415e+00
-1.033628848119633181e+00 -1.461050118044342927e+00
-1.085666912420590213e+00 -1.280660101985251709e+00
-1.153837051951491999e+00 -1.085442802887214064e+00
-1.234798724904960343e+00 -8.645215885991377469e-01
-1.316908461125806618e+00 -6.076591067106925648e-01
-1.380351280846176865e+00 -3.123018597168990551e-01
-1.403362177774129638e+00 8.827544618066179502e-03
-1.376550064358375014e+00 3.293816374881683440e-01
-1.309843059750028793e+00 6.230110258003791479e-01
-1.225657014727596694e+00 8.771469594471635878e-01
-1.143957357615773107e+00 1.095614381851330643e+00
-1.075745509939529443e+00 1.288758707760024880e+00
-1.024155933605005231e+00 1.467615829228071433e+00
-9.876344672752854770e-01 1.640221697166892811e+00
-9.631687877621191163e-01 1.811477323359781177e+00
-9.477044585513971775e-01 1.984054743976815471e+00
-1.907034147300336602e-01 -2.147121579947949943e+00
-7.219280685901797723e-01 -1.987568944742457822e+00
-7.323799761896787608e-01 -1.820981029383525351e+00
-7.524206459954465576e-01 -1.658421887203340495e+00
-7.867378266226813244e-01 -1.497816646469298352e+00
-8.413030734304202118e-01 -1.334070115728889228e+00
-9.215791151968778516e-01 -1.156722784177871777e+00
-1.028202165851169303e+00 -9.490929838221844328e-01
-1.148913267496357360e+00 -6.885576211474482289e-01
-1.250665646605452874e+00 -3.634090831453273829e-01
-1.289633091683900945e+00 1.048486994820061260e-02
-1.244940466053213513e+00 3.835032279093514296e-01
-1.138101315493287524e+00 7.056874790657353680e-01
-1.016115553054162124e+00 9.616898405513462089e-01
-9.087422604904327184e-01 1.166037292391763458e+00
-8.295029738187413848e-01 1.340765781604105644e+00
-7.760437041920701384e-01 1.503253155515247963e+00
-7.425315054587285912e-01 1.663020753715416244e+00
-7.232018168001135283e-01 1.824920266119868906e+00
-7.133991966714395838e-01 1.990999136765862820e+00
3.944653928532851350e-02 -2.135480345785254919e+00
-4.819312850296462170e-01 -1.987243696397414050e+00
-4.833640179377523549e-01 -1.825874332064707284e+00
-4.933979966356793478e-01 -1.671730288317672342e+00
-5.178606920802892866e-01 -1.524197691273321942e+00
-5.656572819473808522e-01 -1.380306891569959671e+00
-6.504270060368297912e-01 -1.230826102677208267e+00
-7.827241937614740630e-01 -1.050170009058729370e+00
-9.583437178408685808e-01 -8.023544209109090275e-01
-1.125375056642938798e+00 -4.433334992680566522e-01
-1.195631883629122427e+00 1.240405506701487345e-02
-1.116721436052245275e+00 4.672365950275654822e-01
-9.429307743314064849e-01 8.177188923640914542e-01
-7.643638942441349782e-01 1.061959877148022979e+00
-6.355606684415844310e-01 1.236079265649761894e+00
-5.533170594499933204e-01 1.385214136210807911e+00
-5.061696721994901615e-01 1.528453061573280758e+00
-4.825636174208133289e-01 1.675187462478206157e+00
-4.734777847190257960e-01 1.828789227980936571e+00
-4.728790563669205138e-01 1.989819307159685469e+00
2.686096986082547877e-01 -2.115697878427179379e+00
-2.375182839576469584e-01 -1.975773583297639968e+00
-2.264766144764193689e-01 -1.816388272766349621e+00
-2.212181649402159000e-01 -1.666823933718407202e+00
-2.281276262536690025e-01 -1.528074523994806810e+00
-2.576047538874182696e-01 -1.399458192691010794e+00
-3.258205259611079430e-01 -1.276800835824947411e+00
-4.651598914356628311e-01 -1.150764212196027980e+00
-7.052055466970154063e-01 -9.406664041432477585e-01
-9.834561019708765173e-01 -5.613499583890749767e-01
-1.123259129546566371e+00 1.334661761000774556e-02
-9.670532185870257535e-01 5.973548634163359239e-01
-6.785193328990188899e-01 9.613552396781348541e-01
-4.510680103568638355e-01 1.151688565057912950e+00
-3.123254906120440655e-01 1.283944991608139796e+00
-2.423737286918795641e-01 1.403672021027696726e+00
-2.143184790527010719e-01 1.530290159183771648e+00
-2.093795821697384540e-01 1.668399542995703255e+00
-2.161087314585754260e-01 1.817899325133180533e+00
-2.281557265892350250e-01 1.977321258591735242e+00
4.941767363515258138e-01 -2.087800945447278789e+00
7.812187220465477422e-03 -1.950458994264586687e+00
3.389659897807348332e-02 -1.787725543566469399e+00
5.905527659451056954e-02 -1.635614141099734242e+00
7.702189701790274068e-02 -1.496990604801357927e+00
7.558788239965713585e-02 -1.374610885691295081e+00
3.497788631290443817e-02 -1.269706587516738150e+00
-8.535434488771920236e-02 -1.176785082232100876e+00
-3.586580389235040078e-01 -1.066635447568490047e+00
-8.471377932362419427e-01 -6.807100873348201908e-01
-1.071737126738695034e+00 1.049482956860340460e-02
-8.014335067205065055e-01 6.947982127719505296e-01
-3.372857252970700714e-01 1.070546751705133470e+00
-6.552362334816483336e-02 1.182407017730860987e+00
5.943309692720824544e-02 1.265470714585135159e+00
9.498259196659436521e-02 1.368849184618909698e+00
9.106681986589859612e-02 1.493665341120885781e+00
7.037040966649896201e-02 1.634401391431435036e+00
4.394868742266574979e-02 1.787681581340428316e+00
1.710555829784629611e-02 1.950978301179491670e+00
7.135078968062728011e-01 -2.052896844811001653e+00
2.489587275011502787e-01 -1.910008350993226856e+00
2.904376360438528648e-01 -1.736554945842015085e+00
3.374229360817394552e-01 -1.570247481714152737e+00
3.856307420886653237e-01 -1.413943684063200701e+00
4.210865527662399077e-01 -1.276037912022350618e+00
4.045289852671866138e-01 -1.174974672746499582e+00
2.656193717589164782e-01 -1.089090974444211213e+00
-7.195301449855474596e-01 -6.925419243104121714e-01
-9.619066188522614747e-01 -3.931076570936595793e-01
-1.014680346141618728e+00 3.171126383829716427e-02
-9.081914063320017938e-01 5.568175430367832135e-01
-3.996524817180546751e-01 9.646604056558069074e-01
2.610575981779189036e-01 1.090252866852401636e+00
4.331561250408155206e-01 1.164104292369737559e+00
4.320294614334146410e-01 1.270231390142994465e+00
3.930023331172383116e-01 1.411647542126596599e+00
3.457742331924980594e-01 1.568999844667404941e+00
2.993854967306546211e-01 1.735981691556666595e+00
2.579048772955129243e-01 1.909876418535158882e+00
9.244492750705954887e-01 -2.013146389907353839e+00
4.798319210526225675e-01 -1.855739172358776390e+00
5.331394598414039843e-01 -1.663776454008956796e+00
5.964900700867878935e-01 -1.469542140147224840e+00
6.663248276621074329e-01 -1.269810436167894352e+00
7.308355263641788113e-01 -1.060806264461902293e+00
6.363858697525698327e-01 -1.006328144578325423e+00
-5.588868368562635025e-01 -8.313726168603640110e-01
-7.979564784834861646e-01 -4.085842854860849416e-01
-8.117116125395273940e-01 -2.019898789943473383e-01
-8.143803879406996682e-01 8.701195246181864934e-04
-8.105465031131069420e-01 2.055031129030976678e-01
-8.109367178380234575e-01 4.143967758348695019e-01
-5.772071896910382360e-01 7.995876629841152106e-01
6.659092624705950092e-01 9.360421850839135693e-01
7.229199173032531123e-01 1.075490666591431221e+00
6.724308176551574423e-01 1.273267083160784630e+00
6.046696968536495742e-01 1.470694610670677749e+00
5.418754422235163570e-01 1.663692591284759548e+00
4.886940216466172937e-01 1.855335262839638233e+00
1.028625721415566296e+00 -1.967782240043409958e+00
6.950306070875804654e-01 -1.792254796421715035e+00
7.528648058505372775e-01 -1.576648002551657601e+00
8.200204393116847790e-01 -1.345925021857153014e+00
8.841126705202533298e-01 -1.087692007635863822e+00
8.945644359484637986e-01 -8.159794643431861338e-01
-2.274774539607162804e-01 -9.732088998514890621e-01
-6.056329379271386815e-01 -6.088499483161816661e-01
-6.120565798788224487e-01 -4.038703827382003064e-01
-6.142040159080830453e-01 -2.007567318459393679e-01
-6.151614629337125439e-01 8.176808105702798330e-04
-6.153185798234688253e-01 2.026937631375568261e-01
-6.152157596049613320e-01 4.051571253353472568e-01
-6.113445063969730198e-01 6.115031859956723270e-01
-2.362381270974684699e-01 9.686662457573653739e-01
9.245163198945252070e-01 8.108729004934023266e-01
8.957105032063429340e-01 1.093751214060252108e+00
8.295777919993532201e-01 1.346358989757281854e+00
7.624830934341257915e-01 1.576119922421925779e+00
7.042778854445423953e-01 1.791362127951311445e+00
1.081280035826016173e+00 -1.925068522348523992e+00
8.917101292889121344e-01 -1.726600375026709155e+00
9.451897625463394625e-01 -1.486635653813916047e+00
1.000747722752830526e+00 -1.218655149803056892e+00
1.032405143993454066e+00 -9.062226083400070076e-01
5.512513131623959506e-01 -9.853251646503954353e-01
-4.013946694072473842e-01 -8.163031212227292999e-01
-4.129229362718440655e-01 -6.061890308106506753e-01
-4.150817886767155795e-01 -4.028201680425526066e-01
-4.159354975965071088e-01 -2.009495404279721120e-01
-4.164725939014246037e-01 3.501196746699132252e-04
-4.168961606810722698e-01 2.014606935538340859e-01
-4.171984180771455830e-01 4.025787803535598175e-01
-4.157129038826603007e-01 6.041961004642301125e-01
-3.937367489820164934e-01 8.157185112208638067e-01
3.184246164845873639e-01 9.826192824761288414e-01
1.050291407605714378e+00 9.025959632906828123e-01
1.012976963120091778e+00 1.217916155594712446e+00
9.557256856915194998e-01 1.484800734808066514e+00
9.014292645512742563e-01 1.724714816105798132e+00
1.174670352813231844e+00 -1.887608836523007483e+00
1.070455927744784042e+00 -1.666511540942590353e+00
1.111790090626417093e+00 -1.406573758621347148e+00
1.144986186806456807e+00 -1.110279603987675445e+00
1.133858308819619465e+00 -7.570707259117905874e-01
2.541052975085209553e-01 -9.890544978128567033e-01
-2.069756150811017936e-01 -8.046252025081184200e-01
-2.158802686615039212e-01 -6.036511294963635699e-01
-2.169089686628435654e-01 -4.021194965963503232e-01
-2.172165062071516328e-01 -2.008936531880904375e-01
-2.174140359004976264e-01 1.148928278761052417e-05
-2.176384860743147964e-01 2.005956628508523409e-01
-2.179311934239378801e-01 4.008820774711328028e-01
-2.179242289835527369e-01 6.014050462032499711e-01
-2.125604949801453702e-01 8.053199878795497257e-01
2.105845078200702103e-01 1.005806626414909921e+00
1.138287641601130051e+00 7.380660681526814981e-01
1.158476650508751815e+00 1.103493347641672617e+00
1.123018343916939665e+00 1.402446470087248764e+00
1.080409102692212908e+00 1.663232705666557010e+00
1.207328960040714882e+00 -1.866291694457741013e+00
1.235055124860153342e+00 -1.618417626029248879e+00
1.259888699666652734e+00 -1.346420954989912211e+00
1.267063744937201974e+00 -1.035513191018502255e+00
1.217312085973307978e+00 -6.663486739959152416e-01
3.338117559421097114e-01 -9.331896491459232834e-01
-1.189502663932229427e-02 -8.051610305615225505e-01
-1.728953328840712733e-02 -6.022252271503865106e-01
-1.798394487012363457e-02 -4.013529366600981918e-01
-1.808193630026162096e-02 -2.006090665665404837e-01
-1.799283389098003949e-02 -1.774616691160318016e-05
-1.776653243976292901e-02 2.001645975338126604e-01
-1.750971649558358961e-02 3.995979796132282380e-01
-1.731073785013499677e-02 5.978374077544899023e-01
-1.504003307775781534e-02 7.933719406760282311e-01
3.047576735200297482e-01 9.415363681107641325e-01
1.204558845831065650e+00 6.413006696032413911e-01
1.277468408083827667e+00 1.022536215086919942e+00
1.270595226631676677e+00 1.339460549426584768e+00
1.244743054120444281e+00 1.613588214553195899e+00
1.375470319414344500e+00 -1.838027474100637715e+00
1.391176998837322376e+00 -1.585936976842105883e+00
1.399006149008371391e+00 -1.310802334969245475e+00
1.383329722231902981e+00 -1.000240892882160004e+00
1.302911525757298961e+00 -6.318407995574744085e-01
5.804731671977844121e-01 -7.947797383676528105e-01
1.881160794004578252e-01 -7.962731846703178240e-01
1.826351891235564184e-01 -6.002005945691742950e-01
1.815679866776922780e-01 -4.005816071409396550e-01
1.813103914714494225e-01 -2.001952982390186320e-01
1.816103267568732471e-01 3.486872643487513618e-04
1.824942718915613937e-01 2.004677149321504592e-01
1.840550895898613870e-01 3.994689283897668308e-01
1.867027995889639080e-01 5.962358588504079737e-01
1.956812704525692503e-01 7.895018670240830927e-01
7.470800518113918098e-01 8.730570207325584198e-01
1.287452662916753976e+00 6.039034180142022201e-01
1.389630961285194477e+00 9.851281001755802791e-01
1.408071244610694439e+00 1.301967321478944895e+00
1.400049810601240008e+00 1.579856583833918915e+00
1.540357032536008086e+00 -1.820812484611984194e+00
1.544705943354941269e+00 -1.569539131376770369e+00
1.537973055050469995e+00 -1.298859631990046504e+00
1.505856163791274849e+00 -9.998472177281390039e-01
1.409174388226172692e+00 -6.528023561046913947e-01
9.643344533237089289e-01 -4.629752971544683349e-01
4.065111426871259592e-01 -7.979523646639927748e-01
3.841206132555444741e-01 -5.987972970698487440e-01
3.817395161198362530e-01 -4.001622431106474642e-01
3.806532682907500797e-01 -1.998586189652934719e-01
3.809785165444098953e-01 1.123033026539851974e-03
3.826347315205755328e-01 2.017279562835558038e-01
3.859081797491454302e-01 4.011443506843858642e-01
3.926547871394777678e-01 5.978565074704490501e-01
4.068721045436822226e-01 7.802732414985955600e-01
9.164668563831156467e-01 4.626097571377737472e-01
1.402977819620508715e+00 6.400688964300713657e-01
1.509771180654841505e+00 9.865500900506879445e-01
1.545250496907573767e+00 1.289685668673574703e+00
1.552495003228750114e+00 1.562818726354431309e+00
1.705451441470918095e+00 -1.813885679256041161e+00
1.700469540779056654e+00 -1.567196534894352400e+00
1.683110708726982985e+00 -1.306001872718936641e+00
1.641662450619830516e+00 -1.025307057274110978e+00
1.548578930371526052e+00 -7.165677209403250592e-01
1.304909328472788177e+00 -3.768695448821861582e-01
7.699208487892899022e-01 -6.112720447762798326e-01
5.931154691913519406e-01 -5.923700737889802115e-01
5.826521513542963771e-01 -4.010764934395747994e-01
5.792299859391498718e-01 -1.997116743742855527e-01
5.796308806763040833e-01 2.283084290887952943e-03
5.820967250102867530e-01 2.037663884028727557e-01
5.871987720402166433e-01 4.040090911600389689e-01
5.949885059502255658e-01 5.999111176290857772e-01
7.844303692304478437e-01 6.042270236140093731e-01
1.323891004008623140e+00 3.771304407962794980e-01
1.549266144599795281e+00 7.083977288821229346e-01
1.645426352601948805e+00 1.015026600046395000e+00
1.689164556931391559e+00 1.297490389659733623e+00
1.707245714854939811e+00 1.560391450943389380e+00
1.873324462805252555e+00 -1.815414989260167866e+00
1.861643945756818130e+00 -1.575501746681524651e+00
1.837894465317769122e+00 -1.326062209986700546e+00
1.793576301524210326e+00 -1.065551185334137951e+00
1.712765119022426452e+00 -7.931431848708879739e-01
1.560571775410018791e+00 -5.121012255774808342e-01
1.258011876206572177e+00 -2.558243002224513951e-01
8.319172289097016559e-01 -4.963606416203281690e-01
7.830337445586256218e-01 -3.988494841143795377e-01
7.757879774408852347e-01 -1.967409207444938690e-01
7.778513508224340622e-01 2.993183301661248887e-03
7.820250487666856598e-01 2.061879468544984828e-01
7.829355434495323118e-01 4.021051933243512400e-01
8.742262199944826895e-01 4.687245023180016679e-01
1.298497700093595775e+00 2.423451919768307150e-01
1.570464258134068647e+00 5.091986146074636288e-01
1.716158877010427908e+00 7.857070848408959085e-01
1.797784918223002570e+00 1.057091220697158551e+00
1.843288186174709020e+00 1.318363878017583479e+00
1.867630881413221644e+00 1.568896501009684696e+00
2.095763596376154503e+00 -1.824569551999180250e+00
2.080244423365600781e+00 -1.592327953656456740e+00
2.054112771067277965e+00 -1.354754498084703052e+00
1.960552927068011320e+00 -1.110579209834942738e+00
1.893400750900677609e+00 -8.658523517415603887e-01
1.789960334731780067e+00 -6.252703314106331511e-01
1.636292479314020110e+00 -4.030235443326221634e-01
1.418736537065295344e+00 -2.206754394245838968e-01
1.190867820009422484e+00 -1.101099183862340736e-01
1.015028988360701545e+00 -1.589330797178541699e-01
9.833032337898295339e-01 -3.922118699324201457e-03
9.974577914030361425e-01 1.129498122440061869e-01
1.132251837801985239e+00 9.756084204231624257e-02
1.425319398911272684e+00 2.025879251581618190e-01
1.646340599423200102e+00 3.945056947120039181e-01
1.795719776764948206e+00 6.183130751225769384e-01
1.897570203080097828e+00 8.583181994110655744e-01
1.964960655122378830e+00 1.102955760604893420e+00
2.059210139020366981e+00 1.347640510290321503e+00
2.085730280071658171e+00 1.585988005542155577e+00
2.372748024539741429e+00 -1.839099192249156411e+00
2.355727414845295353e+00 -1.614524388254343190e+00
2.279756665965984475e+00 -1.385493781812038527e+00
2.241862454078793476e+00 -1.157602987007122053e+00
2.188244114533919316e+00 -9.320501182217270086e-01
2.062907570741606023e+00 -7.121504722940577015e-01
1.915760521295551300e+00 -5.096449001427170167e-01
1.804899509815798497e+00 -3.357334619253008468e-01
1.694097982369500599e+00 -1.965455910313822219e-01
1.606810207613001307e+00 -9.042854019330218152e-02
1.572725329075469247e+00 -6.582059682618393581e-03
1.607612561885221503e+00 7.765172378355525429e-02
1.695588322436572204e+00 1.835925026705807761e-01
1.809375912121578001e+00 3.246005645939096795e-01
1.920737682340299735e+00 5.006647742813690183e-01
2.067430871506157342e+00 7.041243076757014441e-01
2.192527361293776789e+00 9.245055614101148622e-01
2.246286073127475191e+00 1.150436381058992819e+00
2.284475640183133205e+00 1.378842142352047606e+00
2.360615840173965196e+00 1.608517998888990830e+00
2.653943204197959815e+00 -1.856808976204135764e+00
2.637122026291319976e+00 -1.639223199408426090e+00
2.563524005670417605e+00 -1.417742925705051560e+00
2.531354364650560740e+00 -1.200777425727678649e+00
2.489391269793399086e+00 -9.878716079797671412e-01
2.384571476266415413e+00 -7.796587977978244322e-01
2.322348993920553273e+00 -5.878385073027425634e-01
2.202588161148997248e+00 -4.123541033358731345e-01
2.087589131655413155e+00 -2.591392481321583285e-01
1.990200561708046711e+00 -1.261429085174773090e-01
1.974139979823705149e+00 -5.536376519362594568e-03
1.991206147333443033e+00 1.152162251239437496e-01
2.089712687414530201e+00 2.484718503567107661e-01
2.205737534358161334e+00 4.025630272180061309e-01
2.325955156703044313e+00 5.791740965146150444e-01
2.388328442293733644e+00 7.717964102976527796e-01
2.493318595766477408e+00 9.805245175022585524e-01
2.535469992630641212e+00 1.193926670407889246e+00
2.567859269524827681e+00 1.411394906065554622e+00
2.641529699965463163e+00 1.633401620376095487e+00
2.939564203305855106e+00 -1.875244213603490362e+00
2.874416826417544701e+00 -1.660282079890432971e+00
2.853698790683810937e+00 -1.448809982102173155e+00
2.827468279964769682e+00 -1.239595391860896401e+00
2.795393614853579844e+00 -1.034610963765686842e+00
2.757962263898898314e+00 -8.363765252230509484e-01
2.663010259282518000e+00 -6.438867851864362724e-01
2.620915528492021362e+00 -4.673965038264599747e-01
2.584272258118869736e+00 -3.037304373889397335e-01
2.502309787661587404e+00 -1.499806350360079477e-01
2.493348414202557706e+00 -4.898135398402603952e-03
2.503178936410100697e+00 1.402977560069753327e-01
2.585863573506891999e+00 2.946088875150166819e-01
2.623187532044765291e+00 4.587635367409004794e-01
2.665784816875599983e+00 6.358348287390359621e-01
2.761077263037727825e+00 8.288910368778868998e-01
2.798776876307929928e+00 1.027626916540276047e+00
2.831087784313335298e+00 1.233072103497604211e+00
2.857531903696435283e+00 1.442734905913009902e+00
2.878428207845530107e+00 1.654653475550112773e+00
3.229099818250541709e+00 -1.891756378105865499e+00
3.165792369731772471e+00 -1.682459372829672395e+00
3.148360053709501560e+00 -1.475977028596729079e+00
3.127442367138663748e+00 -1.271915887780252774e+00
3.103197604363974182e+00 -1.071602321014805570e+00
3.076357016417795354e+00 -8.765408774077670939e-01
3.048433909070210834e+00 -6.881674309141958545e-01
3.021802419037002085e+00 -5.074370594004647961e-01
2.999492693939977084e+00 -3.343281020282762306e-01
2.984622553116777599e+00 -1.674686371226182524e-01
2.979576152216109719e+00 -4.132679707283807256e-03
2.985245224196508396e+00 1.592665043389221435e-01
3.000713087730787709e+00 3.263123830915035106e-01
3.023564674394692009e+00 4.997158628893648702e-01
3.050655039109029687e+00 6.808140218516222086e-01
3.078950162354662456e+00 8.695850374680635930e-01
3.106093746743313844e+00 1.065044653000907671e+00
3.130592444878820046e+00 1.265748754454640190e+00
3.151724594539680346e+00 1.470194849289657713e+00
3.169332858324497515e+00 1.677057975929654665e+00
