-1.000000000000000000e+01 0.000000000000000000e+00
1.042729988175921330e+00 8.005509908203677083e-02
1.018289281030033244e+00 2.382888735751829690e-01
9.699807361987742294e-01 3.909373588360106622e-01
8.989366650285646188e-01 5.344226037488626346e-01
8.068222803334720306e-01 6.653814357854357375e-01
6.957966652182171474e-01 7.807442909183518465e-01
5.684621660001537569e-01 8.778071616003172428e-01
4.278033954172364983e-01 9.542949764092207854e-01
2.771172758350832210e-01 1.008414925794007821e+00
1.199357621810672042e-01 1.038898484011040457e+00
-4.005694408563485742e-02 1.045031142292377924e+00
-1.991107495336611188e-01 1.026669156325705545e+00
-3.534975677710639475e-01 9.842429154991839679e-01
-4.995987026305581113e-01 9.187468549389733452e-01
-6.339896673406167915e-01 8.317161467927182139e-01
-7.535204515929354585e-01 7.251907170955584903e-01
-8.553893551142350837e-01 6.016674316328287642e-01
-9.372086571460551685e-01 4.640415715222934168e-01
-9.970605825955947132e-01 3.155389702786732253e-01
-1.033542253058455485e+00 1.596404030101505889e-01
-1.045798569099418707e+00 1.288213174475112960e-15
-1.033542253058456151e+00 -1.596404030101480631e-01
-9.970605825955952684e-01 -3.155389702786707273e-01
-9.372086571460562787e-01 -4.640415715222910853e-01
-8.553893551142366380e-01 -6.016674316328267658e-01
-7.535204515929371238e-01 -7.251907170955566029e-01
-6.339896673406184568e-01 -8.317161467927165486e-01
-4.995987026305597767e-01 -9.187468549389724570e-01
-3.534975677710653352e-01 -9.842429154991834128e-01
-1.991107495336620348e-01 -1.026669156325705101e+00
-4.005694408563534314e-02 -1.045031142292377924e+00
1.199357621810671903e-01 -1.038898484011040457e+00
2.771172758350837206e-01 -1.008414925794007599e+00
4.278033954172373310e-01 -9.542949764092205633e-01
5.684621660001548671e-01 -8.778071616003165767e-01
6.957966652182182576e-01 -7.807442909183508473e-01
8.068222803334732518e-01 -6.653814357854342942e-01
8.989366650285658400e-01 -5.344226037488606362e-01
9.699807361987752286e-01 -3.909373588360082197e-01
1.018289281030033910e+00 -2.382888735751800546e-01
1.042729988175921774e+00 -8.005509908203524427e-02
9.980204718254220841e-01 2.366106810160780727e-01
1.010377153794479010e+00 2.328105846216744490e-01
1.001091954718734467e+00 3.902745160660796020e-01
9.789561955945311755e-01 3.634101036077782010e-01
9.802229985755470665e-01 4.169905685267566442e-01
8.831389113094727517e-01 5.134196399826733703e-01
9.132524310635985465e-01 5.754958467703092939e-01
9.137399575022687737e-01 5.548622806856111644e-01
8.942774158718835853e-01 5.533323618895287233e-01
8.808697228445411254e-01 5.605806426335964154e-01
8.929804640718138620e-01 5.168016383529523416e-01
8.926427515158809056e-01 5.104632587028363755e-01
9.055350097212251370e-01 5.067114606529558030e-01
9.015104001659820510e-01 5.722283132962067143e-01
8.044082639314534822e-01 6.674578284109882187e-01
7.959500104316693525e-01 6.586893887063169917e-01
8.342535908670551947e-01 6.567657428876785275e-01
7.973047265518062865e-01 6.648767066406282567e-01
8.068754400849258435e-01 6.687384216293067452e-01
8.008512864145759247e-01 6.930244211930086662e-01
8.197421062487401100e-01 6.489946963132229296e-01
8.048171701041232362e-01 6.264817974783527532e-01
8.643345387553287296e-01 6.446654002960751084e-01
8.388539236398794285e-01 6.563296388816193261e-01
7.890468048348893149e-01 6.734505570612842051e-01
7.061579340690271600e-01 8.188981938196334687e-01
6.868986304890259964e-01 7.789601429215190498e-01
6.640549119010411561e-01 7.740996524007058843e-01
6.880009903509280988e-01 7.853468136216997797e-01
7.044169870382669396e-01 7.876980556866103322e-01
7.202995842454182895e-01 7.454591992120086497e-01
6.892344047494444181e-01 7.757161489706965174e-01
6.922306059969994818e-01 8.039093066874249960e-01
7.088329636648895704e-01 8.096739835409362263e-01
6.711313568216069614e-01 7.980017210050897036e-01
6.959240904761463398e-01 7.672357656073661714e-01
7.065520478035315355e-01 8.172512130754041593e-01
6.611012777386912065e-01 7.881984176277034848e-01
6.036839024709929058e-01 8.412177401059283133e-01
5.696665707262107414e-01 8.773058193313441055e-01
5.726763226754757463e-01 9.097905261481396000e-01
5.670362205450918403e-01 8.792528558912797720e-01
5.693486070760398476e-01 8.758028652928753210e-01
5.522652046431136830e-01 8.831092201175563261e-01
5.814410769738613816e-01 8.735603579223565340e-01
5.421944935110422081e-01 8.662920425580558081e-01
5.946512293466539312e-01 8.566745949527070358e-01
5.618674375142711508e-01 8.846269877969984430e-01
5.845469529438270806e-01 9.167660342247451188e-01
5.658388526531186180e-01 8.523328057122128154e-01
5.965060691787981151e-01 8.868259865007770415e-01
6.068683550110343106e-01 8.898091481478653808e-01
5.440658843212866635e-01 8.772247446605588861e-01
4.282054021685974821e-01 9.378127414153251129e-01
4.126055563486661359e-01 9.641127885168702116e-01
4.371832364195741283e-01 9.651036595791150363e-01
4.129487301908044139e-01 9.643922281046333200e-01
4.035186352966920187e-01 9.420508890305534511e-01
4.722693183298884434e-01 9.711338909937246022e-01
4.559618085569351886e-01 1.005197493238896289e+00
4.276862361369632159e-01 9.559201027552357566e-01
3.903299964463952110e-01 9.506441270091680051e-01
4.455455869535920321e-01 9.271937367654037310e-01
4.179853501576616948e-01 9.546641373507399608e-01
4.569315375712131866e-01 9.659283983970776699e-01
4.082494045090826473e-01 9.605370064298205390e-01
4.468863235135530076e-01 9.890883034252881956e-01
4.433851389741961802e-01 9.339766134133109521e-01
4.146899681382482661e-01 9.338838775725607499e-01
2.853092415291421102e-01 9.940410016615820465e-01
2.763604427123390606e-01 9.937789781216316287e-01
2.553568188143033324e-01 1.017232151649700045e+00
2.941850279662103218e-01 1.012753833164188544e+00
2.720965443550192875e-01 1.009329591294927164e+00
2.550891258831580743e-01 1.033114032721093256e+00
2.965264945072902392e-01 1.010391261320369827e+00
2.690828100256549837e-01 9.960106944432185472e-01
2.872009008948894770e-01 1.062445068298432771e+00
2.528227139961447545e-01 1.038707416272703021e+00
2.880083222988057412e-01 9.599099867582124856e-01
2.924818791629530956e-01 1.000815125700228680e+00
2.583848871488538257e-01 1.003592092274024239e+00
3.316128137237124851e-01 9.591059783253480520e-01
2.664190454593268753e-01 9.889507338506445810e-01
2.939367086280527674e-01 9.911722832049073562e-01
2.583490418490426710e-01 1.017436150737761835e+00
2.919159726424751522e-01 1.045018007239399749e+00
9.946421854432048459e-02 1.022099123498999784e+00
9.842780115321500545e-02 1.055272451761088526e+00
1.125334585393629183e-01 1.045939905045191409e+00
1.163354139163372963e-01 1.053919099118568958e+00
1.516027791709849415e-01 1.037435631400108083e+00
8.745380148931762576e-02 1.029881038730476650e+00
1.198048381553023373e-01 1.046782339454564337e+00
1.053051058827927516e-01 1.067720702426755874e+00
1.267193592535250934e-01 1.056443701633721144e+00
9.768192598829981976e-02 1.042407992152359908e+00
1.186715190163007416e-01 1.032461983878596001e+00
1.295031268954640047e-01 1.027368667592557960e+00
1.213367310650914077e-01 1.030787744328704347e+00
6.959980098005558169e-02 1.016430157110373100e+00
1.414781904375536636e-01 1.036659783997311290e+00
1.114075409722094789e-01 1.032393610932795136e+00
1.401590910561270886e-01 1.030828464116470888e+00
1.046513074508057667e-01 1.003804000592616541e+00
-3.970201248918178716e-02 1.065709833507922477e+00
-2.892881829234849461e-02 1.035281103487220689e+00
-3.497659144635513473e-02 1.062043686836083634e+00
-2.015335003613826642e-02 1.052423074514352130e+00
-3.671020438730680097e-02 1.055198201076088749e+00
-3.742453714158365530e-02 1.033141934854182598e+00
-3.406113323271550697e-03 1.040434054222428184e+00
-4.253045538133687353e-02 1.015354795080979144e+00
-4.798213184075765525e-02 1.054192815386007842e+00
-3.431907695333374919e-02 1.037134490039547163e+00
-4.252632303497744931e-02 1.046093019854098749e+00
-3.716958720045117348e-02 1.069657885651693174e+00
-6.448826920099140492e-02 1.013183482952874082e+00
-2.623605498546517645e-02 1.050826666055545422e+00
-3.486873184406835691e-02 1.076372105184009831e+00
-2.430405528987435518e-02 1.009345223176151052e+00
-5.555392983617264691e-02 1.017987494211819444e+00
-2.478973664687650347e-02 1.083471233501988040e+00
-7.796863228946006308e-02 1.068194752509010526e+00
-1.836740637695392642e-01 1.042826300850306032e+00
-1.584227843644100686e-01 1.014772788892776889e+00
-1.727975530153299799e-01 9.951349501507268380e-01
-2.083612497469039260e-01 1.006645040609587705e+00
-1.677146685868452503e-01 1.047976285217984582e+00
-1.796278327359968341e-01 1.054237289487075513e+00
-2.118216546494560149e-01 1.028414126545216467e+00
-2.120114502250610433e-01 1.028198761127146588e+00
-1.887456079730212011e-01 1.016974372531054494e+00
-2.129699463151295546e-01 1.036952831976687417e+00
-2.452042150270724030e-01 1.015945219742349970e+00
-2.519240198989605717e-01 1.012549417656243067e+00
-2.306306924169315709e-01 1.024233887087179884e+00
-1.626270647632294397e-01 1.054460799098736912e+00
-1.956731443738007614e-01 1.084334865312312157e+00
-2.300334525006727526e-01 1.028657373169953759e+00
-1.862519249528332421e-01 1.017048480379900255e+00
-1.973240645405937854e-01 1.001407198325729331e+00
-1.923609018556980965e-01 1.049308400148130094e+00
-3.271201498382167450e-01 9.688985163853491844e-01
-3.676870941999877962e-01 9.974138933079519376e-01
-3.120187513953050495e-01 9.833300205209059008e-01
-3.556276634232988787e-01 9.820752826648788680e-01
-4.069522590489717540e-01 9.930423502477104813e-01
-3.481148255417410575e-01 9.700069996133803274e-01
-3.329813597921904011e-01 9.974735637842770952e-01
-3.510855891244024640e-01 9.947011217860638466e-01
-3.572419358400470979e-01 9.722030150608854671e-01
-3.399917194193653458e-01 9.741219356116919137e-01
-3.937318781813700097e-01 9.827848302744546238e-01
-3.495958366616139790e-01 9.917677389217032236e-01
-3.711242710658179678e-01 9.418071268018333164e-01
-3.490264371955123512e-01 1.003152581778414598e+00
-3.521073138290634619e-01 9.723960112122249644e-01
-3.789692589969442804e-01 9.550541417484870177e-01
-3.940895711984173655e-01 9.630435702812534249e-01
-3.261938614985363527e-01 9.527423004507004078e-01
-5.034311373613596929e-01 9.339867631120578606e-01
-4.888272614560826290e-01 9.582053629135545147e-01
-4.841439945438235082e-01 9.279826556353636402e-01
-5.091338931043991600e-01 9.276293099508675644e-01
-4.875737032387078007e-01 9.493902955323162418e-01
-5.281684515612571351e-01 9.026692824505770929e-01
-5.230853179919742191e-01 9.162589670521646967e-01
-5.028821266480112406e-01 9.176543476656924270e-01
-5.254739602362905604e-01 9.046375109736001230e-01
-5.236734553714901264e-01 9.094120697392196195e-01
-4.647555178712208801e-01 8.956599633362797297e-01
-4.843863658023364049e-01 9.168617813504410519e-01
-4.875979185703039342e-01 9.000149468201241731e-01
-5.068436167584855490e-01 9.107763966875925821e-01
-4.863061202011030315e-01 9.114383026677284061e-01
-5.217739454122674037e-01 9.236876240506011193e-01
-5.279806811275135070e-01 9.231866769057077704e-01
-6.584894136559366062e-01 8.541639180641605877e-01
-6.396769136851533366e-01 8.262327543059412305e-01
-6.312516214748663534e-01 8.208636398639246323e-01
-6.166755194948573271e-01 8.230283008059204874e-01
-6.111251347970533265e-01 8.624059842617501914e-01
-6.288355522456146041e-01 8.014114283379294434e-01
-6.262162197707575872e-01 8.126132738337972228e-01
-6.267096550765293150e-01 8.097434137696314371e-01
-6.465266255099771930e-01 8.434709627416404620e-01
-6.693255711264390895e-01 8.866882811656331409e-01
-6.544576788586839999e-01 8.299816581225185619e-01
-5.967434224097967199e-01 8.510052937296358477e-01
-6.336028574498024923e-01 8.003838706660187929e-01
-6.281129481127714076e-01 8.211165563074670493e-01
-6.073960670379127125e-01 8.115271531437354691e-01
-6.407286553328027656e-01 8.085254354107744845e-01
-7.422227643406588138e-01 7.643933926367946219e-01
-7.954606792099654378e-01 7.061727014381901091e-01
-7.499617323125847834e-01 7.454687030435018791e-01
-7.363970506820878281e-01 7.029202903088639376e-01
-7.821110633312423621e-01 6.933274158306185209e-01
-7.560028754085179603e-01 7.282204845557974648e-01
-7.508120425608504345e-01 7.252886849406793290e-01
-7.551133068406128412e-01 7.455242626245743853e-01
-7.926544305615264019e-01 7.506292176339287581e-01
-7.026769208892078566e-01 7.451208355949688888e-01
-7.543850824487735585e-01 7.324748880128659767e-01
-7.799006757105734211e-01 7.390116992420506792e-01
-7.332211050097946492e-01 7.546601668135205498e-01
-7.527744091841388485e-01 7.180094981817092270e-01
-8.673962731316618990e-01 5.803463985628376509e-01
-8.559295918471381270e-01 5.758488154941245885e-01
-8.876278227105812713e-01 6.092127804822814463e-01
-8.786122399774104474e-01 5.950945948199439783e-01
-8.784088630202412373e-01 6.021213439841330839e-01
-8.330133785593879514e-01 5.981057929942009688e-01
-8.415039207985492986e-01 6.189939499442325133e-01
-8.647877246443153032e-01 6.335831862993118735e-01
-8.224035633983624027e-01 5.879331002743950485e-01
-8.392826598262996818e-01 5.937256863911771765e-01
-8.556241116871839969e-01 6.033560625861332793e-01
-8.206013618791585529e-01 6.174264749494858817e-01
-9.187386326289787020e-01 4.717784322807525577e-01
-8.996081703408009833e-01 4.672238082648675350e-01
-9.507024876819604176e-01 4.559596059658970191e-01
-9.289644667992491556e-01 4.622405107585553785e-01
-9.457818517986791296e-01 4.587673305076433450e-01
-9.718203996380019305e-01 4.653379092228370761e-01
-9.449078968087906150e-01 4.491777985971051046e-01
-9.125140923542504057e-01 4.839909786837744421e-01
-9.495682454830837171e-01 4.845679510394944600e-01
-9.939779824663478314e-01 3.069091411702853378e-01
-9.880290590025908593e-01 2.766136622534450251e-01
-1.026900467453433219e+00 3.136864588486521499e-01
-9.640476200938175033e-01 3.187734720518757281e-01
-1.002603339331644916e+00 3.682976431151725460e-01
-9.549746310864124510e-01 3.285991551854797188e-01
-1.062150812342691708e+00 2.076261632290798964e-01
-1.025180023004921726e+00 1.665838617564806834e-01
-1.012094240027117342e+00 1.910502565175714873e-01
-1.049791517942180175e+00 -1.582744560270756273e-01
-1.042529426286644245e+00 -1.766035021447072695e-01
-1.036030716352783099e+00 -1.585882949971451072e-01
-9.774643332060918288e-01 -3.509339261725361037e-01
-9.818179049602147046e-01 -2.823655392704778055e-01
-9.766518125326638655e-01 -3.329144823556540733e-01
-1.031237749210834220e+00 -2.853061610848114382e-01
-9.988420108546353093e-01 -3.273920449533728738e-01
-1.025209488647625733e+00 -3.215385548976763541e-01
-9.769104567680494400e-01 -4.655850065501203061e-01
-9.845118617425607788e-01 -4.494776665926373815e-01
-9.584268711022529974e-01 -4.541089134174006170e-01
-9.232432133417580733e-01 -4.565363613700602063e-01
-9.690192499402155990e-01 -4.804908092697676714e-01
-9.254105570361235156e-01 -4.342774097101324005e-01
-9.394633835240585595e-01 -4.736603758906592909e-01
-9.289747858749255460e-01 -4.918825415875512919e-01
-9.267149140653225814e-01 -4.879444041066189341e-01
-8.395186780704050333e-01 -6.266867701480905994e-01
-8.875829460094992740e-01 -5.901546387222605938e-01
-8.512710857305740841e-01 -5.538804604521729846e-01
-8.803509042339813240e-01 -6.104281822948079972e-01
-8.749940828504759738e-01 -5.912249174626477144e-01
-8.469733058658732716e-01 -6.158350924874741450e-01
-8.351579556538859528e-01 -6.015571012290304997e-01
-8.174798612319682523e-01 -6.204667979751748996e-01
-8.990125732597482600e-01 -5.748212343092165000e-01
-8.239472521552985151e-01 -5.967404605143071805e-01
-8.228094136570933692e-01 -6.054474384286293587e-01
-8.603678211979521873e-01 -5.891391049088235965e-01
-7.530832892800372047e-01 -7.411054665241898487e-01
-7.552683182257131644e-01 -7.514480670222909442e-01
-7.765255186271380339e-01 -7.215205060135280180e-01
-7.368497021056166219e-01 -7.053927494111603691e-01
-7.928100695692380517e-01 -7.376547457467758084e-01
-7.322750787162589647e-01 -7.298265173987074084e-01
-7.421711971185791512e-01 -6.962396740991820820e-01
-7.970991203658275293e-01 -7.600969020722159186e-01
-7.090651243184699082e-01 -7.584367989683645783e-01
-7.317679658428576372e-01 -7.441723029666453826e-01
-7.466002069846989775e-01 -7.427813812437424890e-01
-8.069945569717316136e-01 -7.545568588593812853e-01
-7.447337746741717890e-01 -7.370626166995108974e-01
-7.735444831290098078e-01 -7.121900378991633529e-01
-6.353176772262437710e-01 -8.179238990029848999e-01
-6.641691563773289841e-01 -8.091354585064205462e-01
-6.346560808024120925e-01 -8.230970743796506284e-01
-5.982182882643809485e-01 -8.215560919214437430e-01
-6.520021289415733889e-01 -8.339016125173069893e-01
-6.147815589398737401e-01 -8.030204375938417849e-01
-6.443520123449065773e-01 -8.281856297456660077e-01
-6.352219815399451353e-01 -8.602992922135768161e-01
-6.475746784959540703e-01 -8.521812256557937948e-01
-6.125913565155658436e-01 -8.111906455412541961e-01
-6.152697315592136063e-01 -8.589535068079288127e-01
-6.137189544426310261e-01 -8.206560990339134554e-01
-6.086703937811832610e-01 -8.224646816533920379e-01
-6.267836448165952090e-01 -8.173782619474668776e-01
-6.828063591749427008e-01 -8.518825287219992104e-01
-6.638063375154685808e-01 -8.554716301698194192e-01
-4.924427504524405697e-01 -9.088697710715206712e-01
-4.635055854626206617e-01 -9.153919116402499112e-01
-4.886299788617970985e-01 -9.510504106671612279e-01
-5.152065150392413084e-01 -9.041259994118492349e-01
-4.880621857105046923e-01 -9.808811201257523482e-01
-5.514492951537927068e-01 -9.195740088026984616e-01
-4.770320743290106247e-01 -9.052253631506379516e-01
-5.360965836232902682e-01 -9.568943294882831241e-01
-4.760844393448956380e-01 -9.099007083514267791e-01
-5.009030130213195653e-01 -9.291430633931807570e-01
-4.874954733216242397e-01 -9.036714546740004517e-01
-5.036754450114664383e-01 -9.215527317403333640e-01
-4.980805032060220405e-01 -9.316326027772823259e-01
-5.173554598647622793e-01 -8.789081518737651422e-01
-4.970646784679168539e-01 -9.269918315293678157e-01
-5.088920016371174526e-01 -9.084677030708628864e-01
-4.993784813623398655e-01 -9.321123690346494461e-01
-3.540722654013820359e-01 -9.800074893601150583e-01
-3.438818819112197112e-01 -9.478911026337009105e-01
-3.534933273249555308e-01 -9.633536206835705551e-01
-3.442154283751245325e-01 -9.389098575192843521e-01
-3.391188550093505172e-01 -9.722132945596754228e-01
-3.459121709592184457e-01 -1.038901583284441710e+00
-3.554853781097143117e-01 -1.012386787655039422e+00
-3.170043905001214135e-01 -9.755805690628042148e-01
-3.936515711593370215e-01 -9.900180886254186241e-01
-3.575982701543934938e-01 -9.630084631665711825e-01
-3.589214165967427594e-01 -1.007012397925205693e+00
-3.584893304621458165e-01 -9.586431915073496679e-01
-3.494741814578200545e-01 -1.010638942316251399e+00
-3.583112063062052211e-01 -9.834919642966297726e-01
-3.514253919569227391e-01 -9.625747317998782915e-01
-3.619512037280426808e-01 -9.905738886399050314e-01
-3.481548160999854424e-01 -9.849028863202866635e-01
-3.101546620036984558e-01 -1.000744022338884598e+00
-2.245504279555878002e-01 -1.041701652353779206e+00
-1.954129728553061218e-01 -1.059488736523163777e+00
-2.155840154655920271e-01 -9.939934698017827142e-01
-2.329093631366080941e-01 -1.018637650576982301e+00
-1.907886904853584864e-01 -1.016554547911393991e+00
-2.124217344962878451e-01 -1.023161044055371338e+00
-2.026619556490470708e-01 -1.027946731419032034e+00
-2.093286498242049043e-01 -1.036991654209556302e+00
-1.867523297891099665e-01 -1.020714032678625705e+00
-1.853246663656156201e-01 -1.041378634021386196e+00
-1.896337983270106886e-01 -1.003100846813488323e+00
-1.919121067647873990e-01 -9.882410688709556412e-01
-1.897619907638467551e-01 -1.031064807730681876e+00
-1.966100601249628488e-01 -1.059631335952752718e+00
-2.164913930047568102e-01 -1.031361632690264818e+00
-1.497632951905030763e-01 -1.052269538424926987e+00
-1.816712933993848700e-01 -1.053938998585317810e+00
-2.405880979016072341e-01 -1.001350411376120242e+00
-1.690967834492740907e-01 -1.034244185988941078e+00
-1.472398443358976725e-02 -1.057143296646947617e+00
-2.307184750333261120e-02 -1.044016553462255192e+00
2.242870924075955619e-03 -1.039835973787154533e+00
-6.933493227435980066e-02 -1.078374351245962481e+00
-3.012517562997280018e-02 -1.028165103797287427e+00
-3.416586972190139432e-02 -1.045600993386955446e+00
-3.614524965578515964e-02 -1.066730536605135393e+00
-4.814791672075166562e-02 -1.018663368350869902e+00
-4.429108235632528423e-02 -1.050916029437426680e+00
-5.806598081440987602e-02 -1.073725187907972556e+00
-2.973714315490182808e-02 -1.049745829573347944e+00
-4.741457295402997513e-02 -1.048157766220619846e+00
-2.285307288768933381e-02 -1.047511293698495383e+00
-2.030710562268361538e-02 -1.061595773126237097e+00
-4.748981150723882716e-02 -1.074423833370772297e+00
-2.325170628697419486e-02 -1.056822194107417623e+00
-3.935868128228267593e-02 -1.029568547094957598e+00
-1.537344741026963613e-02 -1.011210991713269891e+00
-7.071173556922419334e-02 -1.045706919762895426e+00
1.415219130766619537e-01 -1.057513708519006945e+00
6.275378512537246878e-02 -1.035365863027868372e+00
1.197598086034411674e-01 -1.047190432037330421e+00
1.057205306665165850e-01 -1.036123951946097632e+00
1.386900706272049810e-01 -1.050002174449226944e+00
1.020513470256895344e-01 -1.010006006659630584e+00
1.218365070095257241e-01 -1.061443655876168179e+00
1.073357560274632444e-01 -1.012471843192455312e+00
1.052739544872832861e-01 -1.053369320037502055e+00
1.359953711604883209e-01 -1.028436317189259652e+00
7.981020449737033506e-02 -1.052947455756855000e+00
1.015751311542250901e-01 -1.045689020476850750e+00
1.123941638258560277e-01 -1.076901857167133603e+00
1.630053750506118559e-01 -1.060778418747889473e+00
1.592149392775443761e-01 -9.983693722588117270e-01
1.257681282930217526e-01 -1.013480543728832783e+00
1.456026675049242880e-01 -1.006708628384523907e+00
1.389795701315588161e-01 -1.070161181693531471e+00
3.047148764587180314e-01 -9.822217319867657670e-01
2.929820935127082637e-01 -1.017913488532816713e+00
2.185020751116078241e-01 -9.960680653318202404e-01
2.871717808843838871e-01 -1.006301571741492262e+00
2.964446212860768481e-01 -9.640234788310819702e-01
2.648798516715227813e-01 -1.061226008509523089e+00
2.957571421892573604e-01 -9.808454979131544516e-01
2.686810870129081597e-01 -1.035838552434585891e+00
2.503758727356823477e-01 -1.010795854463342636e+00
2.893808035960633851e-01 -1.009450402622484200e+00
2.685312054003943794e-01 -9.962678014432180262e-01
2.741785980552345903e-01 -1.047302838349675191e+00
2.656448345656215460e-01 -1.006621530277008070e+00
2.557926100362012956e-01 -9.978919626949643851e-01
2.784582788237033313e-01 -1.036058428340122628e+00
2.855528363201614295e-01 -9.928752242024757590e-01
2.584869527423619417e-01 -1.000826432771700469e+00
2.764519043543745558e-01 -1.005590161007414718e+00
4.676267005485144068e-01 -9.259883622009730253e-01
4.360052808808065894e-01 -9.527901151151355608e-01
4.028272049644645025e-01 -9.558168813528529206e-01
4.348947296010998165e-01 -9.578293372590289678e-01
4.127925484964947156e-01 -9.385796654761330293e-01
4.378755245787974149e-01 -9.066335848342507164e-01
4.192545034549683969e-01 -9.217463149768072572e-01
4.142347269575440971e-01 -9.253031043444360781e-01
3.301892292314848598e-01 -9.512295002115188636e-01
4.067028169504774970e-01 -9.653968133880993507e-01
3.897233600667326936e-01 -9.325466441949028518e-01
4.640896732654562484e-01 -9.528807160863901338e-01
4.503330791152562185e-01 -9.733566602334662310e-01
4.609210001882881325e-01 -9.697045539487697541e-01
4.337380861388975828e-01 -9.382692457668317942e-01
4.546688453868909519e-01 -9.730580793309895338e-01
5.920298363129710140e-01 -8.860891298011726036e-01
5.397613266812483213e-01 -8.928717719423431287e-01
5.427147789189509242e-01 -8.697598988183862234e-01
5.584782355571160650e-01 -9.090237002734754546e-01
5.652862624763094201e-01 -8.629706893265717271e-01
5.435452630443865507e-01 -8.744311979973706794e-01
5.416041618770650601e-01 -8.691744156781375796e-01
5.613711840993010904e-01 -8.562380343222565360e-01
5.807944350640823483e-01 -9.026828247955230866e-01
5.656069417344026240e-01 -8.696386863010389101e-01
5.405981334401611660e-01 -8.708329426311558485e-01
5.779568207367918875e-01 -8.688994576908136702e-01
5.501189395283508921e-01 -8.921482832780796013e-01
5.634918373910609013e-01 -8.535696051082674041e-01
5.947192470414243148e-01 -8.619885800236394280e-01
7.400904827855979695e-01 -8.003291860579205830e-01
7.014963231588805526e-01 -7.984653120359662681e-01
6.780443923856517285e-01 -7.835120566925198871e-01
6.926297771372725842e-01 -7.857685601182448076e-01
6.615063774651062101e-01 -7.652801538319224939e-01
6.723455773193234286e-01 -7.902597134367481679e-01
7.104659554347929618e-01 -8.093727069111216199e-01
6.854268552378843804e-01 -8.080438729171186552e-01
6.967844919680111770e-01 -7.734183161158451059e-01
6.944902328977440309e-01 -7.605479853863881257e-01
6.707781389529599014e-01 -7.596350283871122766e-01
7.292591961543460899e-01 -8.101874832746852606e-01
6.891972709206427572e-01 -7.943931533522288202e-01
7.863177182712485225e-01 -6.679598369414616599e-01
8.373146519847635139e-01 -6.656487924323508665e-01
8.210787014463799549e-01 -6.785999791437513640e-01
8.239653677848732816e-01 -6.884900818527793787e-01
8.144697270438702175e-01 -6.641644552648663380e-01
8.077632038457421837e-01 -6.643301567186342682e-01
7.787313210361094251e-01 -7.143901973537652994e-01
7.949474413495447589e-01 -6.631004003273197611e-01
8.155618783005710304e-01 -6.935840822521329718e-01
8.458996871683535090e-01 -6.589540154473845224e-01
8.505603557060485986e-01 -6.739187466687216466e-01
8.924322298423924549e-01 -5.319991655244784567e-01
9.020691907161949574e-01 -5.397379779683972867e-01
9.040287300709224372e-01 -5.641856292767049030e-01
8.665737212412636392e-01 -5.545601179405110770e-01
8.659768321198165753e-01 -5.344394776180400042e-01
9.601423096992161010e-01 -5.109907010460651433e-01
9.252449303207971321e-01 -5.341489112267058248e-01
8.675260096863093295e-01 -5.637028920569131518e-01
9.098965276171392391e-01 -4.819707567919757074e-01
9.752435073291021439e-01 -4.203541497904140778e-01
1.001924069692277097e+00 -3.960570794211585310e-01
9.744053813944446585e-01 -4.123518212768225166e-01
1.045112340458638878e+00 -2.080613785409008154e-01
1.018373522503406736e+00 -1.976508569144636296e-01
