0.010067982775
0.00991097601665
0.0146915523925
0.0191925419588
0.0237601073589
0.0309828259259
0.038008181352
0.0449594003692
0.0522204304665
0.0575706879242
0.0651147069907
0.0710224940314
0.0754270823305
0.0805751657333
0.0882996971952
0.0978724319814
0.103133589582
0.10715814473
0.111480407759
0.116662659343
0.124766796221
0.131864698401
0.137076440379
0.141550758508
0.146506732979
0.154003314895
0.158941950454
0.163698486855
0.169120586697
0.17451073992
0.181718215648
0.185377395773
0.18892502612
0.193626675317
0.199477733696
0.206703947779
0.209601694272
0.212485377528
0.216350724992
0.221526018029
0.228504834914
0.23099407287
0.233474143839
0.236779667466
0.241269857153
0.247474531096
0.249286164589
0.251429939883
0.254281004101
0.258193008687
0.26349413187
0.264348055183
0.266066865246
0.268463873754
0.271811007329
0.276152501744
0.275975234622
0.277155839642
0.279033447072
0.281775651878
0.285100604247
0.283899564137
0.284457288491
0.285722132435
0.287798360684
0.29005316578
0.287850540023
0.28770623254
0.288263074112
0.289622439574
0.290767827575
0.28756678626
0.286615473248
0.286399308121
0.287033027772
0.287039827692
0.282770016041
0.2808957241
0.279933354427
0.279887550895
0.278676389895
0.273131462053
0.270352270234
0.268800548565
0.268111065993
0.265375485434
0.258407690322
0.255035706915
0.253073890697
0.251459364588
0.246687053004
0.238800922955
0.23521663339
0.232626615965
0.228987105998
0.222861627359
0.214851372531
0.210893468704
0.205996187891
0.201255843328
0.194909931475
0.186647760754
0.180094538778
0.174451447773
0.170217662839
0.163154490473
0.151917472961
0.145189472809
0.140556826154
0.13614686908
0.125280983293
0.114196295928
0.1087842023
0.104005392762
0.0946447899166
0.0849605237429
0.075557636239
0.069488877837
0.059200330585
0.0532857385733
0.0443429863746
0.033011471597
0.0232944607816
0.0179476759365
0.012313230039
0.00442260525879
0.0123132300391
0.0179476759365
0.0232944607816
0.0330114715971
0.0443429863746
0.0532857385733
0.059200330585
0.0694888778371
0.075557636239
0.0849605237429
0.0946447899166
0.104005392762
0.1087842023
0.114196295928
0.125280983293
0.13614686908
0.140556826154
0.145189472809
0.151917472961
0.163154490473
0.170217662839
0.174451447773
0.180094538778
0.186647760754
0.194909931475
0.201255843328
0.205996187891
0.210893468704
0.214851372531
0.222861627359
0.228987105998
0.232626615965
0.23521663339
0.238800922955
0.246687053004
0.251459364588
0.253073890697
0.255035706915
0.258407690322
0.265375485434
0.268111065993
0.268800548565
0.270352270234
0.273131462053
0.278676389895
0.279887550895
0.279933354427
0.2808957241
0.282770016041
0.287039827692
0.287033027772
0.286399308121
0.286615473248
0.28756678626
0.290767827575
0.289622439574
0.288263074112
0.28770623254
0.287850540023
0.29005316578
0.287798360684
0.285722132435
0.284457288491
0.283899564137
0.285100604247
0.281775651878
0.279033447072
0.277155839642
0.275975234622
0.276152501744
0.271811007329
0.268463873754
0.266066865246
0.264348055183
0.26349413187
0.258193008687
0.254281004101
0.251429939883
0.249286164589
0.247474531096
0.241269857153
0.236779667466
0.233474143839
0.23099407287
0.228504834914
0.221526018029
0.216350724992
0.212485377528
0.209601694272
0.206703947779
0.199477733696
0.193626675317
0.18892502612
0.185377395773
0.181718215648
0.17451073992
0.169120586697
0.163698486855
0.158941950454
0.154003314895
0.146506732979
0.141550758508
0.137076440379
0.131864698401
0.124766796221
0.116662659343
0.111480407759
0.10715814473
0.103133589582
0.0978724319814
0.0882996971952
0.0805751657333
0.0754270823305
0.0710224940314
0.0651147069907
0.0575706879242
0.0522204304665
0.0449594003692
0.038008181352
0.0309828259259
0.0237601073589
0.0191925419588
0.0146915523925
0.00991097601664
