0.0252603793675
0.0260029117375
0.0280733090812
0.0311571281024
0.0349944481444
0.0394024315617
0.044210485579
0.049261518595
0.0544630281536
0.0597867114749
0.0652150238568
0.0707037470481
0.0762071977012
0.081716350795
0.0872448590967
0.0927869791364
0.0983065969415
0.103777145959
0.109211357033
0.114634449672
0.120040701164
0.125391988581
0.130664869634
0.135876830394
0.141055012934
0.146194407516
0.151260385262
0.156234167494
0.161132750535
0.165977540739
0.170760144886
0.175451243451
0.180041341078
0.1845492176
0.188988457158
0.193343178733
0.197586777308
0.201719649742
0.205765203941
0.209731348953
0.213594188284
0.217327337845
0.220938817535
0.224456722449
0.227885568544
0.231195407218
0.234359665381
0.237391695353
0.240322585207
0.243154166207
0.245852576153
0.248392056982
0.25079011772
0.253079044135
0.255257607123
0.257289308489
0.259150447772
0.260862468613
0.26245769209
0.263931117784
0.265244026938
0.266375726536
0.267351987512
0.268204672315
0.268924160881
0.269469269091
0.269823140666
0.270016894229
0.270081747961
0.270002056447
0.269733505813
0.269264636231
0.268633769154
0.26787056673
0.266950576938
0.265826286477
0.264495541523
0.263005806156
0.261381168066
0.259584294808
0.257568393963
0.255347860583
0.252976936577
0.250464420721
0.247759855754
0.244830529135
0.241711821784
0.238449522759
0.235027406751
0.23139936749
0.227564327401
0.223560306471
0.219399820856
0.215059078058
0.210533304262
0.205835701917
0.200960934706
0.195901253905
0.190688073088
0.18534618635
0.179827925778
0.174090353377
0.16820184939
0.162245975473
0.156161872528
0.149840085926
0.143340876816
0.136812835267
0.130223103352
0.123424886019
0.116445155866
0.109447827898
0.102427715468
0.0952557106812
0.0879668408527
0.0806967875597
0.0734122688035
0.0660372025693
0.0586967372561
0.0515226417086
0.0444355362785
0.0374798134246
0.0310734344085
0.0256358057331
0.0215802713279
0.019948472094
0.0215802713279
0.0256358057331
0.0310734344085
0.0374798134246
0.0444355362785
0.0515226417086
0.0586967372561
0.0660372025693
0.0734122688036
0.0806967875597
0.0879668408527
0.0952557106812
0.102427715468
0.109447827898
0.116445155866
0.123424886019
0.130223103352
0.136812835267
0.143340876816
0.149840085926
0.156161872528
0.162245975473
0.16820184939
0.174090353377
0.179827925778
0.18534618635
0.190688073088
0.195901253905
0.200960934706
0.205835701917
0.210533304262
0.215059078058
0.219399820856
0.223560306471
0.227564327401
0.23139936749
0.235027406751
0.238449522759
0.241711821784
0.244830529135
0.247759855754
0.250464420721
0.252976936577
0.255347860583
0.257568393963
0.259584294808
0.261381168066
0.263005806156
0.264495541523
0.265826286477
0.266950576938
0.26787056673
0.268633769154
0.269264636231
0.269733505813
0.270002056447
0.270081747961
0.270016894229
0.269823140666
0.269469269091
0.268924160881
0.268204672315
0.267351987512
0.266375726536
0.265244026938
0.263931117784
0.26245769209
0.260862468613
0.259150447772
0.257289308489
0.255257607123
0.253079044135
0.25079011772
0.248392056982
0.245852576153
0.243154166207
0.240322585207
0.237391695353
0.234359665381
0.231195407218
0.227885568544
0.224456722449
0.220938817535
0.217327337845
0.213594188284
0.209731348953
0.205765203941
0.201719649742
0.197586777308
0.193343178733
0.188988457158
0.1845492176
0.180041341078
0.175451243451
0.170760144886
0.165977540739
0.161132750535
0.156234167494
0.151260385262
0.146194407516
0.141055012934
0.135876830394
0.130664869634
0.125391988581
0.120040701164
0.114634449672
0.109211357033
0.103777145959
0.0983065969415
0.0927869791363
0.0872448590966
0.081716350795
0.0762071977012
0.070703747048
0.0652150238568
0.0597867114749
0.0544630281536
0.049261518595
0.044210485579
0.0394024315616
0.0349944481444
0.0311571281024
0.0280733090812
0.0260029117375
