0.0850015884809
0.0851278001677
0.085505061692
0.0861293129551
0.0869939824875
0.0880902594984
0.0894074366649
0.0909332935683
0.0926544911146
0.0945569512556
0.0966262025349
0.0988476789606
0.101206966256
0.103689994907
0.106283183305
0.10897353669
0.1117487088
0.114597033314
0.117507531814
0.12046990419
0.123474506527
0.126512320577
0.129574918054
0.132654422203
0.135743468467
0.138835165556
0.141923057831
0.145001089572
0.148063571493
0.151105149647
0.154120776802
0.15710568624
0.160055367905
0.162965546755
0.165832163172
0.168651355289
0.171419443067
0.174132913991
0.176788410213
0.179382717011
0.181912752456
0.184375558154
0.186768290985
0.189088215716
0.191332698406
0.193499200551
0.195585273884
0.197588555788
0.199506765245
0.201337699294
0.203079229948
0.204729301555
0.206285928553
0.207747193602
0.209111246066
0.210376300827
0.211540637427
0.21260259953
0.21356059466
0.214413094235
0.215158633893
0.215795814092
0.216323301002
0.216739827667
0.217044195434
0.217235275679
0.217312011811
0.217273421578
0.217118599649
0.216846720502
0.216457041618
0.215948907003
0.215321751036
0.214575102656
0.213708589885
0.212721944734
0.211615008494
0.210387737446
0.209040208976
0.207572628142
0.20598533473
0.20427881085
0.202453689097
0.20051076129
0.198450987887
0.196275508145
0.193985651134
0.191582947637
0.189069143053
0.186446211462
0.183716371058
0.180882101096
0.17794616053
0.174911608618
0.171781827877
0.168560549752
0.165251883368
0.161860347808
0.158390908615
0.154849019227
0.151240668069
0.147572432074
0.143851537691
0.140085930561
0.136284354949
0.132456443933
0.128612821391
0.124765216763
0.12092659284
0.117111285814
0.113335155504
0.109615741721
0.105972419371
0.102426540021
0.0990015416819
0.0957230011857
0.0926185945499
0.0897179214329
0.0870521433071
0.0846533850671
0.082553860744
0.0807847110905
0.0793745877145
0.0783480816072
0.0777241593581
0.0775148162654
0.0777241593581
0.0783480816072
0.0793745877145
0.0807847110905
0.082553860744
0.0846533850671
0.0870521433071
0.0897179214329
0.0926185945499
0.0957230011857
0.0990015416819
0.102426540021
0.105972419371
0.109615741721
0.113335155504
0.117111285814
0.12092659284
0.124765216763
0.128612821391
0.132456443933
0.136284354949
0.140085930561
0.143851537691
0.147572432074
0.151240668069
0.154849019227
0.158390908615
0.161860347808
0.165251883368
0.168560549752
0.171781827877
0.174911608618
0.17794616053
0.180882101096
0.183716371058
0.186446211462
0.189069143053
0.191582947637
0.193985651134
0.196275508145
0.198450987887
0.20051076129
0.202453689097
0.20427881085
0.20598533473
0.207572628142
0.209040208976
0.210387737446
0.211615008494
0.212721944734
0.213708589885
0.214575102656
0.215321751036
0.215948907003
0.216457041618
0.216846720502
0.217118599649
0.217273421578
0.217312011811
0.217235275679
0.217044195434
0.216739827667
0.216323301002
0.215795814092
0.215158633893
0.214413094235
0.21356059466
0.21260259953
0.211540637427
0.210376300827
0.209111246066
0.207747193602
0.206285928553
0.204729301555
0.203079229948
0.201337699294
0.199506765245
0.197588555788
0.195585273884
0.193499200551
0.191332698406
0.189088215716
0.186768290985
0.184375558154
0.181912752456
0.179382717011
0.176788410213
0.174132913991
0.171419443067
0.168651355289
0.165832163172
0.162965546755
0.160055367905
0.15710568624
0.154120776802
0.151105149647
0.148063571493
0.145001089572
0.141923057831
0.138835165556
0.135743468467
0.132654422203
0.129574918054
0.126512320577
0.123474506527
0.12046990419
0.117507531814
0.114597033314
0.1117487088
0.10897353669
0.106283183305
0.103689994907
0.101206966256
0.0988476789606
0.0966262025349
0.0945569512556
0.0926544911146
0.0909332935683
0.0894074366649
0.0880902594984
0.0869939824875
0.0861293129551
0.085505061692
0.0851278001677
