0.113483517499
0.113539032727
0.113705298033
0.113981476583
0.114366187826
0.114857528193
0.115453098982
0.11615004044
0.116945070869
0.117834529489
0.118814421767
0.119880465939
0.121028139581
0.122252725163
0.123549353741
0.124913046074
0.126338750653
0.12782137829
0.129355833081
0.130937039674
0.132559966904
0.13421964793
0.135911197086
0.137629823684
0.139370843069
0.141129685201
0.14290190106
0.144683167162
0.14646928845
0.148256199822
0.150039966505
0.151816783498
0.153582974265
0.155334988823
0.157069401393
0.158782907701
0.160472322062
0.162134574306
0.163766706646
0.165365870519
0.166929323477
0.168454426141
0.169938639276
0.171379520992
0.1727747241
0.174121993643
0.175419164597
0.176664159775
0.177854987912
0.178989741958
0.180066597574
0.181083811825
0.182039722082
0.182932745124
0.183761376447
0.184524189776
0.185219836774
0.18584704696
0.186404627822
0.186891465135
0.187306523479
0.187648846955
0.18791756011
0.188111869054
0.188231062795
0.188274514771
0.188241684593
0.188132119998
0.187945459024
0.187681432399
0.18733986615
0.186920684448
0.186423912684
0.185849680787
0.185198226784
0.184469900627
0.183665168272
0.182784616034
0.181828955231
0.180799027113
0.179695808096
0.178520415315
0.177274112501
0.175958316197
0.17457460233
0.173124713136
0.171610564468
0.170034253478
0.16839806669
0.16670448846
0.164956209823
0.163156137716
0.161307404553
0.159413378122
0.157477671761
0.155504154729
0.153496962692
0.151460508184
0.149399490888
0.147318907518
0.145224061026
0.143120568812
0.14101436951
0.138911727848
0.13681923699
0.134743817647
0.132692713138
0.130673479472
0.128693969433
0.126762309541
0.12488686874
0.123076217674
0.121339077455
0.119684257051
0.118120578667
0.116656790943
0.115301470338
0.11406291178
0.112949010442
0.111967137418
0.111124012886
0.110425581141
0.109876892455
0.109481996952
0.109243855632
0.109164273098
0.109243855632
0.109481996952
0.109876892455
0.110425581141
0.111124012886
0.111967137418
0.112949010442
0.11406291178
0.115301470338
0.116656790943
0.118120578667
0.119684257051
0.121339077455
0.123076217674
0.12488686874
0.126762309541
0.128693969433
0.130673479472
0.132692713138
0.134743817647
0.13681923699
0.138911727848
0.14101436951
0.143120568812
0.145224061026
0.147318907518
0.149399490888
0.151460508184
0.153496962692
0.155504154729
0.157477671761
0.159413378122
0.161307404553
0.163156137716
0.164956209823
0.16670448846
0.16839806669
0.170034253478
0.171610564468
0.173124713136
0.17457460233
0.175958316197
0.177274112501
0.178520415315
0.179695808096
0.180799027113
0.181828955231
0.182784616034
0.183665168272
0.184469900627
0.185198226784
0.185849680787
0.186423912684
0.186920684448
0.18733986615
0.187681432399
0.187945459024
0.188132119998
0.188241684593
0.188274514771
0.188231062795
0.188111869054
0.18791756011
0.187648846955
0.187306523479
0.186891465135
0.186404627822
0.18584704696
0.185219836774
0.184524189776
0.183761376447
0.182932745124
0.182039722082
0.181083811825
0.180066597574
0.178989741958
0.177854987912
0.176664159775
0.175419164597
0.174121993643
0.1727747241
0.171379520992
0.169938639276
0.168454426141
0.166929323477
0.165365870519
0.163766706646
0.162134574306
0.160472322062
0.158782907701
0.157069401393
0.155334988823
0.153582974265
0.151816783498
0.150039966505
0.148256199822
0.14646928845
0.144683167162
0.14290190106
0.141129685201
0.139370843069
0.137629823684
0.135911197086
0.13421964793
0.132559966904
0.130937039674
0.129355833081
0.12782137829
0.126338750653
0.124913046074
0.123549353741
0.122252725163
0.121028139581
0.119880465939
0.118814421767
0.117834529489
0.116945070869
0.11615004044
0.115453098982
0.114857528193
0.114366187826
0.113981476583
0.113705298033
0.113539032727
