0.00346993930617
0.00724674411277
0.0131750526708
0.0194221381706
0.0256599426413
0.0319997165494
0.0381976150282
0.0445916769486
0.0508147008736
0.0569392116792
0.0634205792404
0.0694359734414
0.0756052934752
0.0817631581444
0.0878331046962
0.0940873304825
0.0997597942166
0.105961322018
0.111848056854
0.117484703602
0.123708403913
0.129119010466
0.134927797359
0.140517982802
0.145986111773
0.151873169853
0.156771754823
0.162439745032
0.167612110736
0.172573652374
0.17824469246
0.182688304082
0.187892663518
0.192655864851
0.197224332305
0.202424706549
0.206336512605
0.211178053187
0.21534057371
0.219407920354
0.224194991143
0.227448113507
0.231810720018
0.235408830331
0.238872776223
0.24313954115
0.24575452782
0.249539117083
0.252491337319
0.255346162616
0.258993687397
0.260914066478
0.264088992286
0.266310087031
0.26850806894
0.271484676484
0.272643858218
0.27515835812
0.276597902965
0.278075616536
0.280327722725
0.28067888438
0.282467595596
0.283084362098
0.283783831467
0.285251157809
0.284757348485
0.285751971216
0.285508889779
0.285374282061
0.28599752138
0.284626459562
0.284756910919
0.283627355345
0.28259646883
0.282329590596
0.280044654034
0.27925018485
0.27721491448
0.27522098953
0.27404479276
0.270784732282
0.269055941044
0.266053531981
0.263094476279
0.260950781712
0.256702734517
0.25402934428
0.249988823165
0.246142379154
0.242859736681
0.237810057994
0.233949287281
0.22912337014
0.224130880086
0.2199738194
0.213888245328
0.209131807035
0.203293601144
0.197450467492
0.192216370546
0.185362321538
0.179558721371
0.172920478788
0.166169824053
0.159990363265
0.152426044737
0.145722129717
0.138358285608
0.130881882901
0.123824737596
0.115754799305
0.108178108444
0.100353245937
0.0921335947365
0.0845677242404
0.0759059031119
0.0680284712603
0.0594917217659
0.0512537916544
0.0428165704554
0.034370790607
0.0257879128438
0.0174101807193
0.00893193410184
0.0025850406112
0.00893193410184
0.0174101807193
0.0257879128438
0.034370790607
0.0428165704554
0.0512537916545
0.0594917217659
0.0680284712603
0.0759059031119
0.0845677242404
0.0921335947365
0.100353245937
0.108178108444
0.115754799305
0.123824737596
0.130881882901
0.138358285608
0.145722129717
0.152426044737
0.159990363265
0.166169824053
0.172920478788
0.179558721371
0.185362321538
0.192216370546
0.197450467492
0.203293601144
0.209131807035
0.213888245328
0.2199738194
0.224130880086
0.22912337014
0.233949287281
0.237810057994
0.242859736681
0.246142379154
0.249988823165
0.25402934428
0.256702734517
0.260950781712
0.263094476279
0.266053531981
0.269055941044
0.270784732282
0.27404479276
0.27522098953
0.27721491448
0.27925018485
0.280044654034
0.282329590596
0.28259646883
0.283627355345
0.284756910919
0.284626459562
0.28599752138
0.285374282061
0.285508889779
0.285751971216
0.284757348485
0.285251157809
0.283783831467
0.283084362098
0.282467595596
0.28067888438
0.280327722725
0.278075616536
0.276597902965
0.27515835812
0.272643858218
0.271484676484
0.26850806894
0.266310087031
0.264088992286
0.260914066478
0.258993687397
0.255346162616
0.252491337319
0.249539117083
0.24575452782
0.24313954115
0.238872776223
0.235408830331
0.231810720018
0.227448113507
0.224194991143
0.219407920354
0.21534057371
0.211178053187
0.206336512605
0.202424706549
0.197224332305
0.192655864851
0.187892663518
0.182688304082
0.17824469246
0.172573652374
0.167612110736
0.162439745032
0.156771754823
0.151873169853
0.145986111773
0.140517982802
0.134927797359
0.129119010466
0.123708403913
0.117484703602
0.111848056854
0.105961322018
0.0997597942166
0.0940873304825
0.0878331046962
0.0817631581444
0.0756052934751
0.0694359734414
0.0634205792404
0.0569392116792
0.0508147008736
0.0445916769486
0.0381976150282
0.0319997165494
0.0256599426413
0.0194221381706
0.0131750526708
0.00724674411277
