0.0289319526654
0.0295447416547
0.0313101924276
0.0340464182155
0.0375371301824
0.0415870753868
0.0460421469056
0.0507885121317
0.055743846287
0.0608487098426
0.0660598500974
0.0713448852505
0.0766795008103
0.0820446569085
0.0874252384105
0.0928091711002
0.0981861195856
0.103547690925
0.108886390445
0.114195711804
0.119470039147
0.124703896442
0.129892773437
0.135032097218
0.140117726625
0.145145984529
0.150112886217
0.155015229686
0.159849466998
0.16461236665
0.169300997611
0.173911993543
0.178442776624
0.182890218272
0.187251557843
0.191524269304
0.195705272803
0.199792371863
0.203782684978
0.207673720628
0.21146321576
0.215148289371
0.218726987255
0.222196595443
0.22555483891
0.228799616808
0.231928205494
0.234938850942
0.237828936901
0.240596380822
0.243239208442
0.245754805971
0.248141603614
0.250397054942
0.252519236123
0.254506292632
0.256355697196
0.258066044674
0.259634860099
0.261060358975
0.26234080624
0.263473766039
0.264457991326
0.2652910958
0.265971444216
0.266497435139
0.266866755459
0.267078339169
0.267129925349
0.267020077449
0.266747364608
0.266309668328
0.26570616005
0.264934775883
0.263994379628
0.262883768233
0.261601166714
0.26014604769
0.258516702207
0.256712420469
0.254732335616
0.252575256272
0.250240987438
0.247728524191
0.245037581699
0.242168005274
0.239119264444
0.235891768669
0.232485507362
0.228900659121
0.225138394173
0.221198561867
0.217083157076
0.212792560244
0.208328703038
0.203693278396
0.198887915128
0.193915457607
0.188777865269
0.183478511856
0.178020226638
0.172406890075
0.166641928798
0.160730426108
0.15467584828
0.148484995508
0.142161478026
0.135713601148
0.129145925666
0.122467918031
0.115685847425
0.108810762217
0.101851120937
0.0948209320141
0.0877320145637
0.0806037020025
0.0734548268363
0.0663152608032
0.059220512413
0.0522263584576
0.0454130729014
0.0389133572578
0.0329468825195
0.0278921576238
0.0243499056259
0.0230468375565
0.0243499056259
0.0278921576238
0.0329468825195
0.0389133572578
0.0454130729014
0.0522263584576
0.059220512413
0.0663152608032
0.0734548268363
0.0806037020025
0.0877320145637
0.0948209320141
0.101851120937
0.108810762217
0.115685847425
0.122467918031
0.129145925666
0.135713601148
0.142161478026
0.148484995508
0.15467584828
0.160730426108
0.166641928798
0.172406890075
0.178020226638
0.183478511856
0.188777865269
0.193915457607
0.198887915128
0.203693278396
0.208328703038
0.212792560244
0.217083157076
0.221198561867
0.225138394173
0.228900659121
0.232485507362
0.235891768669
0.239119264444
0.242168005274
0.245037581699
0.247728524191
0.250240987438
0.252575256272
0.254732335616
0.256712420469
0.258516702207
0.26014604769
0.261601166714
0.262883768233
0.263994379628
0.264934775883
0.26570616005
0.266309668328
0.266747364608
0.267020077449
0.267129925349
0.267078339169
0.266866755459
0.266497435139
0.265971444216
0.2652910958
0.264457991326
0.263473766039
0.26234080624
0.261060358975
0.259634860099
0.258066044674
0.256355697196
0.254506292632
0.252519236123
0.250397054942
0.248141603614
0.245754805971
0.243239208442
0.240596380822
0.237828936901
0.234938850942
0.231928205494
0.228799616808
0.22555483891
0.222196595443
0.218726987255
0.215148289371
0.21146321576
0.207673720628
0.203782684978
0.199792371863
0.195705272803
0.191524269304
0.187251557843
0.182890218272
0.178442776624
0.173911993543
0.169300997611
0.16461236665
0.159849466998
0.155015229686
0.150112886217
0.145145984529
0.140117726625
0.135032097218
0.129892773437
0.124703896442
0.119470039147
0.114195711804
0.108886390445
0.103547690925
0.0981861195856
0.0928091711002
0.0874252384105
0.0820446569085
0.0766795008103
0.0713448852505
0.0660598500974
0.0608487098426
0.055743846287
0.0507885121317
0.0460421469056
0.0415870753868
0.0375371301824
0.0340464182155
0.0313101924276
0.0295447416547
