0.0867821207089
0.0869025022967
0.0872624065656
0.0878581631909
0.0886838204709
0.0897313768717
0.0909910746798
0.0924517312834
0.0941010835378
0.095926123467
0.0979134082422
0.100049332861
0.102320359297
0.104713200458
0.107214960744
0.109813237288
0.112496187258
0.115252567002
0.118071748737
0.120943719952
0.123859070054
0.126808968009
0.129785134031
0.132779807703
0.13578571435
0.138796031016
0.141804352994
0.144804661583
0.147791293498
0.150758912186
0.15370248117
0.156617239465
0.15949867902
0.162342524121
0.165144712653
0.167901379096
0.170608839139
0.173263575775
0.175862226774
0.178401573386
0.180878530196
0.183290136004
0.185633545651
0.187906022691
0.190104932854
0.192227738198
0.194271991928
0.196235333782
0.198115485981
0.199910249657
0.201617501755
0.203235192359
0.204761342409
0.206194041807
0.207531447862
0.208771784083
0.209913339283
0.210954466998
0.211893585207
0.212729176338
0.213459787566
0.214084031391
0.214600586498
0.215008198902
0.215305683362
0.215491925093
0.215565881756
0.215526585742
0.215373146754
0.215104754688
0.214720682835
0.214220291397
0.213603031334
0.212868448561
0.2120161885
0.211046001
0.209957745652
0.208751397519
0.207427053291
0.205984937908
0.204425411673
0.202748977894
0.200956291099
0.199048165861
0.197025586322
0.194889716439
0.192641911078
0.190283728017
0.187816940988
0.185243553885
0.182565816293
0.179786240519
0.176907620345
0.17393305176
0.170865955953
0.167710104934
0.164469650176
0.161149154747
0.157753629478
0.154288573785
0.150760021835
0.147174594845
0.143539560352
0.139862899364
0.136153382287
0.132420654508
0.128675332289
0.12492910936
0.121194873947
0.117486835066
0.113820655397
0.110213585906
0.106684594262
0.103254474953
0.0999459235326
0.0967835509727
0.0937938069208
0.0910047741631
0.0884457927876
0.0861468746963
0.084137881163
0.0824474616434
0.0811017921396
0.0801232021005
0.0795288291779
0.0793294743813
0.0795288291779
0.0801232021005
0.0811017921396
0.0824474616434
0.084137881163
0.0861468746964
0.0884457927876
0.0910047741631
0.0937938069208
0.0967835509727
0.0999459235326
0.103254474953
0.106684594262
0.110213585906
0.113820655397
0.117486835066
0.121194873947
0.12492910936
0.128675332289
0.132420654508
0.136153382287
0.139862899364
0.143539560352
0.147174594845
0.150760021835
0.154288573785
0.157753629478
0.161149154747
0.164469650176
0.167710104934
0.170865955953
0.17393305176
0.176907620345
0.179786240519
0.182565816293
0.185243553885
0.187816940988
0.190283728017
0.192641911078
0.194889716439
0.197025586322
0.199048165861
0.200956291099
0.202748977894
0.204425411673
0.205984937908
0.207427053291
0.208751397519
0.209957745652
0.211046001
0.2120161885
0.212868448561
0.213603031334
0.214220291397
0.214720682835
0.215104754688
0.215373146754
0.215526585742
0.215565881756
0.215491925093
0.215305683362
0.215008198902
0.214600586498
0.214084031391
0.213459787566
0.212729176338
0.211893585207
0.210954466998
0.209913339283
0.208771784083
0.207531447862
0.206194041807
0.204761342409
0.203235192359
0.201617501755
0.199910249657
0.198115485981
0.196235333782
0.194271991928
0.192227738198
0.190104932854
0.187906022691
0.185633545651
0.183290136004
0.180878530196
0.178401573386
0.175862226774
0.173263575775
0.170608839139
0.167901379096
0.165144712653
0.16234252412
0.15949867902
0.156617239465
0.15370248117
0.150758912186
0.147791293498
0.144804661583
0.141804352994
0.138796031016
0.13578571435
0.132779807703
0.129785134031
0.126808968009
0.123859070054
0.120943719952
0.118071748737
0.115252567002
0.112496187258
0.109813237288
0.107214960744
0.104713200458
0.102320359297
0.100049332861
0.0979134082422
0.095926123467
0.0941010835378
0.0924517312834
0.0909910746798
0.0897313768717
0.0886838204709
0.0878581631909
0.0872624065656
0.0869025022967
