0.114461649262
0.114515236658
0.114675734915
0.114942356128
0.115313799947
0.115788272317
0.116363510776
0.117036815421
0.117805084533
0.118664853731
0.119612337514
0.120643472063
0.12175395825
0.122939303917
0.124194864617
0.125515882168
0.126897520521
0.12833489859
0.12982311985
0.131357298606
0.132932582947
0.134544174504
0.136187345156
0.137857450905
0.139549943158
0.14126037767
0.142984421399
0.144717857551
0.146456589034
0.14819664057
0.149934159667
0.151665416653
0.153386803936
0.155094834651
0.156786140824
0.158457471172
0.160105688639
0.161727767751
0.16332079187
0.164881950396
0.166408535978
0.167897941774
0.16934765878
0.170755273283
0.172118464428
0.17343500194
0.174702744003
0.175919635315
0.177083705307
0.178193066563
0.179245913416
0.180240520736
0.181175242915
0.182048513041
0.182858842264
0.183604819365
0.184285110508
0.184898459198
0.185443686424
0.185919690999
0.186325450105
0.186660020019
0.186922537047
0.187112218654
0.187228364792
0.187270359434
0.187237672307
0.187129860842
0.186946572326
0.186687546274
0.186352617018
0.185941716522
0.185454877426
0.184892236325
0.184254037287
0.183540635628
0.18275250193
0.181890226338
0.180954523121
0.179946235514
0.17886634086
0.177715956043
0.17649634324
0.175208915987
0.173855245581
0.172437067816
0.170956290066
0.169414998712
0.167815466926
0.166160162802
0.164451757814
0.162693135616
0.160887401112
0.159037889801
0.157148177304
0.155222089019
0.153263709794
0.151277393473
0.149267772161
0.147239764976
0.145198586027
0.143149751265
0.141099083825
0.139052717355
0.137017096754
0.134998975668
0.133005409949
0.131043746246
0.129121604768
0.127246855218
0.125427584895
0.12367205793
0.121988664778
0.120385861228
0.118872096488
0.117455730303
0.116144939591
0.114947615678
0.113871253978
0.112922838673
0.112108725736
0.111434528234
0.110905008361
0.110523980807
0.110294231971
0.110217459021
0.110294231971
0.110523980807
0.110905008361
0.111434528234
0.112108725736
0.112922838673
0.113871253978
0.114947615678
0.116144939591
0.117455730303
0.118872096488
0.120385861228
0.121988664778
0.12367205793
0.125427584895
0.127246855218
0.129121604768
0.131043746246
0.133005409949
0.134998975668
0.137017096754
0.139052717355
0.141099083825
0.143149751265
0.145198586027
0.147239764976
0.149267772161
0.151277393473
0.153263709794
0.155222089019
0.157148177304
0.159037889801
0.160887401112
0.162693135616
0.164451757814
0.166160162802
0.167815466926
0.169414998712
0.170956290066
0.172437067816
0.173855245581
0.175208915987
0.17649634324
0.177715956043
0.17886634086
0.179946235514
0.180954523121
0.181890226338
0.18275250193
0.183540635628
0.184254037287
0.184892236325
0.185454877426
0.185941716522
0.186352617018
0.186687546274
0.186946572326
0.187129860842
0.187237672307
0.187270359434
0.187228364792
0.187112218654
0.186922537047
0.186660020019
0.186325450105
0.185919690999
0.185443686424
0.184898459198
0.184285110508
0.183604819365
0.182858842264
0.182048513041
0.181175242915
0.180240520736
0.179245913416
0.178193066563
0.177083705307
0.175919635315
0.174702744003
0.17343500194
0.172118464428
0.170755273283
0.16934765878
0.167897941774
0.166408535978
0.164881950396
0.16332079187
0.161727767751
0.160105688639
0.158457471172
0.156786140824
0.155094834651
0.153386803936
0.151665416653
0.149934159667
0.14819664057
0.146456589034
0.144717857551
0.142984421399
0.14126037767
0.139549943158
0.137857450905
0.136187345156
0.134544174504
0.132932582947
0.131357298606
0.12982311985
0.12833489859
0.126897520521
0.125515882168
0.124194864617
0.122939303917
0.12175395825
0.120643472063
0.119612337514
0.118664853731
0.117805084533
0.117036815421
0.116363510776
0.115788272317
0.115313799947
0.114942356128
0.114675734915
0.114515236658
